25690112   (25689722 390 0 0) 1.0 (9056.0000000000 9048.0000000000) 8.000000 0.000121 9.2e-04 9.2e-04 (8720.0000000000 8728.0000000000) 1.3e-08 2.8e-06 1 0 0 0 0 1 0 fwd conv2d_harness_cpu_verifier_kyxc_nhwc_nhwk_f16_E2E_f16 (1 of 107)
802816     (802771 45 0 0) 1.0 (624.5000000000 625.0000000000) 0.500000 0.000026 9.5e-04 9.5e-04 (524.0000000000 524.5000000000) 4.5e-08 4.7e-06 0 1 1 0 1 0 1 bwd_data conv2d_host_validation_f16_bwd_CHECK_BWD_DATA1 (2 of 107)
4096       (4092 4 0 0) 1.0 (28496.0000000000 28480.0000000000) 16.000000 0.015625 5.7e-04 5.7e-04 (28176.0000000000 28160.0000000000) 5.5e-07 1.5e-05 0 1 1 0 1 0 1 bwd_weight conv2d_host_validation_f16_bwd_CHECK_BWD_WEIGHT1 (3 of 107)
147456     (147456 0 0 0) 0.0 (0.0000000000 0.0000000000) 0.000000 0.000000 0.0e+00 0.0e+00 (0.0000000000 0.0000000000) 0.0e+00 0.0e+00 0 1 1 0 1 0 1 bwd_weight conv2d_host_validation_f16_bwd_CHECK_ISSUE_127_10 (4 of 107)
294912     (294912 0 0 0) 0.0 (0.0000000000 0.0000000000) 0.000000 0.000000 0.0e+00 0.0e+00 (0.0000000000 0.0000000000) 0.0e+00 0.0e+00 0 1 1 0 1 0 1 bwd_weight conv2d_host_validation_f16_bwd_CHECK_ISSUE_127_15 (5 of 107)
589824     (589824 0 0 0) 0.0 (0.0000000000 0.0000000000) 0.000000 0.000000 0.0e+00 0.0e+00 (0.0000000000 0.0000000000) 0.0e+00 0.0e+00 0 1 1 0 1 0 1 bwd_weight conv2d_host_validation_f16_bwd_CHECK_ISSUE_127_16 (6 of 107)
1179648    (1178919 729 0 0) 1.0 (41216.0000000000 41184.0000000000) 32.000000 0.019775 7.9e-04 7.9e-04 (40480.0000000000 40448.0000000000) 4.3e-07 1.4e-05 0 1 1 0 1 0 1 bwd_weight conv2d_host_validation_f16_bwd_CHECK_ISSUE_127_17 (7 of 107)
147456     (147456 0 0 0) 0.0 (0.0000000000 0.0000000000) 0.000000 0.000000 0.0e+00 0.0e+00 (0.0000000000 0.0000000000) 0.0e+00 0.0e+00 0 1 1 0 1 0 1 bwd_weight conv2d_host_validation_f16_bwd_CHECK_ISSUE_127_18 (8 of 107)
2097152    (2095910 1242 0 0) 1.0 (28064.0000000000 28048.0000000000) 16.000000 0.009476 5.9e-04 5.9e-04 (27184.0000000000 27168.0000000000) 3.4e-07 1.3e-05 0 1 1 0 1 0 1 bwd_weight conv2d_host_validation_f16_bwd_CHECK_ISSUE_127_6 (9 of 107)
262144     (262144 0 0 0) 0.0 (0.0000000000 0.0000000000) 0.000000 0.000000 0.0e+00 0.0e+00 (0.0000000000 0.0000000000) 0.0e+00 0.0e+00 0 1 1 0 1 0 1 bwd_weight conv2d_host_validation_f16_bwd_CHECK_ISSUE_127_7 (10 of 107)
147456     (147456 0 0 0) 0.0 (0.0000000000 0.0000000000) 0.000000 0.000000 0.0e+00 0.0e+00 (0.0000000000 0.0000000000) 0.0e+00 0.0e+00 0 1 1 0 1 0 1 bwd_weight conv2d_host_validation_f16_bwd_CHECK_ISSUE_127_8 (11 of 107)
147456     (147456 0 0 0) 0.0 (0.0000000000 0.0000000000) 0.000000 0.000000 0.0e+00 0.0e+00 (0.0000000000 0.0000000000) 0.0e+00 0.0e+00 0 1 1 0 1 0 1 bwd_weight conv2d_host_validation_f16_bwd_CHECK_ISSUE_127_9 (12 of 107)
1024       (1024 0 0 0) 0.0 (0.0000000000 0.0000000000) 0.000000 0.000000 0.0e+00 0.0e+00 (0.0000000000 0.0000000000) 0.0e+00 0.0e+00 0 1 1 0 1 0 1 bwd_weight conv2d_host_validation_f16_bwd_CHECK_ISSUE_70_1 (13 of 107)
65536      (65536 0 0 0) 0.0 (0.0000000000 0.0000000000) 0.000000 0.000000 0.0e+00 0.0e+00 (0.0000000000 0.0000000000) 0.0e+00 0.0e+00 0 1 1 0 1 0 1 bwd_weight conv2d_host_validation_f16_bwd_CHECK_ISSUE_70_2 (14 of 107)
4096       (4096 0 0 0) 0.0 (0.0000000000 0.0000000000) 0.000000 0.000000 0.0e+00 0.0e+00 (0.0000000000 0.0000000000) 0.0e+00 0.0e+00 0 1 1 0 1 0 1 bwd_weight conv2d_host_validation_f16_bwd_CHECK_ISSUE_70_3 (15 of 107)
1024       (1022 2 0 0) 1.0 (13880.0000000000 13888.0000000000) 8.000000 0.015625 5.8e-04 5.8e-04 (13880.0000000000 13888.0000000000) 1.1e-06 2.1e-05 0 1 1 0 1 0 1 bwd_weight conv2d_host_validation_f16_bwd_CHECK_ISSUE_71_1 (16 of 107)
1024       (1024 0 0 0) 0.0 (0.0000000000 0.0000000000) 0.000000 0.000000 0.0e+00 0.0e+00 (0.0000000000 0.0000000000) 0.0e+00 0.0e+00 0 1 1 0 1 0 1 bwd_weight conv2d_host_validation_f16_bwd_CHECK_ISSUE_71_2 (17 of 107)
1024       (1024 0 0 0) 0.0 (0.0000000000 0.0000000000) 0.000000 0.000000 0.0e+00 0.0e+00 (0.0000000000 0.0000000000) 0.0e+00 0.0e+00 0 1 1 0 1 0 1 bwd_weight conv2d_host_validation_f16_bwd_CHECK_ISSUE_71_3 (18 of 107)
1024       (1024 0 0 0) 0.0 (0.0000000000 0.0000000000) 0.000000 0.000000 0.0e+00 0.0e+00 (0.0000000000 0.0000000000) 0.0e+00 0.0e+00 0 1 1 0 1 0 1 bwd_weight conv2d_host_validation_f16_bwd_CHECK_ISSUE_71_4 (19 of 107)
12845056   (12844875 181 0 0) 1.0 (2520.0000000000 2518.0000000000) 2.000000 0.000026 8.5e-04 8.5e-04 (2362.0000000000 2364.0000000000) 1.0e-08 2.3e-06 0 0 0 0 0 1 0 fwd conv2d_host_validation_f16_CHECK_RESNET101_NCHW_CONFIG1_FWD_f16 (20 of 107)
12845056   (12844891 165 0 0) 1.0 (2594.0000000000 2592.0000000000) 2.000000 0.000021 8.9e-04 8.9e-04 (1123.0000000000 1122.0000000000) 9.2e-09 2.1e-06 0 0 0 0 0 1 0 fwd conv2d_host_validation_f16_CHECK_RESNET101_NCHW_CONFIG2_FWD_f16 (21 of 107)
25690112   (25687393 2719 0 0) 1.0 (2376.0000000000 2378.0000000000) 2.000000 0.000212 9.6e-04 9.6e-04 (2076.0000000000 2074.0000000000) 9.2e-08 7.7e-06 0 0 0 0 0 1 0 bwd_data conv2d_host_validation_f16_CHECK_RESNET101_NCHW_CONFIG8_BWD_f16 (22 of 107)
102760448  (102758914 1534 0 0) 1.0 (581.0000000000 581.5000000000) 0.500000 0.000007 9.8e-04 9.8e-04 (512.5000000000 513.0000000000) 1.2e-08 2.3e-06 0 0 0 0 0 1 0 fwd conv2d_host_validation_f16_CHECK_RESNET101_NCHW_CONFIG8_FWD_f16 (23 of 107)
16384      (16384 0 0 0) 0.0 (0.0000000000 0.0000000000) 0.000000 0.000000 0.0e+00 0.0e+00 (0.0000000000 0.0000000000) 0.0e+00 0.0e+00 0 0 0 0 0 1 0 bwd_weight conv2d_host_validation_f16_CHECK_RESNET101_NCHW_CONFIG8_WRW_f16 (24 of 107)
12845056   (12842560 2496 0 0) 1.0 (1684.0000000000 1685.0000000000) 2.000000 0.000335 9.5e-04 9.5e-04 (1056.0000000000 1057.0000000000) 1.4e-07 8.1e-06 0 0 0 0 0 1 0 fwd conv2d_host_validation_f16_CHECK_RESNET101_NHWC_CONFIG1_FWD_f16 (25 of 107)
12845056   (12842526 2530 0 0) 1.0 (1793.0000000000 1794.0000000000) 2.000000 0.000294 9.7e-04 9.7e-04 (1031.0000000000 1032.0000000000) 1.4e-07 7.3e-06 0 0 0 0 0 1 0 fwd conv2d_host_validation_f16_CHECK_RESNET101_NHWC_CONFIG2_FWD_f16 (26 of 107)
25690112   (25687258 2854 0 0) 1.0 (2300.0000000000 2298.0000000000) 2.000000 0.000222 9.7e-04 9.7e-04 (2070.0000000000 2068.0000000000) 9.7e-08 7.8e-06 0 0 0 0 0 1 0 bwd_data conv2d_host_validation_f16_CHECK_RESNET101_NHWC_CONFIG8_BWD_f16 (27 of 107)
102760448  (102758990 1458 0 0) 1.0 (533.5000000000 533.0000000000) 0.500000 0.000007 9.8e-04 9.8e-04 (512.0000000000 512.5000000000) 1.2e-08 2.1e-06 0 0 0 0 0 1 0 fwd conv2d_host_validation_f16_CHECK_RESNET101_NHWC_CONFIG8_FWD_f16 (28 of 107)
16384      (16384 0 0 0) 0.0 (0.0000000000 0.0000000000) 0.000000 0.000000 0.0e+00 0.0e+00 (0.0000000000 0.0000000000) 0.0e+00 0.0e+00 0 0 0 0 0 1 0 bwd_weight conv2d_host_validation_f16_CHECK_RESNET101_NHWC_CONFIG8_WRW_f16 (29 of 107)
4194304    (4194303 1 0 0) 1.0 (30.6562500000 30.6406250000) 0.015625 0.000000 5.1e-04 5.1e-04 (30.6562500000 30.6406250000) 1.2e-10 8.6e-08 0 1 1 0 1 0 1 fwd conv2d_host_validation_f16_fwd_CHECK_FILTER1_f16 (30 of 107)
4194304    (4194304 0 0 0) 0.0 (0.0000000000 0.0000000000) 0.000000 0.000000 0.0e+00 0.0e+00 (0.0000000000 0.0000000000) 0.0e+00 0.0e+00 0 1 1 0 1 0 1 fwd conv2d_host_validation_f16_fwd_CHECK_FILTER2_f16 (31 of 107)
16777216   (16777141 75 0 0) 1.0 (86.5625000000 86.6250000000) 0.062500 0.000000 9.7e-04 9.7e-04 (64.3125000000 64.3750000000) 3.2e-09 7.8e-07 0 1 1 0 1 0 1 fwd conv2d_host_validation_f16_fwd_CHECK_ISSUE_114_1_f16 (32 of 107)
16777216   (16777141 75 0 0) 1.0 (86.5625000000 86.6250000000) 0.062500 0.000000 9.7e-04 9.7e-04 (64.3125000000 64.3750000000) 3.2e-09 7.8e-07 0 1 1 0 1 0 1 fwd conv2d_host_validation_f16_fwd_CHECK_ISSUE_114_2_f16 (33 of 107)
4194304    (4194279 25 0 0) 1.0 (66.4375000000 66.5000000000) 0.062500 0.000000 9.6e-04 9.6e-04 (65.4375000000 65.3750000000) 4.2e-09 9.0e-07 0 1 1 0 1 0 1 fwd conv2d_host_validation_f16_fwd_CHECK_ISSUE_114_3_f16 (34 of 107)
4194304    (4194279 25 0 0) 1.0 (66.4375000000 66.5000000000) 0.062500 0.000000 9.6e-04 9.6e-04 (65.4375000000 65.3750000000) 4.2e-09 9.0e-07 0 1 1 0 1 0 1 fwd conv2d_host_validation_f16_fwd_CHECK_ISSUE_114_4_f16 (35 of 107)
16777216   (16777152 64 0 0) 1.0 (72.6875000000 72.6250000000) 0.062500 0.000000 9.7e-04 9.7e-04 (64.4375000000 64.5000000000) 2.8e-09 7.5e-07 0 1 1 0 1 0 1 fwd conv2d_host_validation_f16_fwd_CHECK_ISSUE_114_5_f16 (36 of 107)
16777216   (16777152 64 0 0) 1.0 (72.6875000000 72.6250000000) 0.062500 0.000000 9.7e-04 9.7e-04 (64.4375000000 64.5000000000) 2.8e-09 7.5e-07 0 1 1 0 1 0 1 fwd conv2d_host_validation_f16_fwd_CHECK_ISSUE_114_6_f16 (37 of 107)
4194304    (4194289 15 0 0) 1.0 (59.5625000000 59.5937500000) 0.062500 0.000000 9.6e-04 9.6e-04 (65.0625000000 65.0000000000) 2.6e-09 7.2e-07 0 1 1 0 1 0 1 fwd conv2d_host_validation_f16_fwd_CHECK_ISSUE_114_7_f16 (38 of 107)
4194304    (4194289 15 0 0) 1.0 (59.5625000000 59.5937500000) 0.062500 0.000000 9.6e-04 9.6e-04 (65.0625000000 65.0000000000) 2.6e-09 7.2e-07 0 1 1 0 1 0 1 fwd conv2d_host_validation_f16_fwd_CHECK_ISSUE_114_8_f16 (39 of 107)
12845056   (12838206 6850 0 0) 1.0 (14024.0000000000 14032.0000000000) 16.000000 0.007892 9.3e-04 9.3e-04 (8576.0000000000 8584.0000000000) 4.0e-07 1.5e-05 0 1 1 0 1 0 1 fwd conv2d_host_validation_f16_fwd_CHECK_ISSUE_127_11_f16 (40 of 107)
12845056   (12837981 7075 0 0) 1.0 (13888.0000000000 13896.0000000000) 16.000000 0.007578 9.1e-04 9.1e-04 (8832.0000000000 8840.0000000000) 4.0e-07 1.5e-05 0 1 1 0 1 0 1 fwd conv2d_host_validation_f16_fwd_CHECK_ISSUE_127_12_f16 (41 of 107)
12845056   (12837962 7094 0 0) 1.0 (13624.0000000000 13616.0000000000) 16.000000 0.006616 9.3e-04 9.3e-04 (8640.0000000000 8648.0000000000) 3.8e-07 1.3e-05 0 1 1 0 1 0 1 fwd conv2d_host_validation_f16_fwd_CHECK_ISSUE_127_13_f16 (42 of 107)
12845056   (12838166 6890 0 0) 1.0 (13488.0000000000 13496.0000000000) 16.000000 0.008242 8.8e-04 8.8e-04 (9128.0000000000 9136.0000000000) 4.1e-07 1.6e-05 0 1 1 0 1 0 1 fwd conv2d_host_validation_f16_fwd_CHECK_ISSUE_127_14_f16 (43 of 107)
12845056   (12838053 7003 0 0) 1.0 (20864.0000000000 20880.0000000000) 16.000000 0.008723 8.1e-04 8.1e-04 (19840.0000000000 19856.0000000000) 4.2e-07 1.7e-05 0 1 1 0 1 0 1 fwd conv2d_host_validation_f16_fwd_CHECK_ISSUE_127_1_f16 (44 of 107)
6422528    (6417577 4951 0 0) 1.0 (41152.0000000000 41184.0000000000) 32.000000 0.024668 8.0e-04 8.0e-04 (40096.0000000000 40128.0000000000) 6.0e-07 2.0e-05 0 1 1 0 1 0 1 fwd conv2d_host_validation_f16_fwd_CHECK_ISSUE_127_2_f16 (45 of 107)
25690112   (25689631 481 0 0) 1.0 (10456.0000000000 10448.0000000000) 8.000000 0.000150 8.1e-04 8.1e-04 (9856.0000000000 9848.0000000000) 1.4e-08 3.1e-06 0 1 1 0 1 0 1 fwd conv2d_host_validation_f16_fwd_CHECK_ISSUE_127_3_f16 (46 of 107)
12845056   (12844836 220 0 0) 1.0 (20576.0000000000 20592.0000000000) 16.000000 0.000274 7.9e-04 7.9e-04 (20144.0000000000 20128.0000000000) 1.3e-08 3.0e-06 0 1 1 0 1 0 1 fwd conv2d_host_validation_f16_fwd_CHECK_ISSUE_127_4_f16 (47 of 107)
12845056   (12844857 199 0 0) 1.0 (20800.0000000000 20784.0000000000) 16.000000 0.000230 8.0e-04 8.0e-04 (19936.0000000000 19920.0000000000) 1.2e-08 2.7e-06 0 1 1 0 1 0 1 fwd conv2d_host_validation_f16_fwd_CHECK_ISSUE_127_5_f16 (48 of 107)
7372800    (7372087 713 0 0) 1.0 (704.5000000000 705.0000000000) 0.500000 0.000048 9.3e-04 9.3e-04 (540.0000000000 540.5000000000) 7.4e-08 5.6e-06 0 1 1 0 1 0 1 fwd conv2d_host_validation_f16_fwd_CHECK_ISSUE_40_1_f16 (49 of 107)
3440640    (3440160 480 0 0) 1.0 (1308.0000000000 1309.0000000000) 1.000000 0.000140 8.8e-04 8.8e-04 (1138.0000000000 1139.0000000000) 1.1e-07 7.3e-06 0 1 1 0 1 0 1 fwd conv2d_host_validation_f16_fwd_CHECK_ISSUE_40_2_f16 (50 of 107)
6422528    (6420680 1848 0 0) 1.0 (3796.0000000000 3798.0000000000) 2.000000 0.000575 6.1e-04 6.1e-04 (3282.0000000000 3280.0000000000) 1.6e-07 8.3e-06 0 1 1 0 1 0 1 fwd conv2d_host_validation_f16_fwd_CHECK_ISSUE_40_3_f16 (51 of 107)
14745600   (14742746 2854 0 0) 1.0 (1453.0000000000 1454.0000000000) 1.000000 0.000194 9.2e-04 9.2e-04 (1085.0000000000 1084.0000000000) 1.1e-07 6.5e-06 0 1 1 0 1 0 1 fwd conv2d_host_validation_f16_fwd_CHECK_ISSUE_40_4_f16 (52 of 107)
6881280    (6880526 754 0 0) 1.0 (1129.0000000000 1130.0000000000) 1.000000 0.000095 9.8e-04 9.8e-04 (1025.0000000000 1024.0000000000) 8.8e-08 7.0e-06 0 1 0 0 0 0 1 fwd conv2d_host_validation_f16_fwd_CHECK_ISSUE_40_5_f16 (53 of 107)
1048576    (1048358 218 0 0) 1.0 (1744.0000000000 1745.0000000000) 1.000000 0.000208 6.3e-04 6.3e-04 (1595.0000000000 1596.0000000000) 1.2e-07 6.8e-06 0 1 1 0 1 0 1 fwd conv2d_host_validation_f16_fwd_CHECK_ISSUE_41_10_f16 (54 of 107)
12845056   (12843896 1160 0 0) 1.0 (695.5000000000 696.0000000000) 0.500000 0.000045 9.5e-04 9.5e-04 (528.5000000000 529.0000000000) 7.0e-08 5.4e-06 0 1 1 0 1 0 1 fwd conv2d_host_validation_f16_fwd_CHECK_ISSUE_41_11_f16 (55 of 107)
9437184    (9435280 1904 0 0) 1.0 (1744.0000000000 1745.0000000000) 1.000000 0.000202 6.3e-04 6.3e-04 (1584.0000000000 1585.0000000000) 1.1e-07 6.6e-06 0 1 1 0 1 0 1 fwd conv2d_host_validation_f16_fwd_CHECK_ISSUE_41_12_f16 (56 of 107)
921600     (921499 101 0 0) 1.0 (704.5000000000 705.0000000000) 0.500000 0.000055 8.9e-04 8.9e-04 (562.0000000000 561.5000000000) 8.4e-08 6.2e-06 0 1 1 0 1 0 1 fwd conv2d_host_validation_f16_fwd_CHECK_ISSUE_41_2_f16 (57 of 107)
1605632    (1605459 173 0 0) 1.0 (659.0000000000 658.5000000000) 0.500000 0.000054 9.1e-04 9.1e-04 (550.5000000000 551.0000000000) 8.3e-08 6.1e-06 0 1 1 0 1 0 1 fwd conv2d_host_validation_f16_fwd_CHECK_ISSUE_41_3_f16 (58 of 107)
200704     (200678 26 0 0) 1.0 (659.0000000000 658.5000000000) 0.500000 0.000065 9.1e-04 9.1e-04 (550.5000000000 551.0000000000) 1.0e-07 6.8e-06 0 1 1 0 1 0 1 fwd conv2d_host_validation_f16_fwd_CHECK_ISSUE_41_4_f16 (59 of 107)
1605632    (1605430 202 0 0) 1.0 (1308.0000000000 1309.0000000000) 1.000000 0.000126 8.6e-04 8.6e-04 (1162.0000000000 1163.0000000000) 9.8e-08 7.0e-06 0 1 1 0 1 0 1 fwd conv2d_host_validation_f16_fwd_CHECK_ISSUE_41_5_f16 (60 of 107)
802816     (802723 93 0 0) 1.0 (659.0000000000 658.5000000000) 0.500000 0.000058 9.1e-04 9.1e-04 (550.5000000000 551.0000000000) 8.9e-08 6.3e-06 0 1 1 0 1 0 1 fwd conv2d_host_validation_f16_fwd_CHECK_ISSUE_41_6_f16 (61 of 107)
4194304    (4193899 405 0 0) 1.0 (604.0000000000 604.5000000000) 0.500000 0.000042 9.4e-04 9.4e-04 (532.0000000000 532.5000000000) 7.0e-08 5.1e-06 0 1 1 0 1 0 1 fwd conv2d_host_validation_f16_fwd_CHECK_ISSUE_41_7_f16 (62 of 107)
3211264    (3210658 606 0 0) 1.0 (1843.0000000000 1844.0000000000) 1.000000 0.000189 9.5e-04 9.5e-04 (1052.0000000000 1053.0000000000) 1.1e-07 6.4e-06 0 1 1 0 1 0 1 fwd conv2d_host_validation_f16_fwd_CHECK_ISSUE_41_8_f16 (63 of 107)
2359296    (2359062 234 0 0) 1.0 (707.0000000000 706.5000000000) 0.500000 0.000050 9.3e-04 9.3e-04 (540.0000000000 540.5000000000) 7.7e-08 5.9e-06 0 1 1 0 1 0 1 fwd conv2d_host_validation_f16_fwd_CHECK_ISSUE_41_9_f16 (64 of 107)
25690112   (25689702 410 0 0) 1.0 (9328.0000000000 9336.0000000000) 8.000000 0.000128 9.2e-04 9.2e-04 (8696.0000000000 8704.0000000000) 1.4e-08 3.2e-06 0 1 1 0 1 0 1 fwd conv2d_host_validation_f16_fwd_CHECK_KCYX_NCHW_NKHW1_f16 (65 of 107)
3686400    (3686346 54 0 0) 1.0 (334.2500000000 334.0000000000) 0.250000 0.000004 9.3e-04 9.3e-04 (270.0000000000 269.7500000000) 1.1e-08 1.9e-06 0 1 1 0 1 0 1 fwd conv2d_host_validation_f16_fwd_CHECK_KCYX_NCHW_NKHW2_f16 (66 of 107)
409600     (409595 5 0 0) 1.0 (340.7500000000 341.0000000000) 0.250000 0.000003 9.5e-04 9.5e-04 (264.0000000000 263.7500000000) 9.2e-09 1.7e-06 0 1 1 0 1 0 1 fwd conv2d_host_validation_f16_fwd_CHECK_KCYX_NCHW_NKHW3_f16 (67 of 107)
147456     (147452 4 0 0) 1.0 (352.7500000000 353.0000000000) 0.250000 0.000007 8.5e-04 8.5e-04 (293.7500000000 293.5000000000) 2.1e-08 2.7e-06 0 1 1 0 1 0 1 fwd conv2d_host_validation_f16_fwd_CHECK_KCYX_NCHW_NKHW4_f16 (68 of 107)
102400     (102398 2 0 0) 1.0 (340.7500000000 341.0000000000) 0.250000 0.000005 7.4e-04 7.4e-04 (339.2500000000 339.5000000000) 1.4e-08 2.4e-06 0 1 1 0 1 0 1 fwd conv2d_host_validation_f16_fwd_CHECK_KCYX_NCHW_NKHW5_f16 (69 of 107)
15745024   (15744813 211 0 0) 1.0 (298.7500000000 299.0000000000) 0.250000 0.000003 9.8e-04 9.8e-04 (256.0000000000 256.2500000000) 1.1e-08 1.9e-06 0 1 1 0 1 0 1 fwd conv2d_host_validation_f16_fwd_CHECK_KCYX_NCHW_NKHW6_f16 (70 of 107)
13778944   (13778734 210 0 0) 1.0 (1166.0000000000 1165.0000000000) 1.000000 0.000015 9.7e-04 9.7e-04 (1034.0000000000 1033.0000000000) 1.3e-08 2.7e-06 0 1 1 0 1 0 1 fwd conv2d_host_validation_f16_fwd_CHECK_KCYX_NCHW_NKHW7_f16 (71 of 107)
25690112   (25689722 390 0 0) 1.0 (9056.0000000000 9048.0000000000) 8.000000 0.000121 9.2e-04 9.2e-04 (8720.0000000000 8728.0000000000) 1.3e-08 2.8e-06 0 1 1 0 1 0 1 fwd conv2d_host_validation_f16_fwd_CHECK_KYXC_NHWC_NHWK1_f16 (72 of 107)
3686400    (3686176 224 0 0) 1.0 (311.7500000000 312.0000000000) 0.250000 0.000015 9.5e-04 9.5e-04 (262.0000000000 262.2500000000) 4.7e-08 3.9e-06 0 1 1 0 1 0 1 fwd conv2d_host_validation_f16_fwd_CHECK_KYXC_NHWC_NHWK2_f16 (73 of 107)
409600     (409576 24 0 0) 1.0 (281.0000000000 280.7500000000) 0.250000 0.000015 9.3e-04 9.3e-04 (269.2500000000 269.0000000000) 4.6e-08 3.8e-06 0 1 1 0 1 0 1 fwd conv2d_host_validation_f16_fwd_CHECK_KYXC_NHWC_NHWK3_f16 (74 of 107)
147456     (147449 7 0 0) 1.0 (320.2500000000 320.0000000000) 0.250000 0.000012 8.9e-04 8.9e-04 (280.5000000000 280.7500000000) 3.5e-08 3.6e-06 0 1 1 0 1 0 1 fwd conv2d_host_validation_f16_fwd_CHECK_KYXC_NHWC_NHWK4_f16 (75 of 107)
102400     (102393 7 0 0) 1.0 (317.2500000000 317.0000000000) 0.250000 0.000017 8.6e-04 8.6e-04 (291.0000000000 290.7500000000) 5.1e-08 4.3e-06 0 1 1 0 1 0 1 fwd conv2d_host_validation_f16_fwd_CHECK_KYXC_NHWC_NHWK5_f16 (76 of 107)
15745024   (15744173 851 0 0) 1.0 (211.2500000000 211.1250000000) 0.250000 0.000012 9.8e-04 9.8e-04 (256.2500000000 256.5000000000) 4.2e-08 3.8e-06 0 1 1 0 1 0 1 fwd conv2d_host_validation_f16_fwd_CHECK_KYXC_NHWC_NHWK6_f16 (77 of 107)
13778944   (13777496 1448 0 0) 1.0 (1122.0000000000 1123.0000000000) 1.000000 0.000104 9.8e-04 9.8e-04 (1025.0000000000 1026.0000000000) 9.1e-08 7.0e-06 0 1 1 0 1 0 1 fwd conv2d_host_validation_f16_fwd_CHECK_KYXC_NHWC_NHWK7_f16 (78 of 107)
802816     (802803 13 0 0) 1.0 (352.7500000000 353.0000000000) 0.250000 0.000003 8.7e-04 8.7e-04 (288.5000000000 288.2500000000) 1.1e-08 1.8e-06 0 1 1 0 1 0 1 fwd conv2d_host_validation_f16_fwd_CHECK_PADDING1_f16 (79 of 107)
802816     (802773 43 0 0) 1.0 (320.2500000000 320.0000000000) 0.250000 0.000011 9.2e-04 9.2e-04 (136.5000000000 136.6250000000) 3.9e-08 3.2e-06 0 1 1 0 1 0 1 fwd conv2d_host_validation_f16_fwd_CHECK_PADDING2_f16 (80 of 107)
2048       (2048 0 0 0) 0.0 (0.0000000000 0.0000000000) 0.000000 0.000000 0.0e+00 0.0e+00 (0.0000000000 0.0000000000) 0.0e+00 0.0e+00 0 1 1 0 1 0 1 fwd conv2d_host_validation_f16_fwd_CHECK_PADDING3_f16 (81 of 107)
205520896  (205517945 2951 0 0) 1.0 (581.0000000000 581.5000000000) 0.500000 0.000007 9.8e-04 9.8e-04 (512.0000000000 512.5000000000) 1.2e-08 2.2e-06 0 1 0 0 1 0 1 fwd conv2d_host_validation_f32_fwd_GROUP_NCHW_f16 (82 of 107)
51380224   (51379463 761 0 0) 1.0 (581.0000000000 581.5000000000) 0.500000 0.000007 9.8e-04 9.8e-04 (512.5000000000 512.0000000000) 1.2e-08 2.3e-06 1 0 0 0 0 1 0 fwd conv2d_host_validation_random_CHECK_KCYX_NCHW_NKHW_5_f16 (83 of 107)
51380224   (51379463 761 0 0) 1.0 (581.0000000000 581.5000000000) 0.500000 0.000007 9.8e-04 9.8e-04 (512.5000000000 512.0000000000) 1.2e-08 2.3e-06 1 0 0 0 0 1 0 fwd conv2d_host_validation_random_CHECK_KCYX_NCHW_NKHW_6_f16 (84 of 107)
47775744   (47774951 793 0 0) 1.0 (5192.0000000000 5188.0000000000) 4.000000 0.000066 8.3e-04 8.3e-04 (4840.0000000000 4836.0000000000) 1.3e-08 2.8e-06 1 0 0 0 0 1 0 fwd conv2d_host_validation_random_CHECK_KCYX_NCHW_NKHW_7_f16 (85 of 107)
51380224   (51379398 826 0 0) 1.0 (5192.0000000000 5188.0000000000) 4.000000 0.000063 8.3e-04 8.3e-04 (4840.0000000000 4836.0000000000) 1.2e-08 2.7e-06 1 0 0 0 0 1 0 fwd conv2d_host_validation_random_CHECK_KCYX_NCHW_NKHW_8_f16 (86 of 107)
16777216   (16777141 75 0 0) 1.0 (86.5625000000 86.6250000000) 0.062500 0.000000 9.7e-04 9.7e-04 (64.3125000000 64.3750000000) 3.2e-09 7.8e-07 1 0 0 0 0 1 0 fwd conv2d_host_validation_random_CHECK_KYXC_NHWC_NHWK_4_f16 (87 of 107)
16777216   (16777141 75 0 0) 1.0 (86.5625000000 86.6250000000) 0.062500 0.000000 9.7e-04 9.7e-04 (64.3125000000 64.3750000000) 3.2e-09 7.8e-07 1 0 0 0 0 1 0 fwd conv2d_host_validation_random_CHECK_KYXC_NHWC_NHWK_5_f16 (88 of 107)
25690112   (25689702 410 0 0) 1.0 (9328.0000000000 9336.0000000000) 8.000000 0.000128 9.2e-04 9.2e-04 (8696.0000000000 8704.0000000000) 1.4e-08 3.2e-06 1 0 1 0 0 1 0 fwd conv2d_host_validation_random_CHECK_RAND_FLOAT_2_f16 (89 of 107)
205520896  (205517874 3022 0 0) 1.0 (634.0000000000 633.5000000000) 0.500000 0.000007 9.8e-04 9.8e-04 (512.0000000000 512.5000000000) 1.2e-08 2.2e-06 1 0 0 0 0 1 0 fwd conv2d_host_validation_random_GROUP_NHWC_f16 (90 of 107)
30720      (30720 0 0 0) 0.0 (0.0000000000 0.0000000000) 0.000000 0.000000 0.0e+00 0.0e+00 (0.0000000000 0.0000000000) 0.0e+00 0.0e+00 0 1 0 0 1 0 1 fwd padding_kernel_all_fwd_CHECK_RESNET50_CONFIG2_f16 (91 of 107)
30720      (30717 3 0 0) 1.0 (1193.0000000000 1192.0000000000) 1.000000 0.000081 8.4e-04 8.4e-04 (1193.0000000000 1192.0000000000) 7.0e-08 5.6e-06 0 1 0 0 1 0 1 fwd padding_kernel_all_fwd_CHECK_RESNET50_CONFIG4_f16 (92 of 107)
882        (882 0 0 0) 0.0 (0.0000000000 0.0000000000) 0.000000 0.000000 0.0e+00 0.0e+00 (0.0000000000 0.0000000000) 0.0e+00 0.0e+00 0 1 0 0 1 0 1 bwd_weight padding_kernel_all_wrw_CHECK_RESNET50_CONFIG2_f16 (93 of 107)
882        (881 1 0 0) 1.0 (40288.0000000000 40320.0000000000) 32.000000 0.036281 7.9e-04 7.9e-04 (40288.0000000000 40320.0000000000) 9.0e-07 2.3e-05 0 1 0 0 1 0 1 bwd_weight padding_kernel_all_wrw_CHECK_RESNET50_CONFIG4_f16 (94 of 107)
205520896  (205517421 3475 0 0) 1.0 (1222.0000000000 1223.0000000000) 1.000000 0.000017 9.7e-04 9.7e-04 (1031.0000000000 1030.0000000000) 1.3e-08 2.5e-06 0 1 1 0 1 0 1 fwd padding_kernel_gemmK_CHECK_RESNET50_F16_CONFIG1 (95 of 107)
205520896  (205517405 3491 0 0) 1.0 (1229.0000000000 1230.0000000000) 1.000000 0.000017 9.2e-04 9.2e-04 (1087.0000000000 1086.0000000000) 1.3e-08 2.5e-06 0 1 1 0 1 0 1 fwd padding_kernel_gemmK_CHECK_RESNET50_F16_CONFIG2 (96 of 107)
205520896  (205492699 28197 0 0) 1.0 (1315.0000000000 1316.0000000000) 1.000000 0.000137 9.1e-04 9.1e-04 (1095.0000000000 1096.0000000000) 1.0e-07 7.1e-06 0 1 1 0 1 0 1 fwd padding_kernel_gemmK_CHECK_RESNET50_F16_CONFIG4 (97 of 107)
9408       (9408 0 0 0) 0.0 (0.0000000000 0.0000000000) 0.000000 0.000000 0.0e+00 0.0e+00 (0.0000000000 0.0000000000) 0.0e+00 0.0e+00 0 1 1 0 1 0 1 bwd_weight padding_kernel_gemmN_CHECK_RESNET50_CONFIG2 (98 of 107)
9408       (9408 0 0 0) 0.0 (0.0000000000 0.0000000000) 0.000000 0.000000 0.0e+00 0.0e+00 (0.0000000000 0.0000000000) 0.0e+00 0.0e+00 0 1 1 0 1 0 1 bwd_weight padding_kernel_gemmN_CHECK_RESNET50_CONFIG4 (99 of 107)
6422528    (6422438 90 0 0) 1.0 (10328.0000000000 10320.0000000000) 8.000000 0.000109 7.9e-04 7.9e-04 (10120.0000000000 10128.0000000000) 1.1e-08 2.6e-06 0 0 0 0 1 0 1 fwd Resnet50_validation_nchw_CHECK_NCHW_1_f16 (100 of 107)
25690112   (25689725 387 0 0) 1.0 (1179.0000000000 1180.0000000000) 1.000000 0.000015 9.7e-04 9.7e-04 (1027.0000000000 1026.0000000000) 1.3e-08 2.6e-06 0 0 0 0 1 0 1 fwd Resnet50_validation_nchw_CHECK_NCHW_2_f16 (101 of 107)
147456     (147456 0 0 0) 0.0 (0.0000000000 0.0000000000) 0.000000 0.000000 0.0e+00 0.0e+00 (0.0000000000 0.0000000000) 0.0e+00 0.0e+00 0 0 0 0 1 0 1 bwd_weight Resnet50_validation_nchw_CHECK_NCHW_3_f16 (102 of 107)
65536      (65536 0 0 0) 0.0 (0.0000000000 0.0000000000) 0.000000 0.000000 0.0e+00 0.0e+00 (0.0000000000 0.0000000000) 0.0e+00 0.0e+00 0 0 0 0 1 0 1 bwd_weight Resnet50_validation_nchw_CHECK_NCHW_4_f16 (103 of 107)
6422528    (6420095 2433 0 0) 1.0 (6836.0000000000 6840.0000000000) 8.000000 0.002796 8.9e-04 8.9e-04 (4496.0000000000 4492.0000000000) 2.8e-07 1.3e-05 0 0 0 0 1 0 1 fwd Resnet50_validation_nhwc_CHECK_NHWC_1_f16 (104 of 107)
25690112   (25689684 428 0 0) 1.0 (1184.0000000000 1185.0000000000) 1.000000 0.000016 9.7e-04 9.7e-04 (1027.0000000000 1028.0000000000) 1.4e-08 2.6e-06 0 0 0 0 1 0 1 fwd Resnet50_validation_nhwc_CHECK_NHWC_2_f16 (105 of 107)
147456     (147456 0 0 0) 0.0 (0.0000000000 0.0000000000) 0.000000 0.000000 0.0e+00 0.0e+00 (0.0000000000 0.0000000000) 0.0e+00 0.0e+00 0 0 0 0 1 0 1 bwd_weight Resnet50_validation_nhwc_CHECK_NHWC_3_f16 (106 of 107)
65536      (65536 0 0 0) 0.0 (0.0000000000 0.0000000000) 0.000000 0.000000 0.0e+00 0.0e+00 (0.0000000000 0.0000000000) 0.0e+00 0.0e+00 0 0 0 0 1 0 1 bwd_weight Resnet50_validation_nhwc_CHECK_NHWC_4_f16 (107 of 107)
