25690112   (25661300 26758 2054 0) 4032.0 (0.0002708435 0.0000305176) 2.000000 0.000132 1.3e+01 2.0e-01 (0.0020809174 0.0025043488) 1.9e-06 2.5e-07 1 0 0 0 0 1 0 fwd conv2d_harness_cpu_verifier_kyxc_nhwc_nhwk_f16_E2E_f16 (1 of 107)
802816     (802440 350 26 0) 70.0 (-0.0003457069 -0.0003623962) 0.500000 0.000015 4.8e-02 7.6e-03 (-0.0024986267 -0.0025177002) 4.3e-07 1.3e-06 0 1 1 0 1 0 1 bwd_data conv2d_host_validation_f16_bwd_CHECK_BWD_DATA1 (2 of 107)
4096       (4081 11 4 0) 4.0 (0.2275390625 0.2270507812) 1.000000 0.000551 2.1e-03 2.1e-03 (0.2275390625 0.2270507812) 3.7e-06 0.0e+00 0 1 1 0 1 0 1 bwd_weight conv2d_host_validation_f16_bwd_CHECK_BWD_WEIGHT1 (3 of 107)
147456     (146196 1146 114 0) 107.0 (-0.0288848877 -0.0305175781) 16.000000 0.011132 5.7e-02 5.7e-02 (-0.0288848877 -0.0305175781) 8.8e-06 7.4e-06 0 1 1 0 1 0 1 bwd_weight conv2d_host_validation_f16_bwd_CHECK_ISSUE_127_10 (4 of 107)
294912     (293089 1688 135 0) 5747.0 (-0.0031490326 0.0078125000) 8.000000 0.005188 3.5e+00 3.5e+00 (-0.0031490326 0.0078125000) 2.2e-05 6.1e-06 0 1 1 0 1 0 1 bwd_weight conv2d_host_validation_f16_bwd_CHECK_ISSUE_127_15 (5 of 107)
589824     (587132 2450 242 0) 159.0 (-0.0290679932 -0.0314941406) 8.000000 0.002536 1.0e-01 1.0e-01 (0.0475463867 0.0427856445) 5.1e-06 0.0e+00 0 1 1 0 1 0 1 bwd_weight conv2d_host_validation_f16_bwd_CHECK_ISSUE_127_16 (6 of 107)
1179648    (1175534 3804 310 0) 301.0 (0.0032596588 0.0026855469) 8.000000 0.001258 1.8e-01 1.8e-01 (0.0032596588 0.0026855469) 3.7e-06 3.7e-06 0 1 1 0 1 0 1 bwd_weight conv2d_host_validation_f16_bwd_CHECK_ISSUE_127_17 (7 of 107)
147456     (144998 2210 248 0) 243.0 (-0.4138183594 -0.4731445312) 32.000000 0.044522 1.7e-01 1.7e-01 (-0.0413513184 -0.0344238281) 2.1e-05 0.0e+00 0 1 1 0 1 0 1 bwd_weight conv2d_host_validation_f16_bwd_CHECK_ISSUE_127_18 (8 of 107)
2097152    (2091466 5243 443 0) 4048.0 (0.0000333786 0.0002746582) 4.000000 0.000712 7.2e+00 1.6e-01 (-0.0048103333 -0.0040283203) 6.1e-06 3.3e-06 0 1 1 0 1 0 1 bwd_weight conv2d_host_validation_f16_bwd_CHECK_ISSUE_127_6 (9 of 107)
262144     (260825 1230 89 0) 134.0 (-0.0845947266 -0.0927734375) 8.000000 0.002968 9.7e-02 9.7e-02 (-0.0845947266 -0.0927734375) 5.1e-06 5.1e-06 0 1 1 0 1 0 1 bwd_weight conv2d_host_validation_f16_bwd_CHECK_ISSUE_127_7 (10 of 107)
147456     (146205 1143 108 0) 87.0 (-0.1124877930 -0.1071777344) 16.000000 0.010826 4.7e-02 4.7e-02 (-0.1124877930 -0.1071777344) 8.4e-06 7.0e-06 0 1 1 0 1 0 1 bwd_weight conv2d_host_validation_f16_bwd_CHECK_ISSUE_127_8 (11 of 107)
147456     (146279 1077 100 0) 100.0 (-0.0859985352 -0.0798950195) 16.000000 0.010557 7.1e-02 7.1e-02 (-0.0859985352 -0.0798950195) 8.4e-06 0.0e+00 0 1 1 0 1 0 1 bwd_weight conv2d_host_validation_f16_bwd_CHECK_ISSUE_127_9 (12 of 107)
1024       (1020 3 1 0) 2.0 (0.1635742188 0.1633300781) 0.015625 0.000024 1.5e-03 1.5e-03 (0.1635742188 0.1633300781) 3.3e-06 8.5e-08 0 1 1 0 1 0 1 bwd_weight conv2d_host_validation_f16_bwd_CHECK_ISSUE_70_1 (13 of 107)
65536      (64924 563 49 0) 70.0 (-0.6562500000 -0.6220703125) 16.000000 0.013246 5.2e-02 5.2e-02 (-0.6562500000 -0.6220703125) 9.8e-06 0.0e+00 0 1 1 0 1 0 1 bwd_weight conv2d_host_validation_f16_bwd_CHECK_ISSUE_70_2 (14 of 107)
4096       (4089 6 1 0) 3.0 (0.2993164062 0.3000488281) 1.000000 0.000318 2.4e-03 2.4e-03 (0.2993164062 0.3000488281) 1.6e-06 2.5e-06 0 1 1 0 1 0 1 bwd_weight conv2d_host_validation_f16_bwd_CHECK_ISSUE_70_3 (15 of 107)
1024       (1024 0 0 0) 0.0 (0.0000000000 0.0000000000) 0.000000 0.000000 0.0e+00 0.0e+00 (0.0000000000 0.0000000000) 0.0e+00 0.0e+00 0 1 1 0 1 0 1 bwd_weight conv2d_host_validation_f16_bwd_CHECK_ISSUE_71_1 (16 of 107)
1024       (1022 2 0 0) 1.0 (2424.0000000000 2422.0000000000) 2.000000 0.003906 8.3e-04 8.3e-04 (2424.0000000000 2422.0000000000) 1.6e-06 0.0e+00 0 1 1 0 1 0 1 bwd_weight conv2d_host_validation_f16_bwd_CHECK_ISSUE_71_2 (17 of 107)
1024       (1014 10 0 0) 1.0 (220.6250000000 220.5000000000) 4.000000 0.010256 8.0e-04 8.0e-04 (4988.0000000000 4992.0000000000) 5.8e-06 0.0e+00 0 1 1 0 1 0 1 bwd_weight conv2d_host_validation_f16_bwd_CHECK_ISSUE_71_3 (18 of 107)
1024       (1023 1 0 0) 1.0 (-20.8125000000 -20.7968750000) 0.015625 0.000015 7.5e-04 7.5e-04 (-20.8125000000 -20.7968750000) 7.3e-07 6.9e-08 0 1 1 0 1 0 1 bwd_weight conv2d_host_validation_f16_bwd_CHECK_ISSUE_71_4 (19 of 107)
12845056   (12836478 8016 562 0) 338.0 (-0.0004010201 -0.0003204346) 1.000000 0.000040 2.0e-01 7.9e-02 (-0.0019016266 -0.0020523071) 6.6e-07 1.3e-06 0 0 0 0 0 1 0 fwd conv2d_host_validation_f16_CHECK_RESNET101_NCHW_CONFIG1_FWD_f16 (20 of 107)
12845056   (12837230 7258 568 0) 1024.0 (-0.0001182556 -0.0001792908) 1.000000 0.000035 5.2e-01 4.9e-02 (-0.0031013489 -0.0029487610) 6.9e-07 1.2e-06 0 0 0 0 0 1 0 fwd conv2d_host_validation_f16_CHECK_RESNET101_NCHW_CONFIG2_FWD_f16 (21 of 107)
25690112   (25668648 20023 1441 0) 1626.0 (-0.0001884699 -0.0000915527) 2.000000 0.000056 1.8e+00 9.3e-02 (-0.0012149811 -0.0011024475) 9.6e-07 1.5e-06 0 0 0 0 0 1 0 bwd_data conv2d_host_validation_f16_CHECK_RESNET101_NCHW_CONFIG8_BWD_f16 (22 of 107)
102760448  (102721275 36579 2594 0) 592.0 (0.0000562668 0.0000915527) 0.500000 0.000010 1.1e+00 2.9e-02 (-0.0010375977 -0.0010070801) 4.1e-07 8.9e-07 0 0 0 0 0 1 0 fwd conv2d_host_validation_f16_CHECK_RESNET101_NCHW_CONFIG8_FWD_f16 (23 of 107)
16384      (16193 177 14 0) 8.0 (-2.3437500000 -2.3593750000) 16.000000 0.023827 6.7e-03 6.7e-03 (-2.3437500000 -2.3593750000) 9.6e-06 0.0e+00 0 0 0 0 0 1 0 bwd_weight conv2d_host_validation_f16_CHECK_RESNET101_NCHW_CONFIG8_WRW_f16 (24 of 107)
12845056   (12830093 13978 985 0) 2816.0 (0.0002212524 0.0000534058) 1.000000 0.000083 7.6e-01 1.2e-01 (0.0012531281 0.0014038086) 1.2e-06 2.0e-06 0 0 0 0 0 1 0 fwd conv2d_host_validation_f16_CHECK_RESNET101_NHWC_CONFIG1_FWD_f16 (25 of 107)
12845056   (12830637 13458 961 0) 1024.0 (-0.0001373291 -0.0000762939) 1.000000 0.000076 5.7e-01 1.3e-01 (-0.0012397766 -0.0013961792) 1.3e-06 1.8e-06 0 0 0 0 0 1 0 fwd conv2d_host_validation_f16_CHECK_RESNET101_NHWC_CONFIG2_FWD_f16 (26 of 107)
25690112   (25668679 20008 1425 0) 679.0 (0.0000072122 0.0000476837) 1.000000 0.000056 5.6e+00 9.4e-02 (-0.0015163422 -0.0013732910) 1.2e-06 1.7e-06 0 0 0 0 0 1 0 bwd_data conv2d_host_validation_f16_CHECK_RESNET101_NHWC_CONFIG8_BWD_f16 (27 of 107)
102760448  (102721196 36631 2621 0) 512.0 (-0.0000305176 0.0000000000) 0.500000 0.000010 3.0e+00 3.4e-02 (0.0010032654 0.0010375977) 5.1e-07 4.7e-07 0 0 0 0 0 1 0 fwd conv2d_host_validation_f16_CHECK_RESNET101_NHWC_CONFIG8_FWD_f16 (28 of 107)
16384      (16192 180 12 0) 16.0 (-6.2382812500 -6.1757812500) 32.000000 0.025974 1.0e-02 1.0e-02 (-6.2382812500 -6.1757812500) 1.0e-05 1.2e-05 0 0 0 0 0 1 0 bwd_weight conv2d_host_validation_f16_CHECK_RESNET101_NHWC_CONFIG8_WRW_f16 (29 of 107)
4194304    (4194025 269 10 0) 32.0 (0.0000553131 0.0000534058) 0.125000 0.000000 3.4e-02 1.6e-03 (0.0011768341 0.0011749268) 6.7e-08 3.6e-07 0 1 1 0 1 0 1 fwd conv2d_host_validation_f16_fwd_CHECK_FILTER1_f16 (30 of 107)
4194304    (4194029 260 15 0) 16.0 (0.0000581741 0.0000572205) 0.062500 0.000000 1.6e-02 3.1e-03 (0.0012245178 0.0012207031) 5.2e-08 3.2e-07 0 1 1 0 1 0 1 fwd conv2d_host_validation_f16_fwd_CHECK_FILTER2_f16 (31 of 107)
16777216   (16774817 2282 117 0) 128.0 (0.0000839233 0.0000762939) 0.250000 0.000001 9.1e-02 7.3e-03 (0.0013065338 0.0012969971) 1.3e-07 5.1e-07 0 1 1 0 1 0 1 fwd conv2d_host_validation_f16_fwd_CHECK_ISSUE_114_1_f16 (32 of 107)
16777216   (16774817 2282 117 0) 128.0 (0.0000839233 0.0000762939) 0.250000 0.000001 9.1e-02 7.3e-03 (0.0013065338 0.0012969971) 1.3e-07 5.1e-07 0 1 1 0 1 0 1 fwd conv2d_host_validation_f16_fwd_CHECK_ISSUE_114_2_f16 (33 of 107)
4194304    (4193734 547 23 0) 16.0 (0.0004386902 0.0004425049) 0.250000 0.000001 1.2e-02 2.9e-03 (-0.0012931824 -0.0012893677) 1.1e-07 5.8e-07 0 1 1 0 1 0 1 fwd conv2d_host_validation_f16_fwd_CHECK_ISSUE_114_3_f16 (34 of 107)
4194304    (4193734 547 23 0) 16.0 (0.0004386902 0.0004425049) 0.250000 0.000001 1.2e-02 2.9e-03 (-0.0012931824 -0.0012893677) 1.1e-07 5.8e-07 0 1 1 0 1 0 1 fwd conv2d_host_validation_f16_fwd_CHECK_ISSUE_114_4_f16 (35 of 107)
16777216   (16774903 2166 147 0) 128.0 (-0.0000152588 -0.0000076294) 0.250000 0.000001 1.0e+00 5.0e-03 (0.0015411377 0.0015487671) 2.5e-07 5.7e-07 0 1 1 0 1 0 1 fwd conv2d_host_validation_f16_fwd_CHECK_ISSUE_114_5_f16 (36 of 107)
16777216   (16774903 2166 147 0) 128.0 (-0.0000152588 -0.0000076294) 0.250000 0.000001 1.0e+00 5.0e-03 (0.0015411377 0.0015487671) 2.5e-07 5.7e-07 0 1 1 0 1 0 1 fwd conv2d_host_validation_f16_fwd_CHECK_ISSUE_114_6_f16 (37 of 107)
4194304    (4193735 527 42 0) 80.0 (-0.0000352859 -0.0000305176) 0.250000 0.000001 1.0e+00 5.0e-03 (0.0015411377 0.0015487671) 3.9e-07 6.7e-07 0 1 1 0 1 0 1 fwd conv2d_host_validation_f16_fwd_CHECK_ISSUE_114_7_f16 (38 of 107)
4194304    (4193735 527 42 0) 80.0 (-0.0000352859 -0.0000305176) 0.250000 0.000001 1.0e+00 5.0e-03 (0.0015411377 0.0015487671) 3.9e-07 6.7e-07 0 1 1 0 1 0 1 fwd conv2d_host_validation_f16_fwd_CHECK_ISSUE_114_8_f16 (39 of 107)
12845056   (12807327 34783 2946 0) 5248.0 (0.0000534058 -0.0002593994) 4.000000 0.000681 5.9e+00 5.1e-01 (-0.0010881424 -0.0016384125) 4.1e-06 9.1e-07 0 1 1 0 1 0 1 fwd conv2d_host_validation_f16_fwd_CHECK_ISSUE_127_11_f16 (40 of 107)
12845056   (12808007 34307 2742 0) 8544.0 (-0.0005207062 -0.0000114441) 4.000000 0.000656 2.9e+00 7.0e-01 (0.0017929077 0.0030441284) 3.7e-06 9.0e-07 0 1 1 0 1 0 1 fwd conv2d_host_validation_f16_fwd_CHECK_ISSUE_127_12_f16 (41 of 107)
12845056   (12808864 33416 2776 0) 4474.0 (0.0003523827 0.0014190674) 16.000000 0.000599 3.0e+00 5.3e-01 (-0.0015716553 -0.0007324219) 3.9e-06 8.5e-07 0 1 1 0 1 0 1 fwd conv2d_host_validation_f16_fwd_CHECK_ISSUE_127_13_f16 (42 of 107)
12845056   (12807334 34962 2760 0) 15904.0 (0.0010452271 0.0000972748) 4.000000 0.000701 4.4e+00 9.5e-01 (0.0015945435 0.0031089783) 4.2e-06 9.8e-07 0 1 1 0 1 0 1 fwd conv2d_host_validation_f16_fwd_CHECK_ISSUE_127_14_f16 (43 of 107)
12845056   (12806894 35275 2887 0) 7872.0 (-0.0004882812 -0.0000190735) 4.000000 0.000695 2.2e+00 1.9e+00 (0.0010414124 -0.0009384155) 3.8e-06 9.7e-07 0 1 1 0 1 0 1 fwd conv2d_host_validation_f16_fwd_CHECK_ISSUE_127_1_f16 (44 of 107)
6422528    (6396822 23682 2024 0) 12032.0 (-0.0000915527 -0.0008087158) 8.000000 0.001378 7.8e+00 3.3e-01 (0.0013980865 0.0009307861) 6.3e-06 8.5e-07 0 1 1 0 1 0 1 fwd conv2d_host_validation_f16_fwd_CHECK_ISSUE_127_2_f16 (45 of 107)
25690112   (25660333 27708 2071 0) 3584.0 (-0.0002059937 0.0000076294) 2.000000 0.000149 1.1e+00 1.7e-01 (0.0011367798 0.0013275146) 1.4e-06 1.7e-06 0 1 1 0 1 0 1 fwd conv2d_host_validation_f16_fwd_CHECK_ISSUE_127_3_f16 (46 of 107)
12845056   (12826958 16805 1293 0) 1088.0 (0.0004844666 0.0007438660) 4.000000 0.000255 5.4e-01 3.3e-01 (0.0016441345 0.0010986328) 1.6e-06 1.9e-06 0 1 1 0 1 0 1 fwd conv2d_host_validation_f16_fwd_CHECK_ISSUE_127_4_f16 (47 of 107)
12845056   (12827687 16149 1220 0) 5104.0 (-0.0001850128 -0.0007934570) 4.000000 0.000226 3.3e+00 2.1e-01 (-0.0016021729 -0.0019454956) 1.8e-06 1.8e-06 0 1 1 0 1 0 1 fwd conv2d_host_validation_f16_fwd_CHECK_ISSUE_127_5_f16 (48 of 107)
7372800    (7367901 4566 333 0) 192.0 (0.0000534058 0.0000648499) 0.500000 0.000023 2.1e-01 3.1e-02 (-0.0011825562 -0.0012187958) 6.8e-07 1.4e-06 0 1 1 0 1 0 1 fwd conv2d_host_validation_f16_fwd_CHECK_ISSUE_40_1_f16 (49 of 107)
3440640    (3437643 2766 231 0) 1104.0 (0.0000867844 0.0001525879) 1.000000 0.000041 7.6e-01 4.7e-02 (0.0018291473 0.0017433167) 1.1e-06 1.6e-06 0 1 1 0 1 0 1 fwd conv2d_host_validation_f16_fwd_CHECK_ISSUE_40_2_f16 (50 of 107)
6422528    (6413730 8174 624 0) 219.0 (0.0008597374 0.0007553101) 2.000000 0.000120 1.8e-01 6.8e-02 (-0.0018863678 -0.0020141602) 1.4e-06 2.1e-06 0 1 1 0 1 0 1 fwd conv2d_host_validation_f16_fwd_CHECK_ISSUE_40_3_f16 (51 of 107)
14745600   (14730537 14096 967 0) 576.0 (0.0000343323 0.0000686646) 1.000000 0.000061 1.0e+00 9.8e-02 (-0.0016937256 -0.0018596649) 1.1e-06 1.8e-06 0 1 1 0 1 0 1 fwd conv2d_host_validation_f16_fwd_CHECK_ISSUE_40_4_f16 (52 of 107)
6881280    (6875547 5382 351 0) 832.0 (-0.0001487732 -0.0000991821) 1.000000 0.000038 2.0e+01 3.1e-02 (0.0013694763 0.0013275146) 6.3e-06 1.5e-06 0 1 0 0 0 0 1 fwd conv2d_host_validation_f16_fwd_CHECK_ISSUE_40_5_f16 (53 of 107)
1048576    (1047498 1002 76 0) 128.0 (0.0014190674 0.0015411377) 1.000000 0.000059 8.6e-02 8.6e-02 (0.0014190674 0.0015411377) 9.8e-07 1.9e-06 0 1 1 0 1 0 1 fwd conv2d_host_validation_f16_fwd_CHECK_ISSUE_41_10_f16 (54 of 107)
12845056   (12836568 7946 542 0) 544.0 (0.0000705719 0.0001029968) 0.500000 0.000023 4.6e-01 4.5e-02 (-0.0011100769 -0.0010604858) 7.2e-07 1.4e-06 0 1 1 0 1 0 1 fwd conv2d_host_validation_f16_fwd_CHECK_ISSUE_41_11_f16 (55 of 107)
9437184    (9427331 9227 626 0) 1304.0 (0.0000348091 0.0001125336) 1.000000 0.000065 2.2e+00 9.6e-02 (-0.0011901855 -0.0010757446) 1.3e-06 1.8e-06 0 1 1 0 1 0 1 fwd conv2d_host_validation_f16_fwd_CHECK_ISSUE_41_12_f16 (56 of 107)
921600     (920951 609 40 0) 96.0 (-0.0002670288 -0.0002441406) 0.500000 0.000025 8.6e-02 1.3e-02 (-0.0010204315 -0.0010337830) 6.7e-07 1.5e-06 0 1 1 0 1 0 1 fwd conv2d_host_validation_f16_fwd_CHECK_ISSUE_41_2_f16 (57 of 107)
1605632    (1604585 979 68 0) 96.0 (0.0001640320 0.0001525879) 0.500000 0.000024 2.0e-01 1.3e-02 (0.0014009476 0.0014190674) 7.3e-07 1.7e-06 0 1 1 0 1 0 1 fwd conv2d_host_validation_f16_fwd_CHECK_ISSUE_41_3_f16 (58 of 107)
200704     (200588 106 10 0) 9.0 (-0.0034809113 -0.0034637451) 0.500000 0.000023 5.1e-03 5.1e-03 (-0.0090332031 -0.0089874268) 4.8e-07 1.7e-06 0 1 1 0 1 0 1 fwd conv2d_host_validation_f16_fwd_CHECK_ISSUE_41_4_f16 (59 of 107)
1605632    (1604201 1324 107 0) 132.0 (0.0004281998 0.0003967285) 1.000000 0.000043 1.2e-01 4.7e-02 (0.0018291473 0.0017433167) 9.5e-07 1.8e-06 0 1 1 0 1 0 1 fwd conv2d_host_validation_f16_fwd_CHECK_ISSUE_41_5_f16 (60 of 107)
802816     (802303 485 28 0) 96.0 (0.0001640320 0.0001525879) 0.500000 0.000025 2.0e-01 5.2e-03 (0.0036354065 0.0036544800) 8.3e-07 1.8e-06 0 1 1 0 1 0 1 fwd conv2d_host_validation_f16_fwd_CHECK_ISSUE_41_6_f16 (61 of 107)
4194304    (4191714 2440 150 0) 384.0 (-0.0000877380 -0.0001106262) 0.500000 0.000021 2.6e-01 3.9e-02 (0.0011596680 0.0011138916) 6.5e-07 1.4e-06 0 1 1 0 1 0 1 fwd conv2d_host_validation_f16_fwd_CHECK_ISSUE_41_7_f16 (62 of 107)
3211264    (3208073 2966 225 0) 808.0 (0.0004730225 0.0006656647) 1.000000 0.000056 4.1e-01 5.3e-02 (0.0023612976 0.0024871826) 1.2e-06 1.7e-06 0 1 1 0 1 0 1 fwd conv2d_host_validation_f16_fwd_CHECK_ISSUE_41_8_f16 (63 of 107)
2359296    (2357730 1461 105 0) 480.0 (-0.0000057220 -0.0000343323) 0.500000 0.000023 5.0e+00 2.0e-02 (-0.0015726089 -0.0015411377) 2.7e-06 1.5e-06 0 1 1 0 1 0 1 fwd conv2d_host_validation_f16_fwd_CHECK_ISSUE_41_9_f16 (64 of 107)
25690112   (25661256 26847 2009 0) 1568.0 (0.0002117157 0.0001182556) 4.000000 0.000131 8.1e-01 2.5e-01 (0.0012035370 0.0009002686) 1.3e-06 1.6e-06 0 1 1 0 1 0 1 fwd conv2d_host_validation_f16_fwd_CHECK_KCYX_NCHW_NKHW1_f16 (65 of 107)
3686400    (3685340 988 72 0) 64.0 (0.0000572205 0.0000610352) 0.250000 0.000005 3.3e-01 2.0e-02 (0.0011672974 0.0011444092) 3.6e-07 7.6e-07 0 1 1 0 1 0 1 fwd conv2d_host_validation_f16_fwd_CHECK_KCYX_NCHW_NKHW2_f16 (66 of 107)
409600     (409485 106 9 0) 34.0 (-0.0019207001 -0.0019531250) 0.250000 0.000006 1.7e-02 1.7e-02 (-0.0019207001 -0.0019531250) 2.6e-07 9.3e-07 0 1 1 0 1 0 1 fwd conv2d_host_validation_f16_fwd_CHECK_KCYX_NCHW_NKHW3_f16 (67 of 107)
147456     (147412 43 1 0) 3.0 (-0.0049591064 -0.0049705505) 0.125000 0.000003 2.3e-03 2.3e-03 (-0.0049591064 -0.0049705505) 2.0e-07 4.3e-07 0 1 1 0 1 0 1 fwd conv2d_host_validation_f16_fwd_CHECK_KCYX_NCHW_NKHW4_f16 (68 of 107)
102400     (102363 34 3 0) 34.0 (-0.0019207001 -0.0019531250) 0.125000 0.000004 1.7e-02 1.7e-02 (-0.0019207001 -0.0019531250) 4.3e-07 5.7e-07 0 1 1 0 1 0 1 fwd conv2d_host_validation_f16_fwd_CHECK_KCYX_NCHW_NKHW5_f16 (69 of 107)
15745024   (15740412 4319 293 0) 256.0 (-0.0001296997 -0.0001144409) 0.500000 0.000005 2.0e-01 1.3e-02 (-0.0013027191 -0.0012855530) 3.1e-07 8.3e-07 0 1 1 0 1 0 1 fwd conv2d_host_validation_f16_fwd_CHECK_KCYX_NCHW_NKHW6_f16 (70 of 107)
13778944   (13771935 6527 482 0) 616.0 (0.0000824928 0.0000457764) 1.000000 0.000020 5.0e-01 2.7e-02 (-0.0011291504 -0.0011596680) 5.9e-07 1.0e-06 0 1 1 0 1 0 1 fwd conv2d_host_validation_f16_fwd_CHECK_KCYX_NCHW_NKHW7_f16 (71 of 107)
25690112   (25661300 26758 2054 0) 4032.0 (0.0002708435 0.0000305176) 2.000000 0.000132 1.3e+01 2.0e-01 (0.0020809174 0.0025043488) 1.9e-06 2.5e-07 0 1 1 0 1 0 1 fwd conv2d_host_validation_f16_fwd_CHECK_KYXC_NHWC_NHWK1_f16 (72 of 107)
3686400    (3684550 1730 120 0) 256.0 (-0.0002403259 -0.0002098083) 0.500000 0.000012 1.3e-01 1.4e-02 (-0.0010910034 -0.0010757446) 4.8e-07 1.4e-06 0 1 1 0 1 0 1 fwd conv2d_host_validation_f16_fwd_CHECK_KYXC_NHWC_NHWK2_f16 (73 of 107)
409600     (409399 189 12 0) 3.0 (0.0137634277 0.0137863159) 0.250000 0.000011 2.1e-03 2.1e-03 (-0.0054435730 -0.0054321289) 3.5e-07 1.5e-06 0 1 1 0 1 0 1 fwd conv2d_host_validation_f16_fwd_CHECK_KYXC_NHWC_NHWK3_f16 (74 of 107)
147456     (147378 72 6 0) 64.0 (-0.0001182556 -0.0001220703) 0.125000 0.000006 3.2e-02 6.9e-03 (-0.0011062622 -0.0011138916) 6.2e-07 7.5e-07 0 1 1 0 1 0 1 fwd conv2d_host_validation_f16_fwd_CHECK_KYXC_NHWC_NHWK4_f16 (75 of 107)
102400     (102358 38 4 0) 3.0 (-0.0054435730 -0.0054321289) 0.250000 0.000011 2.1e-03 2.1e-03 (-0.0054435730 -0.0054321289) 3.1e-07 1.6e-06 0 1 1 0 1 0 1 fwd conv2d_host_validation_f16_fwd_CHECK_KYXC_NHWC_NHWK5_f16 (76 of 107)
15745024   (15737761 6797 466 0) 384.0 (-0.0000610352 -0.0000839233) 0.500000 0.000010 1.6e+00 1.7e-02 (-0.0010395050 -0.0010223389) 5.8e-07 1.2e-06 0 1 1 0 1 0 1 fwd conv2d_host_validation_f16_fwd_CHECK_KYXC_NHWC_NHWK6_f16 (77 of 107)
13778944   (13767179 10971 794 0) 1024.0 (-0.0000686646 -0.0001296997) 1.000000 0.000041 8.9e-01 5.1e-02 (-0.0020542145 -0.0021591187) 1.0e-06 1.5e-06 0 1 1 0 1 0 1 fwd conv2d_host_validation_f16_fwd_CHECK_KYXC_NHWC_NHWK7_f16 (78 of 107)
802816     (802577 223 16 0) 16.0 (-0.0010833740 -0.0010986328) 0.250000 0.000004 1.4e-02 1.4e-02 (-0.0010833740 -0.0010986328) 2.4e-07 5.6e-07 0 1 1 0 1 0 1 fwd conv2d_host_validation_f16_fwd_CHECK_PADDING1_f16 (79 of 107)
802816     (802436 357 23 0) 64.0 (-0.0001182556 -0.0001220703) 0.250000 0.000011 3.2e-02 7.7e-03 (0.0014839172 0.0014953613) 4.1e-07 1.3e-06 0 1 1 0 1 0 1 fwd conv2d_host_validation_f16_fwd_CHECK_PADDING2_f16 (80 of 107)
2048       (2048 0 0 0) 0.0 (0.0000000000 0.0000000000) 0.000000 0.000000 0.0e+00 0.0e+00 (0.0000000000 0.0000000000) 0.0e+00 0.0e+00 0 1 1 0 1 0 1 fwd conv2d_host_validation_f16_fwd_CHECK_PADDING3_f16 (81 of 107)
205520896  (205441492 74175 5229 0) 560.0 (-0.0001287460 -0.0000953674) 1.000000 0.000010 5.5e+00 4.5e-02 (-0.0014467239 -0.0013809204) 4.7e-07 8.7e-07 0 1 0 0 1 0 1 fwd conv2d_host_validation_f32_fwd_GROUP_NCHW_f16 (82 of 107)
51380224   (51360414 18515 1295 0) 516.0 (-0.0000989437 -0.0001296997) 0.500000 0.000010 1.1e+00 3.2e-02 (-0.0020561218 -0.0021209717) 4.4e-07 9.2e-07 1 0 0 0 0 1 0 fwd conv2d_host_validation_random_CHECK_KCYX_NCHW_NKHW_5_f16 (83 of 107)
51380224   (51360414 18515 1295 0) 516.0 (-0.0000989437 -0.0001296997) 0.500000 0.000010 1.1e+00 3.2e-02 (-0.0020561218 -0.0021209717) 4.4e-07 9.2e-07 1 0 0 0 0 1 0 fwd conv2d_host_validation_random_CHECK_KCYX_NCHW_NKHW_6_f16 (84 of 107)
47775744   (47731047 41577 3120 0) 1408.0 (0.0003471375 0.0001792908) 2.000000 0.000082 1.5e+00 1.7e-01 (-0.0014495850 -0.0016937256) 1.1e-06 1.5e-06 1 0 0 0 0 1 0 fwd conv2d_host_validation_random_CHECK_KCYX_NCHW_NKHW_7_f16 (85 of 107)
51380224   (51332873 44039 3312 0) 1408.0 (0.0003471375 0.0001792908) 2.000000 0.000080 1.5e+00 1.7e-01 (-0.0014495850 -0.0016937256) 1.1e-06 1.5e-06 1 0 0 0 0 1 0 fwd conv2d_host_validation_random_CHECK_KCYX_NCHW_NKHW_8_f16 (86 of 107)
16777216   (16774817 2282 117 0) 128.0 (0.0000839233 0.0000762939) 0.250000 0.000001 9.1e-02 7.3e-03 (0.0013065338 0.0012969971) 1.3e-07 5.1e-07 1 0 0 0 0 1 0 fwd conv2d_host_validation_random_CHECK_KYXC_NHWC_NHWK_4_f16 (87 of 107)
16777216   (16774817 2282 117 0) 128.0 (0.0000839233 0.0000762939) 0.250000 0.000001 9.1e-02 7.3e-03 (0.0013065338 0.0012969971) 1.3e-07 5.1e-07 1 0 0 0 0 1 0 fwd conv2d_host_validation_random_CHECK_KYXC_NHWC_NHWK_5_f16 (88 of 107)
25690112   (25661256 26847 2009 0) 1568.0 (0.0002117157 0.0001182556) 4.000000 0.000131 8.1e-01 2.5e-01 (0.0012035370 0.0009002686) 1.3e-06 1.6e-06 1 0 1 0 0 1 0 fwd conv2d_host_validation_random_CHECK_RAND_FLOAT_2_f16 (89 of 107)
205520896  (205441696 73939 5261 0) 595.0 (0.0000255704 0.0000610352) 0.500000 0.000010 5.0e+00 4.7e-02 (0.0012893677 0.0013504028) 4.5e-07 4.7e-07 1 0 0 0 0 1 0 fwd conv2d_host_validation_random_GROUP_NHWC_f16 (90 of 107)
30720      (30706 14 0 0) 1.0 (-16.6406250000 -16.6250000000) 0.500000 0.000043 9.5e-04 9.5e-04 (-0.2580566406 -0.2583007812) 3.2e-07 2.7e-06 0 1 0 0 1 0 1 fwd padding_kernel_all_fwd_CHECK_RESNET50_CONFIG2_f16 (91 of 107)
30720      (30693 25 2 0) 16.0 (0.0069770813 0.0070381165) 0.250000 0.000046 8.7e-03 8.7e-03 (0.0069770813 0.0070381165) 8.9e-07 2.0e-06 0 1 0 0 1 0 1 fwd padding_kernel_all_fwd_CHECK_RESNET50_CONFIG4_f16 (92 of 107)
882        (881 1 0 0) 1.0 (472.7500000000 473.0000000000) 0.250000 0.000283 5.3e-04 5.3e-04 (472.7500000000 473.0000000000) 6.0e-07 1.0e-06 0 1 0 0 1 0 1 bwd_weight padding_kernel_all_wrw_CHECK_RESNET50_CONFIG2_f16 (93 of 107)
882        (881 1 0 0) 1.0 (1.3281250000 1.3291015625) 0.000977 0.000001 7.4e-04 7.4e-04 (1.3281250000 1.3291015625) 8.3e-07 4.2e-09 0 1 0 0 1 0 1 bwd_weight padding_kernel_all_wrw_CHECK_RESNET50_CONFIG4_f16 (94 of 107)
205520896  (205411503 101958 7435 0) 1056.0 (-0.0001049042 -0.0001678467) 1.000000 0.000022 4.0e+00 9.0e-02 (-0.0027408600 -0.0024948120) 6.8e-07 1.0e-06 0 1 1 0 1 0 1 fwd padding_kernel_gemmK_CHECK_RESNET50_F16_CONFIG1 (95 of 107)
205520896  (205410176 103125 7595 0) 1280.0 (0.0000953674 0.0000190735) 1.000000 0.000023 2.5e+00 1.2e-01 (0.0010414124 0.0011634827) 6.4e-07 1.0e-06 0 1 1 0 1 0 1 fwd padding_kernel_gemmK_CHECK_RESNET50_F16_CONFIG2 (96 of 107)
205520896  (205336743 171688 12465 0) 2112.0 (-0.0002069473 -0.0000810623) 1.000000 0.000046 3.2e+00 1.3e-01 (-0.0010147095 -0.0008811951) 1.1e-06 1.5e-06 0 1 1 0 1 0 1 fwd padding_kernel_gemmK_CHECK_RESNET50_F16_CONFIG4 (97 of 107)
9408       (9171 209 28 0) 71.0 (-8.7421875000 -9.2968750000) 32.000000 0.162769 6.3e-02 6.3e-02 (-8.7421875000 -9.2968750000) 3.5e-05 0.0e+00 0 1 1 0 1 0 1 bwd_weight padding_kernel_gemmN_CHECK_RESNET50_CONFIG2 (98 of 107)
9408       (9187 193 28 0) 45.0 (19.4843750000 18.7812500000) 32.000000 0.145194 3.6e-02 3.6e-02 (19.4843750000 18.7812500000) 2.8e-05 0.0e+00 0 1 1 0 1 0 1 bwd_weight padding_kernel_gemmN_CHECK_RESNET50_CONFIG4 (99 of 107)
6422528    (6415266 6702 560 0) 272.0 (-0.0007896423 -0.0009193420) 2.000000 0.000138 2.1e-01 2.1e-01 (-0.0010948181 -0.0013237000) 1.2e-06 1.7e-06 0 0 0 0 1 0 1 fwd Resnet50_validation_nchw_CHECK_NCHW_1_f16 (100 of 107)
25690112   (25676936 12292 884 0) 1024.0 (0.0000839233 0.0000228882) 1.000000 0.000020 4.0e+00 5.2e-02 (0.0011911392 0.0011291504) 7.1e-07 9.5e-07 0 0 0 0 1 0 1 fwd Resnet50_validation_nchw_CHECK_NCHW_2_f16 (101 of 107)
147456     (146266 1094 96 0) 74.0 (-0.0859985352 -0.0814819336) 16.000000 0.010624 5.3e-02 5.3e-02 (-0.0859985352 -0.0814819336) 8.3e-06 0.0e+00 0 0 0 0 1 0 1 bwd_weight Resnet50_validation_nchw_CHECK_NCHW_3_f16 (102 of 107)
65536      (64990 495 51 0) 106.0 (0.0916748047 0.0852050781) 16.000000 0.010524 7.1e-02 7.1e-02 (0.0916748047 0.0852050781) 9.4e-06 5.3e-06 0 0 0 0 1 0 1 bwd_weight Resnet50_validation_nchw_CHECK_NCHW_4_f16 (103 of 107)
6422528    (6408601 12854 1073 0) 1720.0 (0.0008831024 0.0004730225) 2.000000 0.000338 4.6e-01 1.5e-01 (-0.0022926331 -0.0019454956) 2.5e-06 1.1e-06 0 0 0 0 1 0 1 fwd Resnet50_validation_nhwc_CHECK_NHWC_1_f16 (104 of 107)
25690112   (25676842 12371 899 0) 640.0 (-0.0000953674 -0.0000572205) 1.000000 0.000020 4.0e-01 5.4e-02 (0.0010137558 0.0010681152) 5.8e-07 4.2e-07 0 0 0 0 1 0 1 fwd Resnet50_validation_nhwc_CHECK_NHWC_2_f16 (105 of 107)
147456     (146212 1137 107 0) 183.0 (-0.1287841797 -0.1176147461) 16.000000 0.010464 8.7e-02 8.7e-02 (-0.1287841797 -0.1176147461) 1.0e-05 0.0e+00 0 0 0 0 1 0 1 bwd_weight Resnet50_validation_nhwc_CHECK_NHWC_3_f16 (106 of 107)
65536      (65038 454 44 0) 286.0 (-0.0534057617 -0.0621337891) 16.000000 0.010743 1.6e-01 1.6e-01 (-0.0534057617 -0.0621337891) 1.0e-05 7.3e-06 0 0 0 0 1 0 1 bwd_weight Resnet50_validation_nhwc_CHECK_NHWC_4_f16 (107 of 107)
