25690112   (25671596 18516 0 0) 1.0 (57024.0000000000 57056.0000000000) 32.000000 0.023064 5.7e-04 5.7e-04 (55680.0000000000 55712.0000000000) 4.0e-07 1.4e-05 1 0 0 0 0 1 0 fwd conv2d_harness_cpu_verifier_kyxc_nhwc_nhwk_f16_E2E_f16 (1 of 107)
802816     (802816 0 0 0) 0.0 (0.0000000000 0.0000000000) 0.000000 0.000000 0.0e+00 0.0e+00 (0.0000000000 0.0000000000) 0.0e+00 0.0e+00 0 1 1 0 1 0 1 bwd_data conv2d_host_validation_f16_bwd_CHECK_BWD_DATA1 (2 of 107)
4096       (4096 0 0 0) 0.0 (0.0000000000 0.0000000000) 0.000000 0.000000 0.0e+00 0.0e+00 (0.0000000000 0.0000000000) 0.0e+00 0.0e+00 0 1 1 0 1 0 1 bwd_weight conv2d_host_validation_f16_bwd_CHECK_BWD_WEIGHT1 (3 of 107)
147456     (147456 0 0 0) 0.0 (0.0000000000 0.0000000000) 0.000000 0.000000 0.0e+00 0.0e+00 (0.0000000000 0.0000000000) 0.0e+00 0.0e+00 0 1 1 0 1 0 1 bwd_weight conv2d_host_validation_f16_bwd_CHECK_ISSUE_127_10 (4 of 107)
294912     (294912 0 0 0) 0.0 (0.0000000000 0.0000000000) 0.000000 0.000000 0.0e+00 0.0e+00 (0.0000000000 0.0000000000) 0.0e+00 0.0e+00 0 1 1 0 1 0 1 bwd_weight conv2d_host_validation_f16_bwd_CHECK_ISSUE_127_15 (5 of 107)
589824     (589824 0 0 0) 0.0 (0.0000000000 0.0000000000) 0.000000 0.000000 0.0e+00 0.0e+00 (0.0000000000 0.0000000000) 0.0e+00 0.0e+00 0 1 1 0 1 0 1 bwd_weight conv2d_host_validation_f16_bwd_CHECK_ISSUE_127_16 (6 of 107)
1179648    (1179648 0 0 0) 0.0 (0.0000000000 0.0000000000) 0.000000 0.000000 0.0e+00 0.0e+00 (0.0000000000 0.0000000000) 0.0e+00 0.0e+00 0 1 1 0 1 0 1 bwd_weight conv2d_host_validation_f16_bwd_CHECK_ISSUE_127_17 (7 of 107)
147456     (147456 0 0 0) 0.0 (0.0000000000 0.0000000000) 0.000000 0.000000 0.0e+00 0.0e+00 (0.0000000000 0.0000000000) 0.0e+00 0.0e+00 0 1 1 0 1 0 1 bwd_weight conv2d_host_validation_f16_bwd_CHECK_ISSUE_127_18 (8 of 107)
2097152    (2097152 0 0 0) 0.0 (0.0000000000 0.0000000000) 0.000000 0.000000 0.0e+00 0.0e+00 (0.0000000000 0.0000000000) 0.0e+00 0.0e+00 0 1 1 0 1 0 1 bwd_weight conv2d_host_validation_f16_bwd_CHECK_ISSUE_127_6 (9 of 107)
262144     (262144 0 0 0) 0.0 (0.0000000000 0.0000000000) 0.000000 0.000000 0.0e+00 0.0e+00 (0.0000000000 0.0000000000) 0.0e+00 0.0e+00 0 1 1 0 1 0 1 bwd_weight conv2d_host_validation_f16_bwd_CHECK_ISSUE_127_7 (10 of 107)
147456     (147456 0 0 0) 0.0 (0.0000000000 0.0000000000) 0.000000 0.000000 0.0e+00 0.0e+00 (0.0000000000 0.0000000000) 0.0e+00 0.0e+00 0 1 1 0 1 0 1 bwd_weight conv2d_host_validation_f16_bwd_CHECK_ISSUE_127_8 (11 of 107)
147456     (147456 0 0 0) 0.0 (0.0000000000 0.0000000000) 0.000000 0.000000 0.0e+00 0.0e+00 (0.0000000000 0.0000000000) 0.0e+00 0.0e+00 0 1 1 0 1 0 1 bwd_weight conv2d_host_validation_f16_bwd_CHECK_ISSUE_127_9 (12 of 107)
1024       (1024 0 0 0) 0.0 (0.0000000000 0.0000000000) 0.000000 0.000000 0.0e+00 0.0e+00 (0.0000000000 0.0000000000) 0.0e+00 0.0e+00 0 1 1 0 1 0 1 bwd_weight conv2d_host_validation_f16_bwd_CHECK_ISSUE_70_1 (13 of 107)
65536      (65536 0 0 0) 0.0 (0.0000000000 0.0000000000) 0.000000 0.000000 0.0e+00 0.0e+00 (0.0000000000 0.0000000000) 0.0e+00 0.0e+00 0 1 1 0 1 0 1 bwd_weight conv2d_host_validation_f16_bwd_CHECK_ISSUE_70_2 (14 of 107)
4096       (4096 0 0 0) 0.0 (0.0000000000 0.0000000000) 0.000000 0.000000 0.0e+00 0.0e+00 (0.0000000000 0.0000000000) 0.0e+00 0.0e+00 0 1 1 0 1 0 1 bwd_weight conv2d_host_validation_f16_bwd_CHECK_ISSUE_70_3 (15 of 107)
1024       (1024 0 0 0) 0.0 (0.0000000000 0.0000000000) 0.000000 0.000000 0.0e+00 0.0e+00 (0.0000000000 0.0000000000) 0.0e+00 0.0e+00 0 1 1 0 1 0 1 bwd_weight conv2d_host_validation_f16_bwd_CHECK_ISSUE_71_1 (16 of 107)
1024       (1024 0 0 0) 0.0 (0.0000000000 0.0000000000) 0.000000 0.000000 0.0e+00 0.0e+00 (0.0000000000 0.0000000000) 0.0e+00 0.0e+00 0 1 1 0 1 0 1 bwd_weight conv2d_host_validation_f16_bwd_CHECK_ISSUE_71_2 (17 of 107)
1024       (1024 0 0 0) 0.0 (0.0000000000 0.0000000000) 0.000000 0.000000 0.0e+00 0.0e+00 (0.0000000000 0.0000000000) 0.0e+00 0.0e+00 0 1 1 0 1 0 1 bwd_weight conv2d_host_validation_f16_bwd_CHECK_ISSUE_71_3 (18 of 107)
1024       (1024 0 0 0) 0.0 (0.0000000000 0.0000000000) 0.000000 0.000000 0.0e+00 0.0e+00 (0.0000000000 0.0000000000) 0.0e+00 0.0e+00 0 1 1 0 1 0 1 bwd_weight conv2d_host_validation_f16_bwd_CHECK_ISSUE_71_4 (19 of 107)
12845056   (12840729 4327 0 0) 1.0 (15976.0000000000 15968.0000000000) 16.000000 0.002962 9.8e-04 9.8e-04 (16384.0000000000 16400.0000000000) 2.0e-07 9.6e-06 0 0 0 0 0 1 0 fwd conv2d_host_validation_f16_CHECK_RESNET101_NCHW_CONFIG1_FWD_f16 (20 of 107)
12845056   (12841102 3954 0 0) 1.0 (7092.0000000000 7096.0000000000) 16.000000 0.002559 9.8e-04 9.8e-04 (16384.0000000000 16400.0000000000) 1.9e-07 8.7e-06 0 0 0 0 0 1 0 fwd conv2d_host_validation_f16_CHECK_RESNET101_NCHW_CONFIG2_FWD_f16 (21 of 107)
25690112   (25690112 0 0 0) 0.0 (0.0000000000 0.0000000000) 0.000000 0.000000 0.0e+00 0.0e+00 (0.0000000000 0.0000000000) 0.0e+00 0.0e+00 0 0 0 0 0 1 0 bwd_data conv2d_host_validation_f16_CHECK_RESNET101_NCHW_CONFIG8_BWD_f16 (22 of 107)
102760448  (102742499 17949 0 0) 1.0 (3520.0000000000 3518.0000000000) 2.000000 0.000349 6.3e-04 6.3e-04 (3160.0000000000 3158.0000000000) 9.7e-08 6.2e-06 0 0 0 0 0 1 0 fwd conv2d_host_validation_f16_CHECK_RESNET101_NCHW_CONFIG8_FWD_f16 (23 of 107)
16384      (16384 0 0 0) 0.0 (0.0000000000 0.0000000000) 0.000000 0.000000 0.0e+00 0.0e+00 (0.0000000000 0.0000000000) 0.0e+00 0.0e+00 0 0 0 0 0 1 0 bwd_weight conv2d_host_validation_f16_CHECK_RESNET101_NCHW_CONFIG8_WRW_f16 (24 of 107)
12845056   (12840772 4284 0 0) 1.0 (11136.0000000000 11128.0000000000) 16.000000 0.002909 9.8e-04 9.8e-04 (16384.0000000000 16400.0000000000) 2.0e-07 9.4e-06 0 0 0 0 0 1 0 fwd conv2d_host_validation_f16_CHECK_RESNET101_NHWC_CONFIG1_FWD_f16 (25 of 107)
12845056   (12840945 4111 0 0) 1.0 (7044.0000000000 7048.0000000000) 16.000000 0.002656 9.8e-04 9.8e-04 (16384.0000000000 16400.0000000000) 2.0e-07 8.8e-06 0 0 0 0 0 1 0 fwd conv2d_host_validation_f16_CHECK_RESNET101_NHWC_CONFIG2_FWD_f16 (26 of 107)
25690112   (25690112 0 0 0) 0.0 (0.0000000000 0.0000000000) 0.000000 0.000000 0.0e+00 0.0e+00 (0.0000000000 0.0000000000) 0.0e+00 0.0e+00 0 0 0 0 0 1 0 bwd_data conv2d_host_validation_f16_CHECK_RESNET101_NHWC_CONFIG8_BWD_f16 (27 of 107)
102760448  (102742434 18014 0 0) 1.0 (3702.0000000000 3700.0000000000) 2.000000 0.000351 6.3e-04 6.3e-04 (3150.0000000000 3148.0000000000) 9.8e-08 6.2e-06 0 0 0 0 0 1 0 fwd conv2d_host_validation_f16_CHECK_RESNET101_NHWC_CONFIG8_FWD_f16 (28 of 107)
16384      (16384 0 0 0) 0.0 (0.0000000000 0.0000000000) 0.000000 0.000000 0.0e+00 0.0e+00 (0.0000000000 0.0000000000) 0.0e+00 0.0e+00 0 0 0 0 0 1 0 bwd_weight conv2d_host_validation_f16_CHECK_RESNET101_NHWC_CONFIG8_WRW_f16 (29 of 107)
4194304    (4194304 0 0 0) 0.0 (0.0000000000 0.0000000000) 0.000000 0.000000 0.0e+00 0.0e+00 (0.0000000000 0.0000000000) 0.0e+00 0.0e+00 0 1 1 0 1 0 1 fwd conv2d_host_validation_f16_fwd_CHECK_FILTER1_f16 (30 of 107)
4194304    (4194304 0 0 0) 0.0 (0.0000000000 0.0000000000) 0.000000 0.000000 0.0e+00 0.0e+00 (0.0000000000 0.0000000000) 0.0e+00 0.0e+00 0 1 1 0 1 0 1 fwd conv2d_host_validation_f16_fwd_CHECK_FILTER2_f16 (31 of 107)
16777216   (16776897 319 0 0) 1.0 (525.5000000000 526.0000000000) 0.500000 0.000005 9.7e-04 9.7e-04 (514.5000000000 514.0000000000) 1.1e-08 1.7e-06 0 1 1 0 1 0 1 fwd conv2d_host_validation_f16_fwd_CHECK_ISSUE_114_1_f16 (32 of 107)
16777216   (16776897 319 0 0) 1.0 (525.5000000000 526.0000000000) 0.500000 0.000005 9.7e-04 9.7e-04 (514.5000000000 514.0000000000) 1.1e-08 1.7e-06 0 1 1 0 1 0 1 fwd conv2d_host_validation_f16_fwd_CHECK_ISSUE_114_2_f16 (33 of 107)
4194304    (4194229 75 0 0) 1.0 (452.5000000000 452.2500000000) 0.500000 0.000005 9.6e-04 9.6e-04 (518.5000000000 519.0000000000) 1.1e-08 1.7e-06 0 1 1 0 1 0 1 fwd conv2d_host_validation_f16_fwd_CHECK_ISSUE_114_3_f16 (34 of 107)
4194304    (4194229 75 0 0) 1.0 (452.5000000000 452.2500000000) 0.500000 0.000005 9.6e-04 9.6e-04 (518.5000000000 519.0000000000) 1.1e-08 1.7e-06 0 1 1 0 1 0 1 fwd conv2d_host_validation_f16_fwd_CHECK_ISSUE_114_4_f16 (35 of 107)
16777216   (16776873 343 0 0) 1.0 (425.2500000000 425.5000000000) 0.500000 0.000005 9.7e-04 9.7e-04 (513.5000000000 514.0000000000) 1.2e-08 1.8e-06 0 1 1 0 1 0 1 fwd conv2d_host_validation_f16_fwd_CHECK_ISSUE_114_5_f16 (36 of 107)
16777216   (16776873 343 0 0) 1.0 (425.2500000000 425.5000000000) 0.500000 0.000005 9.7e-04 9.7e-04 (513.5000000000 514.0000000000) 1.2e-08 1.8e-06 0 1 1 0 1 0 1 fwd conv2d_host_validation_f16_fwd_CHECK_ISSUE_114_6_f16 (37 of 107)
4194304    (4194210 94 0 0) 1.0 (425.2500000000 425.5000000000) 0.500000 0.000006 9.3e-04 9.3e-04 (536.5000000000 537.0000000000) 1.3e-08 1.8e-06 0 1 1 0 1 0 1 fwd conv2d_host_validation_f16_fwd_CHECK_ISSUE_114_7_f16 (38 of 107)
4194304    (4194210 94 0 0) 1.0 (425.2500000000 425.5000000000) 0.500000 0.000006 9.3e-04 9.3e-04 (536.5000000000 537.0000000000) 1.3e-08 1.8e-06 0 1 1 0 1 0 1 fwd conv2d_host_validation_f16_fwd_CHECK_ISSUE_114_8_f16 (39 of 107)
12845056   (12844999 57 0 0) 1.0 (56736.0000000000 56704.0000000000) 32.000000 0.000142 5.7e-04 5.7e-04 (56288.0000000000 56320.0000000000) 2.5e-09 0.0e+00 0 1 1 0 1 0 1 fwd conv2d_host_validation_f16_fwd_CHECK_ISSUE_127_11_f16 (40 of 107)
12845056   (12844852 204 0 0) 1.0 (57056.0000000000 57088.0000000000) 32.000000 0.000508 5.7e-04 5.7e-04 (55904.0000000000 55872.0000000000) 8.8e-09 0.0e+00 0 1 1 0 1 0 1 fwd conv2d_host_validation_f16_fwd_CHECK_ISSUE_127_12_f16 (41 of 107)
12845056   (12844231 825 0 0) 1.0 (57920.0000000000 57952.0000000000) 32.000000 0.002055 5.7e-04 5.7e-04 (56224.0000000000 56256.0000000000) 3.6e-08 0.0e+00 0 1 1 0 1 0 1 fwd conv2d_host_validation_f16_fwd_CHECK_ISSUE_127_13_f16 (42 of 107)
12845056   (12845050 6 0 0) 1.0 (57792.0000000000 57824.0000000000) 32.000000 0.000015 5.6e-04 5.6e-04 (56896.0000000000 56864.0000000000) 2.6e-10 0.0e+00 0 1 1 0 1 0 1 fwd conv2d_host_validation_f16_fwd_CHECK_ISSUE_127_14_f16 (43 of 107)
12845056   (12845056 0 0 0) 0.0 (0.0000000000 0.0000000000) 0.000000 0.000000 0.0e+00 0.0e+00 (0.0000000000 0.0000000000) 0.0e+00 0.0e+00 0 1 1 0 1 0 1 fwd conv2d_host_validation_f16_fwd_CHECK_ISSUE_127_1_f16 (44 of 107)
6422528    (6422528 0 0 0) 0.0 (0.0000000000 0.0000000000) 0.000000 0.000000 0.0e+00 0.0e+00 (0.0000000000 0.0000000000) 0.0e+00 0.0e+00 0 1 1 0 1 0 1 fwd conv2d_host_validation_f16_fwd_CHECK_ISSUE_127_2_f16 (45 of 107)
25690112   (25671026 18920 166 0) inf (inf 65504.0000000000) inf inf inf inf (65504.0000000000 inf) -nan -nan 0 1 1 0 1 0 1 fwd conv2d_host_validation_f16_fwd_CHECK_ISSUE_127_3_f16 (46 of 107)
12845056   (12845056 0 0 0) 0.0 (0.0000000000 0.0000000000) 0.000000 0.000000 0.0e+00 0.0e+00 (0.0000000000 0.0000000000) 0.0e+00 0.0e+00 0 1 1 0 1 0 1 fwd conv2d_host_validation_f16_fwd_CHECK_ISSUE_127_4_f16 (47 of 107)
12845056   (12844869 187 0 0) 1.0 (57088.0000000000 57120.0000000000) 32.000000 0.000466 5.7e-04 5.7e-04 (56256.0000000000 56288.0000000000) 8.1e-09 0.0e+00 0 1 1 0 1 0 1 fwd conv2d_host_validation_f16_fwd_CHECK_ISSUE_127_5_f16 (48 of 107)
7372800    (7371616 1184 0 0) 1.0 (3880.0000000000 3882.0000000000) 4.000000 0.000385 9.8e-04 9.8e-04 (4096.0000000000 4100.0000000000) 9.5e-08 6.8e-06 0 1 1 0 1 0 1 fwd conv2d_host_validation_f16_fwd_CHECK_ISSUE_40_1_f16 (49 of 107)
3440640    (3439755 885 0 0) 1.0 (8100.0000000000 8104.0000000000) 8.000000 0.001193 9.8e-04 9.8e-04 (8192.0000000000 8200.0000000000) 1.5e-07 8.6e-06 0 1 1 0 1 0 1 fwd conv2d_host_validation_f16_fwd_CHECK_ISSUE_40_2_f16 (50 of 107)
6422528    (6420013 2515 0 0) 1.0 (22352.0000000000 22336.0000000000) 16.000000 0.006265 7.5e-04 7.5e-04 (21328.0000000000 21312.0000000000) 2.8e-07 1.3e-05 0 1 1 0 1 0 1 fwd conv2d_host_validation_f16_fwd_CHECK_ISSUE_40_3_f16 (51 of 107)
14745600   (14741777 3823 0 0) 1.0 (8976.0000000000 8968.0000000000) 8.000000 0.002071 9.5e-04 9.5e-04 (8464.0000000000 8472.0000000000) 1.9e-07 1.0e-05 0 1 1 0 1 0 1 fwd conv2d_host_validation_f16_fwd_CHECK_ISSUE_40_4_f16 (52 of 107)
6881280    (6879653 1627 0 0) 1.0 (6632.0000000000 6628.0000000000) 4.000000 0.000946 6.4e-04 6.4e-04 (6240.0000000000 6244.0000000000) 1.4e-07 8.2e-06 0 1 0 0 0 0 1 fwd conv2d_host_validation_f16_fwd_CHECK_ISSUE_40_5_f16 (53 of 107)
1048576    (1048309 267 0 0) 1.0 (11600.0000000000 11592.0000000000) 8.000000 0.002037 7.5e-04 7.5e-04 (10600.0000000000 10608.0000000000) 1.8e-07 1.0e-05 0 1 1 0 1 0 1 fwd conv2d_host_validation_f16_fwd_CHECK_ISSUE_41_10_f16 (54 of 107)
12845056   (12842884 2172 0 0) 1.0 (3820.0000000000 3822.0000000000) 4.000000 0.000406 9.8e-04 9.8e-04 (4096.0000000000 4100.0000000000) 1.0e-07 6.9e-06 0 1 1 0 1 0 1 fwd conv2d_host_validation_f16_fwd_CHECK_ISSUE_41_11_f16 (55 of 107)
9437184    (9434543 2641 0 0) 1.0 (11776.0000000000 11784.0000000000) 8.000000 0.002239 7.6e-04 7.6e-04 (10568.0000000000 10560.0000000000) 2.0e-07 1.1e-05 0 1 1 0 1 0 1 fwd conv2d_host_validation_f16_fwd_CHECK_ISSUE_41_12_f16 (56 of 107)
921600     (921458 142 0 0) 1.0 (3880.0000000000 3882.0000000000) 4.000000 0.000371 9.8e-04 9.8e-04 (4096.0000000000 4100.0000000000) 9.2e-08 6.9e-06 0 1 1 0 1 0 1 fwd conv2d_host_validation_f16_fwd_CHECK_ISSUE_41_2_f16 (57 of 107)
1605632    (1605367 265 0 0) 1.0 (4022.0000000000 4020.0000000000) 4.000000 0.000396 9.8e-04 9.8e-04 (4096.0000000000 4100.0000000000) 9.8e-08 7.0e-06 0 1 1 0 1 0 1 fwd conv2d_host_validation_f16_fwd_CHECK_ISSUE_41_3_f16 (58 of 107)
200704     (200666 38 0 0) 1.0 (4022.0000000000 4020.0000000000) 4.000000 0.000438 9.7e-04 9.7e-04 (4116.0000000000 4120.0000000000) 1.1e-07 7.3e-06 0 1 1 0 1 0 1 fwd conv2d_host_validation_f16_fwd_CHECK_ISSUE_41_4_f16 (59 of 107)
1605632    (1605233 399 0 0) 1.0 (8100.0000000000 8104.0000000000) 8.000000 0.001166 9.8e-04 9.8e-04 (8192.0000000000 8200.0000000000) 1.4e-07 8.7e-06 0 1 1 0 1 0 1 fwd conv2d_host_validation_f16_fwd_CHECK_ISSUE_41_5_f16 (60 of 107)
802816     (802670 146 0 0) 1.0 (4022.0000000000 4020.0000000000) 4.000000 0.000441 9.8e-04 9.8e-04 (4100.0000000000 4096.0000000000) 1.1e-07 7.4e-06 0 1 1 0 1 0 1 fwd conv2d_host_validation_f16_fwd_CHECK_ISSUE_41_6_f16 (61 of 107)
4194304    (4193608 696 0 0) 1.0 (4216.0000000000 4220.0000000000) 4.000000 0.000383 9.8e-04 9.8e-04 (4096.0000000000 4100.0000000000) 1.0e-07 6.7e-06 0 1 1 0 1 0 1 fwd conv2d_host_validation_f16_fwd_CHECK_ISSUE_41_7_f16 (62 of 107)
3211264    (3210464 800 0 0) 1.0 (8992.0000000000 9000.0000000000) 8.000000 0.001977 9.4e-04 9.4e-04 (8536.0000000000 8528.0000000000) 1.8e-07 1.0e-05 0 1 1 0 1 0 1 fwd conv2d_host_validation_f16_fwd_CHECK_ISSUE_41_8_f16 (63 of 107)
2359296    (2358917 379 0 0) 1.0 (4046.0000000000 4048.0000000000) 4.000000 0.000395 9.8e-04 9.8e-04 (4100.0000000000 4096.0000000000) 9.7e-08 7.1e-06 0 1 1 0 1 0 1 fwd conv2d_host_validation_f16_fwd_CHECK_ISSUE_41_9_f16 (64 of 107)
25690112   (25671667 18445 0 0) 1.0 (57824.0000000000 57856.0000000000) 32.000000 0.022975 5.8e-04 5.8e-04 (55552.0000000000 55584.0000000000) 4.0e-07 1.4e-05 0 1 1 0 1 0 1 fwd conv2d_host_validation_f16_fwd_CHECK_KCYX_NCHW_NKHW1_f16 (65 of 107)
3686400    (3685986 414 0 0) 1.0 (1993.0000000000 1994.0000000000) 2.000000 0.000142 9.8e-04 9.8e-04 (2050.0000000000 2052.0000000000) 7.0e-08 5.6e-06 0 1 1 0 1 0 1 fwd conv2d_host_validation_f16_fwd_CHECK_KCYX_NCHW_NKHW2_f16 (66 of 107)
409600     (409555 45 0 0) 1.0 (2000.0000000000 1999.0000000000) 2.000000 0.000134 9.7e-04 9.7e-04 (2072.0000000000 2074.0000000000) 6.6e-08 5.4e-06 0 1 1 0 1 0 1 fwd conv2d_host_validation_f16_fwd_CHECK_KCYX_NCHW_NKHW3_f16 (67 of 107)
147456     (147442 14 0 0) 1.0 (2028.0000000000 2029.0000000000) 2.000000 0.000122 9.7e-04 9.7e-04 (2054.0000000000 2056.0000000000) 5.9e-08 5.4e-06 0 1 1 0 1 0 1 fwd conv2d_host_validation_f16_fwd_CHECK_KCYX_NCHW_NKHW4_f16 (68 of 107)
102400     (102386 14 0 0) 1.0 (1896.0000000000 1897.0000000000) 2.000000 0.000186 9.7e-04 9.7e-04 (2072.0000000000 2074.0000000000) 9.1e-08 6.9e-06 0 1 1 0 1 0 1 fwd conv2d_host_validation_f16_fwd_CHECK_KCYX_NCHW_NKHW5_f16 (69 of 107)
15745024   (15743203 1821 0 0) 1.0 (1862.0000000000 1863.0000000000) 2.000000 0.000116 9.8e-04 9.8e-04 (2050.0000000000 2052.0000000000) 6.5e-08 4.7e-06 0 1 1 0 1 0 1 fwd conv2d_host_validation_f16_fwd_CHECK_KCYX_NCHW_NKHW6_f16 (70 of 107)
13778944   (13775540 3404 0 0) 1.0 (6980.0000000000 6984.0000000000) 4.000000 0.000988 6.1e-04 6.1e-04 (6508.0000000000 6504.0000000000) 1.4e-07 7.8e-06 0 1 1 0 1 0 1 fwd conv2d_host_validation_f16_fwd_CHECK_KCYX_NCHW_NKHW7_f16 (71 of 107)
25690112   (25671596 18516 0 0) 1.0 (57024.0000000000 57056.0000000000) 32.000000 0.023064 5.7e-04 5.7e-04 (55680.0000000000 55712.0000000000) 4.0e-07 1.4e-05 0 1 1 0 1 0 1 fwd conv2d_host_validation_f16_fwd_CHECK_KYXC_NHWC_NHWK1_f16 (72 of 107)
3686400    (3686043 357 0 0) 1.0 (2054.0000000000 2052.0000000000) 2.000000 0.000121 9.8e-04 9.8e-04 (2048.0000000000 2050.0000000000) 6.0e-08 5.1e-06 0 1 1 0 1 0 1 fwd conv2d_host_validation_f16_fwd_CHECK_KYXC_NHWC_NHWK2_f16 (73 of 107)
409600     (409560 40 0 0) 1.0 (2066.0000000000 2064.0000000000) 2.000000 0.000117 9.7e-04 9.7e-04 (2066.0000000000 2064.0000000000) 5.8e-08 4.9e-06 0 1 1 0 1 0 1 fwd conv2d_host_validation_f16_fwd_CHECK_KYXC_NHWC_NHWK3_f16 (74 of 107)
147456     (147447 9 0 0) 1.0 (1934.0000000000 1935.0000000000) 2.000000 0.000081 9.6e-04 9.6e-04 (2094.0000000000 2096.0000000000) 4.0e-08 4.4e-06 0 1 1 0 1 0 1 fwd conv2d_host_validation_f16_fwd_CHECK_KYXC_NHWC_NHWK4_f16 (75 of 107)
102400     (102389 11 0 0) 1.0 (1992.0000000000 1991.0000000000) 2.000000 0.000137 9.6e-04 9.6e-04 (2092.0000000000 2094.0000000000) 6.6e-08 5.6e-06 0 1 1 0 1 0 1 fwd conv2d_host_validation_f16_fwd_CHECK_KYXC_NHWC_NHWK5_f16 (76 of 107)
15745024   (15743074 1950 0 0) 1.0 (1765.0000000000 1766.0000000000) 2.000000 0.000124 9.7e-04 9.7e-04 (2058.0000000000 2060.0000000000) 6.9e-08 5.0e-06 0 1 1 0 1 0 1 fwd conv2d_host_validation_f16_fwd_CHECK_KYXC_NHWC_NHWK6_f16 (77 of 107)
13778944   (13775507 3437 0 0) 1.0 (7128.0000000000 7124.0000000000) 4.000000 0.000998 6.0e-04 6.0e-04 (6652.0000000000 6656.0000000000) 1.4e-07 7.8e-06 0 1 1 0 1 0 1 fwd conv2d_host_validation_f16_fwd_CHECK_KYXC_NHWC_NHWK7_f16 (78 of 107)
802816     (802736 80 0 0) 1.0 (2028.0000000000 2029.0000000000) 2.000000 0.000128 9.7e-04 9.7e-04 (2054.0000000000 2056.0000000000) 6.7e-08 5.4e-06 0 1 1 0 1 0 1 fwd conv2d_host_validation_f16_fwd_CHECK_PADDING1_f16 (79 of 107)
802816     (802746 70 0 0) 1.0 (1934.0000000000 1935.0000000000) 2.000000 0.000094 9.7e-04 9.7e-04 (2068.0000000000 2070.0000000000) 5.2e-08 4.2e-06 0 1 1 0 1 0 1 fwd conv2d_host_validation_f16_fwd_CHECK_PADDING2_f16 (80 of 107)
2048       (2048 0 0 0) 0.0 (0.0000000000 0.0000000000) 0.000000 0.000000 0.0e+00 0.0e+00 (0.0000000000 0.0000000000) 0.0e+00 0.0e+00 0 1 1 0 1 0 1 fwd conv2d_host_validation_f16_fwd_CHECK_PADDING3_f16 (81 of 107)
205520896  (205485108 35788 0 0) 1.0 (3520.0000000000 3518.0000000000) 4.000000 0.000348 9.8e-04 9.8e-04 (4096.0000000000 4100.0000000000) 9.7e-08 6.2e-06 0 1 0 0 1 0 1 fwd conv2d_host_validation_f32_fwd_GROUP_NCHW_f16 (82 of 107)
51380224   (51371040 9184 0 0) 1.0 (3520.0000000000 3518.0000000000) 2.000000 0.000357 6.2e-04 6.2e-04 (3214.0000000000 3212.0000000000) 9.9e-08 6.3e-06 1 0 0 0 0 1 0 fwd conv2d_host_validation_random_CHECK_KCYX_NCHW_NKHW_5_f16 (83 of 107)
51380224   (51371040 9184 0 0) 1.0 (3520.0000000000 3518.0000000000) 2.000000 0.000357 6.2e-04 6.2e-04 (3214.0000000000 3212.0000000000) 9.9e-08 6.3e-06 1 0 0 0 0 1 0 fwd conv2d_host_validation_random_CHECK_KCYX_NCHW_NKHW_6_f16 (84 of 107)
47775744   (47750489 25255 0 0) 1.0 (32736.0000000000 32752.0000000000) 32.000000 0.009081 9.8e-04 9.8e-04 (32768.0000000000 32800.0000000000) 2.8e-07 1.2e-05 1 0 0 0 0 1 0 fwd conv2d_host_validation_random_CHECK_KCYX_NCHW_NKHW_7_f16 (85 of 107)
51380224   (51353664 26560 0 0) 1.0 (32736.0000000000 32752.0000000000) 32.000000 0.008848 9.8e-04 9.8e-04 (32768.0000000000 32800.0000000000) 2.8e-07 1.2e-05 1 0 0 0 0 1 0 fwd conv2d_host_validation_random_CHECK_KCYX_NCHW_NKHW_8_f16 (86 of 107)
16777216   (16776897 319 0 0) 1.0 (525.5000000000 526.0000000000) 0.500000 0.000005 9.7e-04 9.7e-04 (514.5000000000 514.0000000000) 1.1e-08 1.7e-06 1 0 0 0 0 1 0 fwd conv2d_host_validation_random_CHECK_KYXC_NHWC_NHWK_4_f16 (87 of 107)
16777216   (16776897 319 0 0) 1.0 (525.5000000000 526.0000000000) 0.500000 0.000005 9.7e-04 9.7e-04 (514.5000000000 514.0000000000) 1.1e-08 1.7e-06 1 0 0 0 0 1 0 fwd conv2d_host_validation_random_CHECK_KYXC_NHWC_NHWK_5_f16 (88 of 107)
25690112   (25671667 18445 0 0) 1.0 (57824.0000000000 57856.0000000000) 32.000000 0.022975 5.8e-04 5.8e-04 (55552.0000000000 55584.0000000000) 4.0e-07 1.4e-05 1 0 1 0 0 1 0 fwd conv2d_host_validation_random_CHECK_RAND_FLOAT_2_f16 (89 of 107)
205520896  (205485070 35826 0 0) 1.0 (3702.0000000000 3700.0000000000) 4.000000 0.000349 9.7e-04 9.7e-04 (4140.0000000000 4136.0000000000) 9.7e-08 6.1e-06 1 0 0 0 0 1 0 fwd conv2d_host_validation_random_GROUP_NHWC_f16 (90 of 107)
30720      (30716 4 0 0) 1.0 (8108.0000000000 8112.0000000000) 8.000000 0.000781 9.7e-04 9.7e-04 (8248.0000000000 8240.0000000000) 9.7e-08 8.0e-06 0 1 0 0 1 0 1 fwd padding_kernel_all_fwd_CHECK_RESNET50_CONFIG2_f16 (91 of 107)
30720      (30715 5 0 0) 1.0 (8600.0000000000 8608.0000000000) 8.000000 0.000911 9.3e-04 9.3e-04 (8576.0000000000 8584.0000000000) 1.2e-07 8.5e-06 0 1 0 0 1 0 1 fwd padding_kernel_all_fwd_CHECK_RESNET50_CONFIG4_f16 (92 of 107)
882        (882 0 0 0) 0.0 (0.0000000000 0.0000000000) 0.000000 0.000000 0.0e+00 0.0e+00 (0.0000000000 0.0000000000) 0.0e+00 0.0e+00 0 1 0 0 1 0 1 bwd_weight padding_kernel_all_wrw_CHECK_RESNET50_CONFIG2_f16 (93 of 107)
882        (882 0 0 0) 0.0 (0.0000000000 0.0000000000) 0.000000 0.000000 0.0e+00 0.0e+00 (0.0000000000 0.0000000000) 0.0e+00 0.0e+00 0 1 0 0 1 0 1 bwd_weight padding_kernel_all_wrw_CHECK_RESNET50_CONFIG4_f16 (94 of 107)
205520896  (205479189 41707 0 0) 1.0 (8240.0000000000 8248.0000000000) 8.000000 0.001173 9.8e-04 9.8e-04 (8192.0000000000 8200.0000000000) 1.4e-07 9.5e-06 0 1 1 0 1 0 1 fwd padding_kernel_gemmK_CHECK_RESNET50_F16_CONFIG1 (95 of 107)
205520896  (205479407 41489 0 0) 1.0 (8408.0000000000 8400.0000000000) 8.000000 0.001187 9.8e-04 9.8e-04 (8192.0000000000 8200.0000000000) 1.4e-07 9.6e-06 0 1 1 0 1 0 1 fwd padding_kernel_gemmK_CHECK_RESNET50_F16_CONFIG2 (96 of 107)
205520896  (205479310 41586 0 0) 1.0 (8616.0000000000 8624.0000000000) 8.000000 0.001191 9.8e-04 9.8e-04 (8192.0000000000 8200.0000000000) 1.4e-07 9.5e-06 0 1 1 0 1 0 1 fwd padding_kernel_gemmK_CHECK_RESNET50_F16_CONFIG4 (97 of 107)
9408       (9408 0 0 0) 0.0 (0.0000000000 0.0000000000) 0.000000 0.000000 0.0e+00 0.0e+00 (0.0000000000 0.0000000000) 0.0e+00 0.0e+00 0 1 1 0 1 0 1 bwd_weight padding_kernel_gemmN_CHECK_RESNET50_CONFIG2 (98 of 107)
9408       (9408 0 0 0) 0.0 (0.0000000000 0.0000000000) 0.000000 0.000000 0.0e+00 0.0e+00 (0.0000000000 0.0000000000) 0.0e+00 0.0e+00 0 1 1 0 1 0 1 bwd_weight padding_kernel_gemmN_CHECK_RESNET50_CONFIG4 (99 of 107)
6422528    (6418011 4481 36 0) inf (inf 65504.0000000000) inf inf inf inf (65504.0000000000 inf) -nan -nan 0 0 0 0 1 0 1 fwd Resnet50_validation_nchw_CHECK_NCHW_1_f16 (100 of 107)
25690112   (25683586 6526 0 0) 1.0 (7588.0000000000 7584.0000000000) 4.000000 0.001016 6.0e-04 6.0e-04 (6628.0000000000 6624.0000000000) 1.4e-07 7.9e-06 0 0 0 0 1 0 1 fwd Resnet50_validation_nchw_CHECK_NCHW_2_f16 (101 of 107)
147456     (147456 0 0 0) 0.0 (0.0000000000 0.0000000000) 0.000000 0.000000 0.0e+00 0.0e+00 (0.0000000000 0.0000000000) 0.0e+00 0.0e+00 0 0 0 0 1 0 1 bwd_weight Resnet50_validation_nchw_CHECK_NCHW_3_f16 (102 of 107)
65536      (65536 0 0 0) 0.0 (0.0000000000 0.0000000000) 0.000000 0.000000 0.0e+00 0.0e+00 (0.0000000000 0.0000000000) 0.0e+00 0.0e+00 0 0 0 0 1 0 1 bwd_weight Resnet50_validation_nchw_CHECK_NCHW_4_f16 (103 of 107)
6422528    (6417974 4521 33 0) inf (inf 65504.0000000000) inf inf inf inf (65504.0000000000 inf) -nan -nan 0 0 0 0 1 0 1 fwd Resnet50_validation_nhwc_CHECK_NHWC_1_f16 (104 of 107)
25690112   (25683675 6437 0 0) 1.0 (7344.0000000000 7348.0000000000) 4.000000 0.001002 6.1e-04 6.1e-04 (6600.0000000000 6596.0000000000) 1.4e-07 7.8e-06 0 0 0 0 1 0 1 fwd Resnet50_validation_nhwc_CHECK_NHWC_2_f16 (105 of 107)
147456     (147456 0 0 0) 0.0 (0.0000000000 0.0000000000) 0.000000 0.000000 0.0e+00 0.0e+00 (0.0000000000 0.0000000000) 0.0e+00 0.0e+00 0 0 0 0 1 0 1 bwd_weight Resnet50_validation_nhwc_CHECK_NHWC_3_f16 (106 of 107)
65536      (65536 0 0 0) 0.0 (0.0000000000 0.0000000000) 0.000000 0.000000 0.0e+00 0.0e+00 (0.0000000000 0.0000000000) 0.0e+00 0.0e+00 0 0 0 0 1 0 1 bwd_weight Resnet50_validation_nhwc_CHECK_NHWC_4_f16 (107 of 107)
