25690112   (25589264 92331 8517 0) 863.0 (-0.0000724196 -0.0000209808) 0.250000 0.000006 3.6e+00 7.6e-02 (0.0011281967 0.0010423660) 5.1e-06 5.8e-07 1 0 0 0 0 1 0 fwd conv2d_harness_cpu_verifier_kyxc_nhwc_nhwk_f16_E2E_f16 (1 of 107)
802816     (802816 0 0 0) 0.0 (0.0000000000 0.0000000000) 0.000000 0.000000 0.0e+00 0.0e+00 (0.0000000000 0.0000000000) 0.0e+00 0.0e+00 0 1 1 0 1 0 1 bwd_data conv2d_host_validation_f16_bwd_CHECK_BWD_DATA1 (2 of 107)
4096       (4053 35 8 0) 6.0 (0.0152587891 0.0152130127) 1.000000 0.000294 3.0e-03 3.0e-03 (-0.0050506592 -0.0050354004) 1.1e-05 1.5e-05 0 1 1 0 1 0 1 bwd_weight conv2d_host_validation_f16_bwd_CHECK_BWD_WEIGHT1 (3 of 107)
147456     (145002 2200 254 0) 3989.0 (-0.0003585815 -0.0001208186) 0.125000 0.000229 6.6e-01 8.5e-02 (0.0017728806 0.0016222000) 2.1e-05 1.0e-05 0 1 1 0 1 0 1 bwd_weight conv2d_host_validation_f16_bwd_CHECK_ISSUE_127_10 (4 of 107)
294912     (291256 3330 326 0) 1312.0 (0.0000516176 0.0001298189) 0.125000 0.000115 1.5e+00 1.2e-01 (-0.0013875961 -0.0012197495) 1.8e-05 9.2e-06 0 1 1 0 1 0 1 bwd_weight conv2d_host_validation_f16_bwd_CHECK_ISSUE_127_15 (5 of 107)
589824     (584097 5219 508 0) 85.0 (-0.0000948310 -0.0000897646) 4.000000 0.000064 5.7e-02 5.7e-02 (0.0012531281 0.0013246536) 1.0e-05 1.3e-06 0 1 1 0 1 0 1 bwd_weight conv2d_host_validation_f16_bwd_CHECK_ISSUE_127_16 (6 of 107)
1179648    (1171104 7797 747 0) 682.0 (0.0000910759 0.0001317263) 0.062500 0.000027 4.5e-01 5.5e-02 (0.0011863708 0.0011215210) 8.4e-06 5.3e-06 0 1 1 0 1 0 1 bwd_weight conv2d_host_validation_f16_bwd_CHECK_ISSUE_127_17 (7 of 107)
147456     (143010 3972 474 0) 4371.0 (0.0002048016 -0.0000557303) 0.250000 0.000938 1.3e+00 1.9e-01 (-0.0084304810 -0.0100479126) 4.6e-05 1.5e-05 0 1 1 0 1 0 1 bwd_weight conv2d_host_validation_f16_bwd_CHECK_ISSUE_127_18 (8 of 107)
2097152    (2084064 12013 1075 0) 616.0 (-0.0000207424 -0.0000574589) 0.062500 0.000018 2.4e+00 4.6e-02 (0.0012493134 0.0011920929) 8.9e-06 5.2e-06 0 1 1 0 1 0 1 bwd_weight conv2d_host_validation_f16_bwd_CHECK_ISSUE_127_6 (9 of 107)
262144     (259509 2402 233 0) 2145.0 (0.0001186728 0.0002465248) 0.062500 0.000062 1.1e+00 5.0e-02 (-0.0010366440 -0.0010881424) 1.5e-05 7.2e-06 0 1 1 0 1 0 1 bwd_weight conv2d_host_validation_f16_bwd_CHECK_ISSUE_127_7 (10 of 107)
147456     (144974 2250 232 0) 195.0 (-0.0020942688 -0.0024662018) 0.125000 0.000232 1.8e-01 1.8e-01 (-0.0020942688 -0.0024662018) 1.8e-05 1.0e-05 0 1 1 0 1 0 1 bwd_weight conv2d_host_validation_f16_bwd_CHECK_ISSUE_127_8 (11 of 107)
147456     (145156 2054 246 0) 92.0 (-0.0013484955 -0.0012607574) 0.125000 0.000199 6.5e-02 6.5e-02 (-0.0013484955 -0.0012607574) 1.8e-05 1.9e-07 0 1 1 0 1 0 1 bwd_weight conv2d_host_validation_f16_bwd_CHECK_ISSUE_127_9 (12 of 107)
1024       (1016 5 3 0) 3.0 (-0.0056571960 -0.0056686401) 0.015625 0.000038 2.0e-03 2.0e-03 (-0.0056571960 -0.0056686401) 8.0e-06 1.1e-05 0 1 1 0 1 0 1 bwd_weight conv2d_host_validation_f16_bwd_CHECK_ISSUE_70_1 (13 of 107)
65536      (64472 948 116 0) 148.0 (-0.0029201508 -0.0032024384) 16.000000 0.000715 9.7e-02 9.7e-02 (-0.0029201508 -0.0032024384) 2.0e-05 5.2e-06 0 1 1 0 1 0 1 bwd_weight conv2d_host_validation_f16_bwd_CHECK_ISSUE_70_2 (14 of 107)
4096       (4074 19 3 0) 25.0 (0.0007710457 0.0007829666) 0.062500 0.000048 1.5e-02 1.1e-03 (0.0071105957 0.0071182251) 7.8e-06 2.0e-05 0 1 1 0 1 0 1 bwd_weight conv2d_host_validation_f16_bwd_CHECK_ISSUE_70_3 (15 of 107)
1024       (1022 2 0 0) 1.0 (0.8613281250 0.8618164062) 0.000488 0.000001 5.7e-04 5.7e-04 (0.8613281250 0.8618164062) 1.1e-06 3.9e-08 0 1 1 0 1 0 1 bwd_weight conv2d_host_validation_f16_bwd_CHECK_ISSUE_71_1 (16 of 107)
1024       (1022 2 0 0) 1.0 (1.0800781250 1.0810546875) 0.000977 0.000002 9.0e-04 9.0e-04 (1.0800781250 1.0810546875) 1.8e-06 4.0e-08 0 1 1 0 1 0 1 bwd_weight conv2d_host_validation_f16_bwd_CHECK_ISSUE_71_2 (17 of 107)
1024       (1006 18 0 0) 1.0 (-0.4833984375 -0.4831542969) 0.031250 0.000129 9.3e-04 9.3e-04 (-16.7656250000 -16.7812500000) 1.2e-05 4.0e-07 0 1 1 0 1 0 1 bwd_weight conv2d_host_validation_f16_bwd_CHECK_ISSUE_71_3 (18 of 107)
1024       (1015 9 0 0) 1.0 (-0.1927490234 -0.1926269531) 0.003906 0.000008 9.7e-04 9.7e-04 (0.0627441406 0.0626831055) 6.7e-06 2.0e-06 0 1 1 0 1 0 1 bwd_weight conv2d_host_validation_f16_bwd_CHECK_ISSUE_71_4 (19 of 107)
12845056   (12818805 24131 2120 0) 536.0 (0.0000219345 -0.0000100136) 0.015625 0.000002 7.4e+00 4.1e-02 (0.0011062622 0.0010604858) 3.5e-06 2.6e-06 0 0 0 0 0 1 0 fwd conv2d_host_validation_f16_CHECK_RESNET101_NCHW_CONFIG1_FWD_f16 (20 of 107)
12845056   (12820296 22691 2069 0) 954.0 (-0.0001690388 -0.0001121759) 0.015625 0.000001 2.4e+00 4.7e-02 (0.0012073517 0.0012645721) 2.9e-06 2.4e-06 0 0 0 0 0 1 0 fwd conv2d_host_validation_f16_CHECK_RESNET101_NCHW_CONFIG2_FWD_f16 (21 of 107)
25690112   (25690112 0 0 0) 0.0 (0.0000000000 0.0000000000) 0.000000 0.000000 0.0e+00 0.0e+00 (0.0000000000 0.0000000000) 0.0e+00 0.0e+00 0 0 0 0 0 1 0 bwd_data conv2d_host_validation_f16_CHECK_RESNET101_NCHW_CONFIG8_BWD_f16 (22 of 107)
102760448  (102658326 93381 8741 0) 697.0 (-0.0000301003 -0.0000716448) 0.007812 0.000000 6.4e+00 4.4e-02 (-0.0010137558 -0.0010585785) 1.4e-06 1.8e-06 0 0 0 0 0 1 0 fwd conv2d_host_validation_f16_CHECK_RESNET101_NCHW_CONFIG8_FWD_f16 (23 of 107)
16384      (16010 343 31 0) 100.0 (-0.0132446289 -0.0140075684) 0.500000 0.000534 5.8e-02 5.8e-02 (-0.0132446289 -0.0140075684) 2.4e-05 6.5e-06 0 0 0 0 0 1 0 bwd_weight conv2d_host_validation_f16_CHECK_RESNET101_NCHW_CONFIG8_WRW_f16 (24 of 107)
12845056   (12817661 25227 2168 0) 885.0 (0.0000390410 -0.0000137091) 0.015625 0.000002 9.6e+00 3.8e-02 (0.0011997223 0.0011539459) 3.5e-06 2.7e-06 0 0 0 0 0 1 0 fwd conv2d_host_validation_f16_CHECK_RESNET101_NHWC_CONFIG1_FWD_f16 (25 of 107)
12845056   (12818510 24308 2238 0) 919.0 (-0.0001173615 -0.0000625849) 0.015625 0.000002 2.2e+00 3.9e-02 (0.0010938644 0.0010509491) 2.8e-06 2.5e-06 0 0 0 0 0 1 0 fwd conv2d_host_validation_f16_CHECK_RESNET101_NHWC_CONFIG2_FWD_f16 (26 of 107)
25690112   (25690112 0 0 0) 0.0 (0.0000000000 0.0000000000) 0.000000 0.000000 0.0e+00 0.0e+00 (0.0000000000 0.0000000000) 0.0e+00 0.0e+00 0 0 0 0 0 1 0 bwd_data conv2d_host_validation_f16_CHECK_RESNET101_NHWC_CONFIG8_BWD_f16 (27 of 107)
102760448  (102657040 94671 8737 0) 714.0 (-0.0001353025 -0.0000927448) 0.007812 0.000000 5.3e+00 4.0e-02 (-0.0012235641 -0.0012722015) 1.4e-06 9.4e-07 0 0 0 0 0 1 0 fwd conv2d_host_validation_f16_CHECK_RESNET101_NHWC_CONFIG8_FWD_f16 (28 of 107)
16384      (16019 326 39 0) 566.0 (0.0002779961 0.0004129410) 0.125000 0.000518 4.9e-01 3.4e-02 (-0.0152130127 -0.0147018433) 5.4e-05 1.4e-05 0 0 0 0 0 1 0 bwd_weight conv2d_host_validation_f16_CHECK_RESNET101_NHWC_CONFIG8_WRW_f16 (29 of 107)
4194304    (4193896 391 17 0) 52.0 (-0.0005922318 -0.0006170273) 0.000977 0.000000 4.2e-02 1.4e-02 (0.0016040802 0.0016260147) 8.7e-08 5.4e-07 0 1 1 0 1 0 1 fwd conv2d_host_validation_f16_fwd_CHECK_FILTER1_f16 (30 of 107)
4194304    (4193879 405 20 0) 25.0 (-0.0010557175 -0.0010795593) 0.000977 0.000000 7.7e-02 2.3e-02 (-0.0010557175 -0.0010795593) 1.1e-07 6.1e-07 0 1 1 0 1 0 1 fwd conv2d_host_validation_f16_fwd_CHECK_FILTER2_f16 (31 of 107)
16777216   (16774074 3032 110 0) 412.0 (-0.0000150204 0.0000095367) 0.001953 0.000000 1.6e+00 1.3e-02 (0.0032005310 0.0032424927) 2.6e-07 7.6e-07 0 1 1 0 1 0 1 fwd conv2d_host_validation_f16_fwd_CHECK_ISSUE_114_1_f16 (32 of 107)
16777216   (16774074 3032 110 0) 412.0 (-0.0000150204 0.0000095367) 0.001953 0.000000 1.6e+00 1.3e-02 (0.0032005310 0.0032424927) 2.6e-07 7.6e-07 0 1 1 0 1 0 1 fwd conv2d_host_validation_f16_fwd_CHECK_ISSUE_114_2_f16 (33 of 107)
4194304    (4193500 776 28 0) 9.0 (-0.0054130554 -0.0053787231) 0.001953 0.000000 1.4e-02 6.3e-03 (-0.0054130554 -0.0053787231) 1.5e-07 8.5e-07 0 1 1 0 1 0 1 fwd conv2d_host_validation_f16_fwd_CHECK_ISSUE_114_3_f16 (34 of 107)
4194304    (4193500 776 28 0) 9.0 (-0.0054130554 -0.0053787231) 0.001953 0.000000 1.4e-02 6.3e-03 (-0.0054130554 -0.0053787231) 1.5e-07 8.5e-07 0 1 1 0 1 0 1 fwd conv2d_host_validation_f16_fwd_CHECK_ISSUE_114_4_f16 (35 of 107)
16777216   (16774093 3028 95 0) 74.0 (-0.0007004738 -0.0006651878) 0.001953 0.000000 2.5e-01 1.7e-02 (0.0029964447 0.0030460358) 2.0e-07 8.2e-07 0 1 1 0 1 0 1 fwd conv2d_host_validation_f16_fwd_CHECK_ISSUE_114_5_f16 (36 of 107)
16777216   (16774093 3028 95 0) 74.0 (-0.0007004738 -0.0006651878) 0.001953 0.000000 2.5e-01 1.7e-02 (0.0029964447 0.0030460358) 2.0e-07 8.2e-07 0 1 1 0 1 0 1 fwd conv2d_host_validation_f16_fwd_CHECK_ISSUE_114_6_f16 (37 of 107)
4194304    (4193512 766 26 0) 74.0 (-0.0007004738 -0.0006651878) 0.001953 0.000000 5.0e-02 6.5e-03 (-0.0052528381 -0.0052185059) 1.7e-07 8.5e-07 0 1 1 0 1 0 1 fwd conv2d_host_validation_f16_fwd_CHECK_ISSUE_114_7_f16 (38 of 107)
4194304    (4193512 766 26 0) 74.0 (-0.0007004738 -0.0006651878) 0.001953 0.000000 5.0e-02 6.5e-03 (-0.0052528381 -0.0052185059) 1.7e-07 8.5e-07 0 1 1 0 1 0 1 fwd conv2d_host_validation_f16_fwd_CHECK_ISSUE_114_8_f16 (39 of 107)
12845056   (12774475 64567 6014 0) 934.0 (0.0001065731 0.0001622438) 0.125000 0.000013 7.9e+01 6.1e-02 (0.0013360977 0.0014171600) 1.4e-05 1.2e-06 0 1 1 0 1 0 1 fwd conv2d_host_validation_f16_fwd_CHECK_ISSUE_127_11_f16 (40 of 107)
12845056   (12775403 63674 5979 0) 898.0 (-0.0000346899 -0.0000882149) 0.250000 0.000012 1.3e+01 4.7e-02 (0.0019149780 0.0018243790) 8.9e-06 1.2e-06 0 1 1 0 1 0 1 fwd conv2d_host_validation_f16_fwd_CHECK_ISSUE_127_12_f16 (41 of 107)
12845056   (12779631 59831 5594 0) 1225.0 (0.0000385046 -0.0000345111) 0.250000 0.000011 3.8e+00 4.8e-02 (-0.0012483597 -0.0013084412) 7.3e-06 1.2e-06 0 1 1 0 1 0 1 fwd conv2d_host_validation_f16_fwd_CHECK_ISSUE_127_13_f16 (42 of 107)
12845056   (12771731 67036 6289 0) 1033.0 (-0.0000482202 -0.0001097918) 0.062500 0.000013 3.7e+01 5.9e-02 (0.0011606216 0.0010919571) 1.2e-05 1.3e-06 0 1 1 0 1 0 1 fwd conv2d_host_validation_f16_fwd_CHECK_ISSUE_127_14_f16 (43 of 107)
12845056   (12772674 66099 6283 0) 1148.0 (0.0000543594 0.0001227856) 0.031250 0.000013 8.7e+00 5.3e-02 (0.0010337830 0.0009794235) 8.9e-06 1.3e-06 0 1 1 0 1 0 1 fwd conv2d_host_validation_f16_fwd_CHECK_ISSUE_127_1_f16 (44 of 107)
6422528    (6376484 42019 4025 0) 1102.0 (-0.0001152754 -0.0000495911) 0.500000 0.000025 7.6e+01 7.0e-02 (0.0010948181 0.0010185242) 2.2e-05 1.2e-06 0 1 1 0 1 0 1 fwd conv2d_host_validation_f16_fwd_CHECK_ISSUE_127_2_f16 (45 of 107)
25690112   (25578479 102129 9504 0) 1308.0 (0.0000920296 0.0000140667) 0.031250 0.000007 3.7e+00 5.2e-02 (0.0010805130 0.0010242462) 6.1e-06 3.7e-06 0 1 1 0 1 0 1 fwd conv2d_host_validation_f16_fwd_CHECK_ISSUE_127_3_f16 (46 of 107)
12845056   (12773505 65530 6021 0) 765.0 (-0.0000302792 0.0000153184) 0.031250 0.000013 1.2e+02 5.1e-02 (0.0010299683 0.0010824203) 1.8e-05 4.3e-06 0 1 1 0 1 0 1 fwd conv2d_host_validation_f16_fwd_CHECK_ISSUE_127_4_f16 (47 of 107)
12845056   (12776855 62341 5860 0) 934.0 (-0.0001201630 -0.0000644922) 0.031250 0.000012 2.1e+01 3.7e-02 (-0.0016613007 -0.0017232895) 9.3e-06 4.3e-06 0 1 1 0 1 0 1 fwd conv2d_host_validation_f16_fwd_CHECK_ISSUE_127_5_f16 (48 of 107)
7372800    (7361101 10585 1114 0) 608.0 (0.0000681281 0.0000318885) 0.007812 0.000001 5.3e-01 2.8e-02 (-0.0010395050 -0.0010099411) 2.0e-06 2.3e-06 0 1 1 0 1 0 1 fwd conv2d_host_validation_f16_fwd_CHECK_ISSUE_40_1_f16 (49 of 107)
3440640    (3435158 5060 422 0) 243.0 (-0.0001661777 -0.0001372099) 0.007812 0.000001 2.7e-01 2.7e-02 (-0.0012550354 -0.0012893677) 1.9e-06 2.4e-06 0 1 1 0 1 0 1 fwd conv2d_host_validation_f16_fwd_CHECK_ISSUE_40_2_f16 (50 of 107)
6422528    (6404988 16139 1401 0) 413.0 (-0.0000974536 -0.0000728369) 0.015625 0.000003 2.9e-01 3.5e-02 (-0.0011873245 -0.0011453629) 3.1e-06 3.0e-06 0 1 1 0 1 0 1 fwd conv2d_host_validation_f16_fwd_CHECK_ISSUE_40_3_f16 (51 of 107)
14745600   (14719428 24125 2047 0) 764.0 (-0.0000619292 -0.0000163913) 0.015625 0.000001 2.3e+00 3.0e-02 (-0.0012016296 -0.0011653900) 2.3e-06 2.5e-06 0 1 1 0 1 0 1 fwd conv2d_host_validation_f16_fwd_CHECK_ISSUE_40_4_f16 (52 of 107)
6881280    (6871037 9403 840 0) 267.0 (0.0000830889 0.0000990033) 0.007812 0.000001 4.1e-01 3.5e-02 (0.0010032654 0.0009684563) 1.8e-06 2.2e-06 0 1 0 0 0 0 1 fwd conv2d_host_validation_f16_fwd_CHECK_ISSUE_40_5_f16 (53 of 107)
1048576    (1046656 1768 152 0) 52.0 (0.0005936623 0.0006184578) 0.007812 0.000001 4.2e-02 2.5e-02 (0.0015325546 0.0014944077) 1.7e-06 2.7e-06 0 1 1 0 1 0 1 fwd conv2d_host_validation_f16_fwd_CHECK_ISSUE_41_10_f16 (54 of 107)
12845056   (12828741 14926 1389 0) 599.0 (0.0000470877 0.0000113845) 0.007812 0.000001 1.0e+00 3.5e-02 (-0.0010509491 -0.0010137558) 1.7e-06 2.0e-06 0 1 1 0 1 0 1 fwd conv2d_host_validation_f16_fwd_CHECK_ISSUE_41_11_f16 (55 of 107)
9437184    (9420211 15638 1335 0) 442.0 (-0.0000540614 -0.0000277162) 0.015625 0.000001 7.0e+00 4.8e-02 (-0.0011997223 -0.0011425018) 2.9e-06 2.4e-06 0 1 1 0 1 0 1 fwd conv2d_host_validation_f16_fwd_CHECK_ISSUE_41_12_f16 (56 of 107)
921600     (920113 1345 142 0) 417.0 (-0.0000886321 -0.0000637770) 0.003906 0.000001 2.8e-01 2.8e-02 (-0.0010395050 -0.0010099411) 2.4e-06 2.3e-06 0 1 1 0 1 0 1 fwd conv2d_host_validation_f16_fwd_CHECK_ISSUE_41_2_f16 (57 of 107)
1605632    (1603228 2188 216 0) 524.0 (-0.0000028610 0.0000283718) 0.007812 0.000001 1.1e+01 2.4e-02 (-0.0014333725 -0.0013990402) 8.4e-06 2.6e-06 0 1 1 0 1 0 1 fwd conv2d_host_validation_f16_fwd_CHECK_ISSUE_41_3_f16 (58 of 107)
200704     (200389 285 30 0) 36.0 (-0.0014333725 -0.0013990402) 0.003906 0.000001 2.4e-02 2.4e-02 (-0.0014333725 -0.0013990402) 1.5e-06 2.5e-06 0 1 1 0 1 0 1 fwd conv2d_host_validation_f16_fwd_CHECK_ISSUE_41_4_f16 (59 of 107)
1605632    (1603089 2340 203 0) 141.0 (-0.0000852346 -0.0000768304) 0.007812 0.000001 2.3e-01 1.6e-02 (0.0019464493 0.0019159317) 1.7e-06 2.5e-06 0 1 1 0 1 0 1 fwd conv2d_host_validation_f16_fwd_CHECK_ISSUE_41_5_f16 (60 of 107)
802816     (801604 1111 101 0) 76.0 (-0.0007410049 -0.0007047653) 0.007812 0.000001 4.9e-02 2.4e-02 (-0.0014333725 -0.0013990402) 1.5e-06 2.7e-06 0 1 1 0 1 0 1 fwd conv2d_host_validation_f16_fwd_CHECK_ISSUE_41_6_f16 (61 of 107)
4194304    (4189116 4709 479 0) 202.0 (0.0001139641 0.0001019239) 0.007812 0.000000 2.0e+00 1.8e-02 (-0.0020046234 -0.0019683838) 1.8e-06 2.1e-06 0 1 1 0 1 0 1 fwd conv2d_host_validation_f16_fwd_CHECK_ISSUE_41_7_f16 (62 of 107)
3211264    (3205688 5136 440 0) 149.0 (0.0003602505 0.0003247261) 0.007812 0.000001 2.4e-01 2.6e-02 (0.0011634827 0.0011940002) 1.9e-06 2.5e-06 0 1 1 0 1 0 1 fwd conv2d_host_validation_f16_fwd_CHECK_ISSUE_41_8_f16 (63 of 107)
2359296    (2356331 2723 242 0) 76.0 (-0.0005283356 -0.0004920959) 0.007812 0.000001 4.0e-01 2.4e-02 (0.0015907288 0.0015525818) 1.5e-06 2.1e-06 0 1 1 0 1 0 1 fwd conv2d_host_validation_f16_fwd_CHECK_ISSUE_41_9_f16 (64 of 107)
25690112   (25589823 91778 8511 0) 836.0 (0.0000277162 0.0000775456) 0.031250 0.000006 1.8e+01 4.2e-02 (-0.0012292862 -0.0012807846) 6.5e-06 3.7e-06 0 1 1 0 1 0 1 fwd conv2d_host_validation_f16_fwd_CHECK_KCYX_NCHW_NKHW1_f16 (65 of 107)
3686400    (3681107 4708 585 0) 408.0 (0.0001009703 0.0001252890) 0.003906 0.000000 1.5e+00 3.0e-02 (-0.0011882782 -0.0011529922) 2.1e-06 2.3e-06 0 1 1 0 1 0 1 fwd conv2d_host_validation_f16_fwd_CHECK_KCYX_NCHW_NKHW2_f16 (66 of 107)
409600     (408930 593 77 0) 193.0 (-0.0002906322 -0.0002446175) 0.003906 0.000000 1.6e-01 1.6e-02 (-0.0010452271 -0.0010623932) 2.7e-06 2.5e-06 0 1 1 0 1 0 1 fwd conv2d_host_validation_f16_fwd_CHECK_KCYX_NCHW_NKHW3_f16 (67 of 107)
147456     (147226 194 36 0) 61.0 (0.0004265308 0.0004119873) 0.003906 0.000000 1.0e-01 1.9e-02 (-0.0011253357 -0.0011034012) 2.9e-06 2.5e-06 0 1 1 0 1 0 1 fwd conv2d_host_validation_f16_fwd_CHECK_KCYX_NCHW_NKHW4_f16 (68 of 107)
102400     (102191 182 27 0) 193.0 (-0.0002906322 -0.0002446175) 0.001953 0.000001 1.6e-01 1.6e-02 (-0.0010452271 -0.0010623932) 3.6e-06 2.9e-06 0 1 1 0 1 0 1 fwd conv2d_host_validation_f16_fwd_CHECK_KCYX_NCHW_NKHW5_f16 (69 of 107)
15745024   (15729177 14226 1621 0) 570.0 (-0.0000679493 -0.0001019239) 0.003906 0.000000 8.5e+00 4.7e-02 (0.0012054443 0.0012626648) 2.0e-06 1.8e-06 0 1 1 0 1 0 1 fwd conv2d_host_validation_f16_fwd_CHECK_KCYX_NCHW_NKHW6_f16 (70 of 107)
13778944   (13759521 17797 1626 0) 498.0 (-0.0000491738 -0.0000788569) 0.007812 0.000001 1.2e+00 5.1e-02 (0.0010042191 0.0010557175) 1.8e-06 2.1e-06 0 1 1 0 1 0 1 fwd conv2d_host_validation_f16_fwd_CHECK_KCYX_NCHW_NKHW7_f16 (71 of 107)
25690112   (25589264 92331 8517 0) 863.0 (-0.0000724196 -0.0000209808) 0.250000 0.000006 3.6e+00 7.6e-02 (0.0011281967 0.0010423660) 5.1e-06 5.8e-07 0 1 1 0 1 0 1 fwd conv2d_host_validation_f16_fwd_CHECK_KYXC_NHWC_NHWK1_f16 (72 of 107)
3686400    (3680759 5032 609 0) 620.0 (-0.0001313686 -0.0000944138) 0.003906 0.000000 4.8e-01 2.8e-02 (0.0010299683 0.0010585785) 2.1e-06 2.5e-06 0 1 1 0 1 0 1 fwd conv2d_host_validation_f16_fwd_CHECK_KYXC_NHWC_NHWK2_f16 (73 of 107)
409600     (408985 551 64 0) 76.0 (0.0005006790 0.0004825592) 0.003906 0.000000 3.6e-02 1.3e-02 (0.0025501251 0.0025844574) 1.5e-06 2.6e-06 0 1 1 0 1 0 1 fwd conv2d_host_validation_f16_fwd_CHECK_KYXC_NHWC_NHWK3_f16 (74 of 107)
147456     (147239 200 17 0) 43.0 (-0.0006384850 -0.0006179810) 0.001953 0.000000 3.2e-02 8.1e-03 (0.0033054352 0.0033321381) 1.5e-06 2.0e-06 0 1 1 0 1 0 1 fwd conv2d_host_validation_f16_fwd_CHECK_KYXC_NHWC_NHWK4_f16 (75 of 107)
102400     (102263 120 17 0) 9.0 (0.0060424805 0.0060768127) 0.003906 0.000000 5.7e-03 5.7e-03 (0.0060424805 0.0060768127) 1.3e-06 2.6e-06 0 1 1 0 1 0 1 fwd conv2d_host_validation_f16_fwd_CHECK_KYXC_NHWC_NHWK5_f16 (76 of 107)
15745024   (15727676 15640 1708 0) 441.0 (-0.0000289679 -0.0000552535) 0.003906 0.000000 1.0e+01 3.6e-02 (-0.0010032654 -0.0009670258) 2.4e-06 1.7e-06 0 1 1 0 1 0 1 fwd conv2d_host_validation_f16_fwd_CHECK_KYXC_NHWC_NHWK6_f16 (77 of 107)
13778944   (13757758 19510 1676 0) 326.0 (-0.0001840591 -0.0002229214) 0.007812 0.000001 2.0e+00 3.5e-02 (-0.0010108948 -0.0010461807) 1.9e-06 2.1e-06 0 1 1 0 1 0 1 fwd conv2d_host_validation_f16_fwd_CHECK_KYXC_NHWC_NHWK7_f16 (78 of 107)
802816     (801784 908 124 0) 301.0 (-0.0001814365 -0.0001455545) 0.003906 0.000000 2.0e-01 2.2e-02 (-0.0012416840 -0.0012149811) 2.0e-06 2.2e-06 0 1 1 0 1 0 1 fwd conv2d_host_validation_f16_fwd_CHECK_PADDING1_f16 (79 of 107)
802816     (801541 1130 145 0) 250.0 (0.0001761913 0.0001463890) 0.003906 0.000000 1.7e-01 1.2e-02 (-0.0027580261 -0.0027256012) 2.1e-06 2.3e-06 0 1 1 0 1 0 1 fwd conv2d_host_validation_f16_fwd_CHECK_PADDING2_f16 (80 of 107)
2048       (2048 0 0 0) 0.0 (0.0000000000 0.0000000000) 0.000000 0.000000 0.0e+00 0.0e+00 (0.0000000000 0.0000000000) 0.0e+00 0.0e+00 0 1 1 0 1 0 1 fwd conv2d_host_validation_f16_fwd_CHECK_PADDING3_f16 (81 of 107)
205520896  (205316163 187522 17211 0) 697.0 (-0.0000301003 -0.0000716448) 0.007812 0.000000 2.0e+01 4.3e-02 (0.0012645721 0.0013189316) 1.7e-06 1.7e-06 0 1 0 0 1 0 1 fwd conv2d_host_validation_f32_fwd_GROUP_NCHW_f16 (82 of 107)
51380224   (51301137 71057 8030 0) 620.0 (0.0000045300 0.0000414848) 0.007812 0.000001 8.2e+00 4.4e-02 (-0.0010137558 -0.0010585785) 2.5e-06 2.2e-06 1 0 0 0 0 1 0 fwd conv2d_host_validation_random_CHECK_KCYX_NCHW_NKHW_5_f16 (83 of 107)
51380224   (51301137 71057 8030 0) 620.0 (0.0000045300 0.0000414848) 0.007812 0.000001 8.2e+00 4.4e-02 (-0.0010137558 -0.0010585785) 2.5e-06 2.2e-06 1 0 0 0 0 1 0 fwd conv2d_host_validation_random_CHECK_KCYX_NCHW_NKHW_6_f16 (84 of 107)
47775744   (47622510 140240 12994 0) 813.0 (-0.0000390410 -0.0000874996) 0.031250 0.000004 1.5e+01 4.9e-02 (-0.0010347366 -0.0010852814) 4.5e-06 3.3e-06 1 0 0 0 0 1 0 fwd conv2d_host_validation_random_CHECK_KCYX_NCHW_NKHW_7_f16 (85 of 107)
51380224   (51217794 148625 13805 0) 813.0 (-0.0000390410 -0.0000874996) 0.031250 0.000004 2.6e+01 4.9e-02 (-0.0010347366 -0.0010852814) 4.9e-06 3.3e-06 1 0 0 0 0 1 0 fwd conv2d_host_validation_random_CHECK_KCYX_NCHW_NKHW_8_f16 (86 of 107)
16777216   (16774074 3032 110 0) 412.0 (-0.0000150204 0.0000095367) 0.001953 0.000000 1.6e+00 1.3e-02 (0.0032005310 0.0032424927) 2.6e-07 7.6e-07 1 0 0 0 0 1 0 fwd conv2d_host_validation_random_CHECK_KYXC_NHWC_NHWK_4_f16 (87 of 107)
16777216   (16774074 3032 110 0) 412.0 (-0.0000150204 0.0000095367) 0.001953 0.000000 1.6e+00 1.3e-02 (0.0032005310 0.0032424927) 2.6e-07 7.6e-07 1 0 0 0 0 1 0 fwd conv2d_host_validation_random_CHECK_KYXC_NHWC_NHWK_5_f16 (88 of 107)
25690112   (25589823 91778 8511 0) 836.0 (0.0000277162 0.0000775456) 0.031250 0.000006 1.8e+01 4.2e-02 (-0.0012292862 -0.0012807846) 6.5e-06 3.7e-06 1 0 1 0 0 1 0 fwd conv2d_host_validation_random_CHECK_RAND_FLOAT_2_f16 (89 of 107)
205520896  (205315433 188358 17105 0) 717.0 (0.0000130534 -0.0000296831) 0.007812 0.000000 1.1e+02 4.4e-02 (-0.0010824203 -0.0011301041) 2.0e-06 9.4e-07 1 0 0 0 0 1 0 fwd conv2d_host_validation_random_GROUP_NHWC_f16 (90 of 107)
30720      (30687 32 1 0) 4.0 (-0.0003166199 -0.0003175735) 0.003906 0.000001 3.0e-03 9.7e-04 (0.2519531250 0.2521972656) 8.2e-07 3.2e-06 0 1 0 0 1 0 1 fwd padding_kernel_all_fwd_CHECK_RESNET50_CONFIG2_f16 (91 of 107)
30720      (30681 36 3 0) 426.0 (0.0001109838 0.0001363754) 0.001953 0.000000 2.3e-01 9.6e-04 (0.0079879761 0.0079956055) 1.2e-05 1.4e-06 0 1 0 0 1 0 1 fwd padding_kernel_all_fwd_CHECK_RESNET50_CONFIG4_f16 (92 of 107)
882        (875 6 1 0) 2.0 (-0.0182037354 -0.0181732178) 0.007812 0.000020 1.7e-03 1.7e-03 (-0.0182037354 -0.0181732178) 6.5e-06 4.6e-06 0 1 0 0 1 0 1 bwd_weight padding_kernel_all_wrw_CHECK_RESNET50_CONFIG2_f16 (93 of 107)
882        (879 2 1 0) 5.0 (0.0180664062 0.0179901123) 0.015625 0.000018 4.2e-03 4.2e-03 (0.0180664062 0.0179901123) 6.4e-06 6.7e-06 0 1 0 0 1 0 1 bwd_weight padding_kernel_all_wrw_CHECK_RESNET50_CONFIG4_f16 (94 of 107)
205520896  (205154644 333819 32433 0) 859.0 (0.0000860095 0.0000348091) 0.015625 0.000001 2.6e+01 5.2e-02 (0.0010700226 0.0010147095) 3.0e-06 2.3e-06 0 1 1 0 1 0 1 fwd padding_kernel_gemmK_CHECK_RESNET50_F16_CONFIG1 (95 of 107)
205520896  (205151343 337002 32551 0) 976.0 (0.0001622438 0.0001040697) 0.015625 0.000001 1.3e+01 4.7e-02 (0.0010242462 0.0010728836) 2.8e-06 2.3e-06 0 1 1 0 1 0 1 fwd padding_kernel_gemmK_CHECK_RESNET50_F16_CONFIG2 (96 of 107)
205520896  (205137058 350346 33492 0) 787.0 (-0.0000123978 -0.0000593066) 0.015625 0.000001 5.0e+00 5.8e-02 (0.0010356903 0.0009756088) 2.5e-06 2.3e-06 0 1 1 0 1 0 1 fwd padding_kernel_gemmK_CHECK_RESNET50_F16_CONFIG4 (97 of 107)
9408       (8882 464 62 0) 301.0 (0.0266876221 0.0220947266) 0.500000 0.003823 1.7e-01 1.7e-01 (0.0266876221 0.0220947266) 8.1e-05 1.9e-05 0 1 1 0 1 0 1 bwd_weight padding_kernel_gemmN_CHECK_RESNET50_CONFIG2 (98 of 107)
9408       (8966 387 55 0) 197.0 (0.1060180664 0.0939941406) 0.500000 0.003001 1.2e-01 1.2e-01 (-0.0444641113 -0.0499267578) 9.0e-05 1.9e-05 0 1 1 0 1 0 1 bwd_weight padding_kernel_gemmN_CHECK_RESNET50_CONFIG4 (99 of 107)
6422528    (6395757 24440 2331 0) 688.0 (0.0000004172 -0.0000405908) 0.031250 0.000007 9.8e+01 4.0e-02 (0.0017194748 0.0017881393) 2.0e-05 3.7e-06 0 0 0 0 1 0 1 fwd Resnet50_validation_nchw_CHECK_NCHW_1_f16 (100 of 107)
25690112   (25654001 33144 2967 0) 907.0 (0.0000464320 -0.0000076294) 0.007812 0.000001 1.3e+00 2.8e-02 (-0.0018863678 -0.0018329620) 1.8e-06 1.9e-06 0 0 0 0 1 0 1 fwd Resnet50_validation_nchw_CHECK_NCHW_2_f16 (101 of 107)
147456     (145156 2054 246 0) 92.0 (-0.0013484955 -0.0012607574) 0.125000 0.000199 6.5e-02 6.5e-02 (-0.0013484955 -0.0012607574) 1.8e-05 1.9e-07 0 0 0 0 1 0 1 bwd_weight Resnet50_validation_nchw_CHECK_NCHW_3_f16 (102 of 107)
65536      (64422 996 118 0) 122.0 (-0.0040168762 -0.0037841797) 0.125000 0.000251 5.8e-02 5.8e-02 (-0.0040168762 -0.0037841797) 1.9e-05 8.6e-06 0 0 0 0 1 0 1 bwd_weight Resnet50_validation_nchw_CHECK_NCHW_4_f16 (103 of 107)
6422528    (6395625 24659 2244 0) 552.0 (0.0000045300 -0.0000283718) 0.031250 0.000007 1.2e+01 5.3e-02 (-0.0014019012 -0.0013275146) 8.8e-06 1.5e-06 0 0 0 0 1 0 1 fwd Resnet50_validation_nhwc_CHECK_NHWC_1_f16 (104 of 107)
25690112   (25654038 33123 2951 0) 846.0 (-0.0000907183 -0.0001411438) 0.007812 0.000001 1.8e+00 4.0e-02 (0.0011205673 0.0010757446) 1.9e-06 8.4e-07 0 0 0 0 1 0 1 fwd Resnet50_validation_nhwc_CHECK_NHWC_2_f16 (105 of 107)
147456     (144844 2396 216 0) 260.0 (-0.0001929998 -0.0002239943) 16.000000 0.000468 1.6e-01 8.5e-02 (0.0018777847 0.0020370483) 2.1e-05 3.5e-06 0 0 0 0 1 0 1 bwd_weight Resnet50_validation_nhwc_CHECK_NHWC_3_f16 (106 of 107)
65536      (64429 1000 107 0) 231.0 (0.0015430450 0.0017633438) 0.250000 0.000245 1.4e-01 1.4e-01 (0.0015430450 0.0017633438) 2.2e-05 1.1e-05 0 0 0 0 1 0 1 bwd_weight Resnet50_validation_nhwc_CHECK_NHWC_4_f16 (107 of 107)
