25690112   (25616407 68272 5433 0) 6272.0 (0.0004043579 0.0000305176) 32.000000 0.000467 2.8e+00 4.1e-01 (-0.0017700195 -0.0010375977) 3.6e-06 5.4e-07 1 0 0 0 0 1 0 fwd conv2d_harness_cpu_verifier_kyxc_nhwc_nhwk_f16_E2E_f16 (1 of 107)
802816     (802239 540 37 0) 64.0 (-0.0003471375 -0.0003623962) 0.500000 0.000027 4.4e-02 7.3e-03 (0.0015678406 0.0015563965) 6.1e-07 1.7e-06 0 1 1 0 1 0 1 bwd_data conv2d_host_validation_f16_bwd_CHECK_BWD_DATA1 (2 of 107)
4096       (4077 13 6 0) 2.0 (0.2269287109 0.2271728516) 2.000000 0.001753 1.4e-03 1.4e-03 (1.4423828125 1.4443359375) 4.2e-06 0.0e+00 0 1 1 0 1 0 1 bwd_weight conv2d_host_validation_f16_bwd_CHECK_BWD_WEIGHT1 (3 of 107)
147456     (145313 1921 222 0) 346.0 (-0.0251770020 -0.0304565430) 16.000000 0.020601 2.1e-01 2.1e-01 (-0.0251770020 -0.0304565430) 1.7e-05 9.6e-06 0 1 1 0 1 0 1 bwd_weight conv2d_host_validation_f16_bwd_CHECK_ISSUE_127_10 (4 of 107)
294912     (291793 2840 279 0) 5464.0 (0.0016250610 0.0068359375) 16.000000 0.009620 3.2e+00 3.2e+00 (0.0016250610 0.0068359375) 2.4e-05 8.4e-06 0 1 1 0 1 0 1 bwd_weight conv2d_host_validation_f16_bwd_CHECK_ISSUE_127_15 (5 of 107)
589824     (585209 4208 407 0) 378.0 (-0.0364074707 -0.0306396484) 8.000000 0.004680 1.6e-01 1.6e-01 (-0.0364074707 -0.0306396484) 9.0e-06 0.0e+00 0 1 1 0 1 0 1 bwd_weight conv2d_host_validation_f16_bwd_CHECK_ISSUE_127_16 (6 of 107)
1179648    (1173021 6095 532 0) 4240.0 (-0.0054016113 0.0026855469) 8.000000 0.002202 1.5e+00 1.5e+00 (-0.0054016113 0.0026855469) 7.5e-06 5.0e-06 0 1 1 0 1 0 1 bwd_weight conv2d_host_validation_f16_bwd_CHECK_ISSUE_127_17 (7 of 107)
147456     (143384 3616 456 0) 4240.0 (-0.0832519531 -0.0185546875) 32.000000 0.082147 1.4e+00 1.4e+00 (-0.0146102905 -0.0344238281) 5.1e-05 0.0e+00 0 1 1 0 1 0 1 bwd_weight conv2d_host_validation_f16_bwd_CHECK_ISSUE_127_18 (8 of 107)
2097152    (2087416 8929 807 0) 1734.0 (-0.0056266785 -0.0023193359) 4.000000 0.001346 5.9e-01 5.9e-01 (-0.0056266785 -0.0023193359) 5.1e-06 4.5e-06 0 1 1 0 1 0 1 bwd_weight conv2d_host_validation_f16_bwd_CHECK_ISSUE_127_6 (9 of 107)
262144     (259853 2088 203 0) 242.0 (0.0192871094 0.0229797363) 8.000000 0.005765 1.9e-01 1.9e-01 (0.0192871094 0.0229797363) 9.2e-06 7.1e-06 0 1 1 0 1 0 1 bwd_weight conv2d_host_validation_f16_bwd_CHECK_ISSUE_127_7 (10 of 107)
147456     (145303 1950 203 0) 912.0 (-0.0744628906 -0.1301269531) 16.000000 0.020507 7.5e-01 7.5e-01 (-0.0744628906 -0.1301269531) 2.3e-05 9.4e-06 0 1 1 0 1 0 1 bwd_weight conv2d_host_validation_f16_bwd_CHECK_ISSUE_127_8 (11 of 107)
147456     (145300 1965 191 0) 154.0 (-0.0906372070 -0.0812377930) 16.000000 0.020933 1.0e-01 1.0e-01 (-0.0906372070 -0.0812377930) 1.5e-05 0.0e+00 0 1 1 0 1 0 1 bwd_weight conv2d_host_validation_f16_bwd_CHECK_ISSUE_127_9 (12 of 107)
1024       (1017 6 1 0) 3.0 (0.1634521484 0.1630859375) 2.000000 0.002515 2.2e-03 2.2e-03 (0.1634521484 0.1630859375) 6.0e-06 1.0e-05 0 1 1 0 1 0 1 bwd_weight conv2d_host_validation_f16_bwd_CHECK_ISSUE_70_1 (13 of 107)
65536      (64578 869 89 0) 62.0 (0.3774414062 0.3623046875) 16.000000 0.023255 4.0e-02 4.0e-02 (0.3774414062 0.3623046875) 1.6e-05 0.0e+00 0 1 1 0 1 0 1 bwd_weight conv2d_host_validation_f16_bwd_CHECK_ISSUE_70_2 (14 of 107)
4096       (4073 21 2 0) 2.0 (3.9687500000 3.9648437500) 1.000000 0.001306 1.0e-03 1.0e-03 (0.9682617188 0.9692382812) 3.7e-06 5.1e-06 0 1 1 0 1 0 1 bwd_weight conv2d_host_validation_f16_bwd_CHECK_ISSUE_70_3 (15 of 107)
1024       (1024 0 0 0) 0.0 (0.0000000000 0.0000000000) 0.000000 0.000000 0.0e+00 0.0e+00 (0.0000000000 0.0000000000) 0.0e+00 0.0e+00 0 1 1 0 1 0 1 bwd_weight conv2d_host_validation_f16_bwd_CHECK_ISSUE_71_1 (16 of 107)
1024       (1022 2 0 0) 1.0 (-422.5000000000 -422.7500000000) 0.250000 0.000488 5.9e-04 5.9e-04 (-422.5000000000 -422.7500000000) 1.2e-06 0.0e+00 0 1 1 0 1 0 1 bwd_weight conv2d_host_validation_f16_bwd_CHECK_ISSUE_71_2 (17 of 107)
1024       (1010 12 2 0) 7.0 (-2.0019531250 -1.9951171875) 1.000000 0.003614 3.4e-03 3.4e-03 (-2.0019531250 -1.9951171875) 1.4e-05 0.0e+00 0 1 1 0 1 0 1 bwd_weight conv2d_host_validation_f16_bwd_CHECK_ISSUE_71_3 (18 of 107)
1024       (1019 5 0 0) 1.0 (-28.8281250000 -28.8437500000) 2.000000 0.002975 8.9e-04 8.9e-04 (2240.0000000000 2242.0000000000) 3.5e-06 9.8e-06 0 1 1 0 1 0 1 bwd_weight conv2d_host_validation_f16_bwd_CHECK_ISSUE_71_4 (19 of 107)
12845056   (12826297 17447 1312 0) 572.0 (0.0004014969 0.0005378723) 1.000000 0.000113 3.6e-01 1.6e-01 (-0.0013427734 -0.0011291504) 1.5e-06 2.2e-06 0 0 0 0 0 1 0 fwd conv2d_host_validation_f16_CHECK_RESNET101_NCHW_CONFIG1_FWD_f16 (20 of 107)
12845056   (12827341 16478 1237 0) 2592.0 (-0.0000972748 -0.0002517700) 1.000000 0.000104 1.6e+00 2.4e-01 (0.0011596680 0.0008850098) 1.8e-06 2.1e-06 0 0 0 0 0 1 0 fwd conv2d_host_validation_f16_CHECK_RESNET101_NCHW_CONFIG2_FWD_f16 (21 of 107)
25690112   (25652545 34834 2733 0) 4096.0 (-0.0003356934 -0.0000915527) 2.000000 0.000115 1.4e+01 1.7e-01 (0.0016517639 0.0013771057) 2.3e-06 2.3e-06 0 0 0 0 0 1 0 bwd_data conv2d_host_validation_f16_CHECK_RESNET101_NCHW_CONFIG8_BWD_f16 (22 of 107)
102760448  (102688771 66878 4799 0) 1216.0 (0.0000190735 0.0000915527) 1.000000 0.000025 3.8e+00 5.7e-02 (-0.0010681152 -0.0010070801) 7.9e-07 1.5e-06 0 0 0 0 0 1 0 fwd conv2d_host_validation_f16_CHECK_RESNET101_NCHW_CONFIG8_FWD_f16 (23 of 107)
16384      (16037 311 36 0) 52.0 (3.8242187500 3.7226562500) 32.000000 0.040596 2.7e-02 2.7e-02 (3.8242187500 3.7226562500) 2.1e-05 0.0e+00 0 0 0 0 0 1 0 bwd_weight conv2d_host_validation_f16_CHECK_RESNET101_NCHW_CONFIG8_WRW_f16 (24 of 107)
12845056   (12826484 17308 1264 0) 3008.0 (0.0002326965 0.0000534058) 2.000000 0.000114 7.7e-01 2.4e-01 (-0.0011138916 -0.0013771057) 1.6e-06 2.3e-06 0 0 0 0 0 1 0 fwd conv2d_host_validation_f16_CHECK_RESNET101_NHWC_CONFIG1_FWD_f16 (25 of 107)
12845056   (12827248 16608 1200 0) 1536.0 (-0.0001678467 -0.0000762939) 1.000000 0.000103 9.7e-01 2.0e-01 (-0.0011596680 -0.0013961792) 1.6e-06 2.1e-06 0 0 0 0 0 1 0 fwd conv2d_host_validation_f16_CHECK_RESNET101_NHWC_CONFIG2_FWD_f16 (26 of 107)
25690112   (25652549 34917 2646 0) 2432.0 (-0.0002174377 -0.0005073547) 2.000000 0.000113 4.1e+00 1.6e-01 (0.0012369156 0.0014343262) 1.9e-06 2.5e-06 0 0 0 0 0 1 0 bwd_data conv2d_host_validation_f16_CHECK_RESNET101_NHWC_CONFIG8_BWD_f16 (27 of 107)
102760448  (102688264 67308 4876 0) 1592.0 (0.0001444817 0.0000495911) 0.500000 0.000025 1.5e+00 7.8e-02 (-0.0015716553 -0.0016937256) 8.4e-07 8.0e-07 0 0 0 0 0 1 0 fwd conv2d_host_validation_f16_CHECK_RESNET101_NHWC_CONFIG8_FWD_f16 (28 of 107)
16384      (16062 299 23 0) 34.0 (0.5532226562 0.5698242188) 16.000000 0.043289 3.0e-02 3.0e-02 (0.5532226562 0.5698242188) 1.8e-05 1.3e-05 0 0 0 0 0 1 0 bwd_weight conv2d_host_validation_f16_CHECK_RESNET101_NHWC_CONFIG8_WRW_f16 (29 of 107)
4194304    (4194126 173 5 0) 16.0 (0.0004653931 0.0004615784) 0.125000 0.000000 8.2e-03 1.4e-03 (0.0026435852 0.0026473999) 3.1e-08 3.7e-07 0 1 1 0 1 0 1 fwd conv2d_host_validation_f16_fwd_CHECK_FILTER1_f16 (30 of 107)
4194304    (4194117 183 4 0) 8.0 (-0.0004577637 -0.0004558563) 0.125000 0.000000 4.2e-03 3.1e-03 (0.0012245178 0.0012207031) 3.1e-08 3.5e-07 0 1 1 0 1 0 1 fwd conv2d_host_validation_f16_fwd_CHECK_FILTER2_f16 (31 of 107)
16777216   (16774521 2565 130 0) 64.0 (-0.0000762939 -0.0000724792) 0.250000 0.000002 5.0e-02 7.4e-03 (0.0020675659 0.0020523071) 1.3e-07 6.6e-07 0 1 1 0 1 0 1 fwd conv2d_host_validation_f16_fwd_CHECK_ISSUE_114_1_f16 (32 of 107)
16777216   (16774521 2565 130 0) 64.0 (-0.0000762939 -0.0000724792) 0.250000 0.000002 5.0e-02 7.4e-03 (0.0020675659 0.0020523071) 1.3e-07 6.6e-07 0 1 1 0 1 0 1 fwd conv2d_host_validation_f16_fwd_CHECK_ISSUE_114_2_f16 (33 of 107)
4194304    (4193648 628 28 0) 32.0 (0.0004119873 0.0004196167) 0.125000 0.000002 1.9e-02 4.6e-03 (-0.0016632080 -0.0016555786) 1.2e-07 6.7e-07 0 1 1 0 1 0 1 fwd conv2d_host_validation_f16_fwd_CHECK_ISSUE_114_3_f16 (34 of 107)
4194304    (4193648 628 28 0) 32.0 (0.0004119873 0.0004196167) 0.125000 0.000002 1.9e-02 4.6e-03 (-0.0016632080 -0.0016555786) 1.2e-07 6.7e-07 0 1 1 0 1 0 1 fwd conv2d_host_validation_f16_fwd_CHECK_ISSUE_114_4_f16 (35 of 107)
16777216   (16774518 2550 148 0) 208.0 (0.0005340576 0.0006332397) 0.250000 0.000002 1.0e+00 6.4e-03 (-0.0011901855 -0.0011825562) 2.7e-07 7.4e-07 0 1 1 0 1 0 1 fwd conv2d_host_validation_f16_fwd_CHECK_ISSUE_114_5_f16 (36 of 107)
16777216   (16774518 2550 148 0) 208.0 (0.0005340576 0.0006332397) 0.250000 0.000002 1.0e+00 6.4e-03 (-0.0011901855 -0.0011825562) 2.7e-07 7.4e-07 0 1 1 0 1 0 1 fwd conv2d_host_validation_f16_fwd_CHECK_ISSUE_114_6_f16 (37 of 107)
4194304    (4193628 638 38 0) 208.0 (0.0005340576 0.0006332397) 0.250000 0.000002 1.9e-01 6.4e-03 (-0.0011901855 -0.0011825562) 2.1e-07 7.7e-07 0 1 1 0 1 0 1 fwd conv2d_host_validation_f16_fwd_CHECK_ISSUE_114_7_f16 (38 of 107)
4194304    (4193628 638 38 0) 208.0 (0.0005340576 0.0006332397) 0.250000 0.000002 1.9e-01 6.4e-03 (-0.0011901855 -0.0011825562) 2.1e-07 7.7e-07 0 1 1 0 1 0 1 fwd conv2d_host_validation_f16_fwd_CHECK_ISSUE_114_8_f16 (39 of 107)
12845056   (12793002 47929 4125 0) 10880.0 (0.0000915527 -0.0005569458) 4.000000 0.001016 8.1e+00 1.2e+00 (0.0012207031 -0.0002784729) 6.5e-06 1.1e-06 0 1 1 0 1 0 1 fwd conv2d_host_validation_f16_fwd_CHECK_ISSUE_127_11_f16 (40 of 107)
12845056   (12794541 46578 3937 0) 9152.0 (-0.0005569458 -0.0000114441) 16.000000 0.000961 1.4e+00 1.4e+00 (0.0011749268 0.0027885437) 4.8e-06 1.1e-06 0 1 1 0 1 0 1 fwd conv2d_host_validation_f16_fwd_CHECK_ISSUE_127_12_f16 (41 of 107)
12845056   (12796489 44806 3761 0) 23296.0 (0.0000305176 0.0014190674) 16.000000 0.000872 4.6e+01 4.2e-01 (0.0024108887 0.0034332275) 8.5e-06 1.1e-06 0 1 1 0 1 0 1 fwd conv2d_host_validation_f16_fwd_CHECK_ISSUE_127_13_f16 (42 of 107)
12845056   (12792474 48539 4043 0) 34944.0 (0.0021800995 0.0000972748) 4.000000 0.001043 2.5e+00 9.6e-01 (0.0021800995 0.0000972748) 4.9e-06 1.2e-06 0 1 1 0 1 0 1 fwd conv2d_host_validation_f16_fwd_CHECK_ISSUE_127_14_f16 (43 of 107)
12845056   (12791296 49557 4203 0) 13504.0 (0.0008583069 0.0000534058) 16.000000 0.001066 7.8e+00 1.2e+00 (-0.0014801025 -0.0031929016) 6.2e-06 1.2e-06 0 1 1 0 1 0 1 fwd conv2d_host_validation_f16_fwd_CHECK_ISSUE_127_1_f16 (44 of 107)
6422528    (6385906 33561 3061 0) 20480.0 (0.0011901855 -0.0000305176) 8.000000 0.002106 2.4e+00 2.4e+00 (-0.0011539459 0.0016098022) 7.5e-06 1.1e-06 0 1 1 0 1 0 1 fwd conv2d_host_validation_f16_fwd_CHECK_ISSUE_127_2_f16 (45 of 107)
25690112   (25612450 71809 5853 0) 14336.0 (0.0007858276 -0.0000686646) 4.000000 0.000527 5.2e+01 5.3e-01 (-0.0012702942 -0.0005950928) 5.7e-06 3.3e-06 0 1 1 0 1 0 1 fwd conv2d_host_validation_f16_fwd_CHECK_ISSUE_127_3_f16 (46 of 107)
12845056   (12791812 49060 4184 0) 5120.0 (0.0001335144 0.0007438660) 4.000000 0.001066 4.6e+00 6.8e-01 (-0.0010232925 -0.0003318787) 5.4e-06 4.0e-06 0 1 1 0 1 0 1 fwd conv2d_host_validation_f16_fwd_CHECK_ISSUE_127_4_f16 (47 of 107)
12845056   (12794026 47025 4005 0) 31360.0 (0.0000076294 0.0018768311) 4.000000 0.000957 2.4e+02 1.3e+00 (-0.0019836426 -0.0045471191) 2.4e-05 4.0e-06 0 1 1 0 1 0 1 fwd conv2d_host_validation_f16_fwd_CHECK_ISSUE_127_5_f16 (48 of 107)
7372800    (7367303 5105 392 0) 256.0 (-0.0001068115 -0.0000915527) 0.500000 0.000029 1.4e-01 2.7e-02 (-0.0019721985 -0.0019187927) 7.6e-07 1.6e-06 0 1 1 0 1 0 1 fwd conv2d_host_validation_f16_fwd_CHECK_ISSUE_40_1_f16 (49 of 107)
3440640    (3436925 3440 275 0) 320.0 (0.0004730225 0.0003967285) 1.000000 0.000059 1.6e-01 4.9e-02 (-0.0024414062 -0.0025615692) 1.1e-06 2.1e-06 0 1 1 0 1 0 1 fwd conv2d_host_validation_f16_fwd_CHECK_ISSUE_40_2_f16 (50 of 107)
6422528    (6410855 10844 829 0) 384.0 (0.0009384155 0.0007553101) 2.000000 0.000181 2.0e-01 1.7e-01 (-0.0014190674 -0.0011749268) 1.9e-06 2.7e-06 0 1 1 0 1 0 1 fwd conv2d_host_validation_f16_fwd_CHECK_ISSUE_40_3_f16 (51 of 107)
14745600   (14727005 17351 1244 0) 576.0 (0.0003356934 0.0004730225) 1.000000 0.000083 4.1e-01 8.6e-02 (-0.0014266968 -0.0013046265) 1.3e-06 2.2e-06 0 1 1 0 1 0 1 fwd conv2d_host_validation_f16_fwd_CHECK_ISSUE_40_4_f16 (52 of 107)
6881280    (6874478 6351 451 0) 2048.0 (-0.0001525879 -0.0000305176) 1.000000 0.000051 1.0e+00 6.7e-02 (0.0020942688 0.0019531250) 1.3e-06 1.8e-06 0 1 0 0 0 0 1 fwd conv2d_host_validation_f16_fwd_CHECK_ISSUE_40_5_f16 (53 of 107)
1048576    (1047157 1323 96 0) 142.0 (-0.0006113052 -0.0006790161) 1.000000 0.000087 1.1e-01 3.8e-02 (0.0016059875 0.0016670227) 1.3e-06 2.3e-06 0 1 1 0 1 0 1 fwd conv2d_host_validation_f16_fwd_CHECK_ISSUE_41_10_f16 (54 of 107)
12845056   (12835541 8894 621 0) 512.0 (0.0000457764 0.0000152588) 0.500000 0.000029 6.7e-01 6.0e-02 (-0.0011281967 -0.0010604858) 8.0e-07 1.6e-06 0 1 1 0 1 0 1 fwd conv2d_host_validation_f16_fwd_CHECK_ISSUE_41_11_f16 (55 of 107)
9437184    (9424871 11499 814 0) 2432.0 (0.0000000000 -0.0001449585) 1.000000 0.000089 2.6e-01 1.0e-01 (-0.0022888184 -0.0025177002) 1.3e-06 2.2e-06 0 1 1 0 1 0 1 fwd conv2d_host_validation_f16_fwd_CHECK_ISSUE_41_12_f16 (56 of 107)
921600     (920914 645 41 0) 56.0 (-0.0019721985 -0.0019187927) 0.500000 0.000030 2.7e-02 2.7e-02 (-0.0019721985 -0.0019187927) 7.0e-07 1.8e-06 0 1 1 0 1 0 1 fwd conv2d_host_validation_f16_fwd_CHECK_ISSUE_41_2_f16 (57 of 107)
1605632    (1604406 1137 89 0) 576.0 (0.0000495911 0.0000152588) 0.500000 0.000029 6.9e-01 2.0e-02 (-0.0017499924 -0.0017852783) 1.1e-06 1.8e-06 0 1 1 0 1 0 1 fwd conv2d_host_validation_f16_fwd_CHECK_ISSUE_41_3_f16 (58 of 107)
200704     (200569 125 10 0) 12.0 (-0.0038986206 -0.0039215088) 0.500000 0.000024 5.9e-03 5.9e-03 (-0.0038986206 -0.0039215088) 5.5e-07 1.6e-06 0 1 1 0 1 0 1 fwd conv2d_host_validation_f16_fwd_CHECK_ISSUE_41_4_f16 (59 of 107)
1605632    (1603905 1604 123 0) 320.0 (0.0004730225 0.0003967285) 1.000000 0.000058 1.6e-01 4.3e-02 (0.0039367676 0.0037689209) 1.1e-06 2.2e-06 0 1 1 0 1 0 1 fwd conv2d_host_validation_f16_fwd_CHECK_ISSUE_41_5_f16 (60 of 107)
802816     (802219 564 33 0) 576.0 (0.0000495911 0.0000152588) 0.500000 0.000025 6.9e-01 5.9e-03 (-0.0038986206 -0.0039215088) 1.5e-06 1.7e-06 0 1 1 0 1 0 1 fwd conv2d_host_validation_f16_fwd_CHECK_ISSUE_41_6_f16 (61 of 107)
4194304    (4191357 2748 199 0) 320.0 (-0.0000915527 -0.0001106262) 0.500000 0.000027 2.1e-01 5.2e-02 (0.0011749268 0.0011138916) 7.5e-07 1.6e-06 0 1 1 0 1 0 1 fwd conv2d_host_validation_f16_fwd_CHECK_ISSUE_41_7_f16 (62 of 107)
3211264    (3207403 3574 287 0) 832.0 (0.0004673004 0.0006656647) 1.000000 0.000078 4.2e-01 1.8e-01 (-0.0012512207 -0.0014801025) 1.4e-06 2.1e-06 0 1 1 0 1 0 1 fwd conv2d_host_validation_f16_fwd_CHECK_ISSUE_41_8_f16 (63 of 107)
2359296    (2357539 1624 133 0) 384.0 (-0.0000152588 0.0000076294) 0.500000 0.000031 1.5e+00 1.6e-02 (0.0012636185 0.0012435913) 1.3e-06 1.8e-06 0 1 1 0 1 0 1 fwd conv2d_host_validation_f16_fwd_CHECK_ISSUE_41_9_f16 (64 of 107)
25690112   (25616396 68245 5471 0) 10752.0 (-0.0002136230 -0.0014953613) 4.000000 0.000474 9.2e+00 4.7e-01 (-0.0016479492 -0.0008773804) 4.3e-06 3.4e-06 0 1 1 0 1 0 1 fwd conv2d_host_validation_f16_fwd_CHECK_KCYX_NCHW_NKHW1_f16 (65 of 107)
3686400    (3684609 1664 127 0) 256.0 (0.0001525879 0.0001220703) 0.500000 0.000013 4.3e-01 1.8e-02 (-0.0012969971 -0.0013198853) 6.2e-07 1.3e-06 0 1 1 0 1 0 1 fwd conv2d_host_validation_f16_fwd_CHECK_KCYX_NCHW_NKHW2_f16 (66 of 107)
409600     (409414 175 11 0) 22.0 (0.0012035370 0.0011825562) 0.500000 0.000012 1.7e-02 1.7e-02 (0.0012035370 0.0011825562) 4.2e-07 1.6e-06 0 1 1 0 1 0 1 fwd conv2d_host_validation_f16_fwd_CHECK_KCYX_NCHW_NKHW3_f16 (67 of 107)
147456     (147374 78 4 0) 8.0 (0.0077323914 0.0077018738) 0.250000 0.000017 5.4e-03 5.4e-03 (-0.0049438477 -0.0049705505) 4.4e-07 1.7e-06 0 1 1 0 1 0 1 fwd conv2d_host_validation_f16_fwd_CHECK_KCYX_NCHW_NKHW4_f16 (68 of 107)
102400     (102338 57 5 0) 15.0 (-0.0019817352 -0.0019531250) 0.250000 0.000012 1.4e-02 1.4e-02 (-0.0019817352 -0.0019531250) 6.1e-07 1.4e-06 0 1 1 0 1 0 1 fwd conv2d_host_validation_f16_fwd_CHECK_KCYX_NCHW_NKHW5_f16 (69 of 107)
15745024   (15737844 6713 467 0) 512.0 (-0.0001449585 -0.0001144409) 0.500000 0.000011 5.6e-01 2.9e-02 (-0.0010528564 -0.0010833740) 5.3e-07 1.3e-06 0 1 1 0 1 0 1 fwd conv2d_host_validation_f16_fwd_CHECK_KCYX_NCHW_NKHW6_f16 (70 of 107)
13778944   (13764874 13098 972 0) 896.0 (0.0000457764 -0.0000076294) 1.000000 0.000053 1.2e+00 7.2e-02 (-0.0014305115 -0.0013275146) 1.2e-06 1.8e-06 0 1 1 0 1 0 1 fwd conv2d_host_validation_f16_fwd_CHECK_KCYX_NCHW_NKHW7_f16 (71 of 107)
25690112   (25616407 68272 5433 0) 6272.0 (0.0004043579 0.0000305176) 32.000000 0.000467 2.8e+00 4.1e-01 (-0.0017700195 -0.0010375977) 3.6e-06 5.4e-07 0 1 1 0 1 0 1 fwd conv2d_host_validation_f16_fwd_CHECK_KYXC_NHWC_NHWK1_f16 (72 of 107)
3686400    (3684509 1770 121 0) 192.0 (0.0002746582 0.0003204346) 0.500000 0.000014 1.7e-01 2.7e-02 (-0.0013961792 -0.0014343262) 5.2e-07 1.5e-06 0 1 1 0 1 0 1 fwd conv2d_host_validation_f16_fwd_CHECK_KYXC_NHWC_NHWK2_f16 (73 of 107)
409600     (409375 206 19 0) 24.0 (0.0007286072 0.0007171631) 0.250000 0.000014 1.6e-02 9.0e-03 (0.0029525757 0.0029258728) 4.7e-07 1.6e-06 0 1 1 0 1 0 1 fwd conv2d_host_validation_f16_fwd_CHECK_KYXC_NHWC_NHWK3_f16 (74 of 107)
147456     (147399 52 5 0) 256.0 (-0.0001068115 -0.0001220703) 0.250000 0.000010 1.4e-01 1.6e-03 (0.0147628784 0.0147399902) 1.2e-06 1.2e-06 0 1 1 0 1 0 1 fwd conv2d_host_validation_f16_fwd_CHECK_KYXC_NHWC_NHWK4_f16 (75 of 107)
102400     (102352 44 4 0) 5.0 (-0.0148391724 -0.0148010254) 0.250000 0.000013 2.8e-03 2.8e-03 (-0.0054473877 -0.0054321289) 3.8e-07 1.9e-06 0 1 1 0 1 0 1 fwd conv2d_host_validation_f16_fwd_CHECK_KYXC_NHWC_NHWK5_f16 (76 of 107)
15745024   (15737783 6772 469 0) 320.0 (0.0002517700 0.0002136230) 0.500000 0.000012 2.9e-01 2.9e-02 (-0.0011711121 -0.0011367798) 4.7e-07 1.2e-06 0 1 1 0 1 0 1 fwd conv2d_host_validation_f16_fwd_CHECK_KYXC_NHWC_NHWK6_f16 (77 of 107)
13778944   (13764772 13189 983 0) 1152.0 (-0.0000610352 -0.0001296997) 1.000000 0.000053 2.0e+00 6.7e-02 (0.0013580322 0.0014495850) 1.3e-06 1.8e-06 0 1 1 0 1 0 1 fwd conv2d_host_validation_f16_fwd_CHECK_KYXC_NHWC_NHWK7_f16 (78 of 107)
802816     (802467 324 25 0) 40.0 (0.0007553101 0.0007362366) 0.500000 0.000012 2.5e-02 1.4e-02 (-0.0010833740 -0.0010986328) 4.0e-07 1.4e-06 0 1 1 0 1 0 1 fwd conv2d_host_validation_f16_fwd_CHECK_PADDING1_f16 (79 of 107)
802816     (802466 322 28 0) 256.0 (-0.0001068115 -0.0001220703) 0.250000 0.000013 1.4e-01 6.3e-03 (0.0015048981 0.0014953613) 5.4e-07 1.5e-06 0 1 1 0 1 0 1 fwd conv2d_host_validation_f16_fwd_CHECK_PADDING2_f16 (80 of 107)
2048       (2048 0 0 0) 0.0 (0.0000000000 0.0000000000) 0.000000 0.000000 0.0e+00 0.0e+00 (0.0000000000 0.0000000000) 0.0e+00 0.0e+00 0 1 1 0 1 0 1 fwd conv2d_host_validation_f16_fwd_CHECK_PADDING3_f16 (81 of 107)
205520896  (205377033 134441 9422 0) 1792.0 (-0.0000686646 0.0000381470) 1.000000 0.000026 4.0e+00 7.8e-02 (0.0011749268 0.0012664795) 8.3e-07 1.5e-06 0 1 0 0 1 0 1 fwd conv2d_host_validation_f32_fwd_GROUP_NCHW_f16 (82 of 107)
51380224   (51344168 33601 2455 0) 1024.0 (0.0000419617 0.0001029968) 0.500000 0.000026 1.5e+00 5.2e-02 (-0.0014724731 -0.0015487671) 8.1e-07 1.6e-06 1 0 0 0 0 1 0 fwd conv2d_host_validation_random_CHECK_KCYX_NCHW_NKHW_5_f16 (83 of 107)
51380224   (51344168 33601 2455 0) 1024.0 (0.0000419617 0.0001029968) 0.500000 0.000026 1.5e+00 5.2e-02 (-0.0014724731 -0.0015487671) 8.1e-07 1.6e-06 1 0 0 0 0 1 0 fwd conv2d_host_validation_random_CHECK_KCYX_NCHW_NKHW_6_f16 (84 of 107)
47775744   (47671774 96393 7577 0) 12168.0 (0.0000462532 -0.0006790161) 2.000000 0.000262 1.6e+01 3.8e-01 (0.0010528564 0.0006561279) 3.3e-06 2.9e-06 1 0 0 0 0 1 0 fwd conv2d_host_validation_random_CHECK_KCYX_NCHW_NKHW_7_f16 (85 of 107)
51380224   (51269878 102295 8051 0) 12168.0 (0.0000462532 -0.0006790161) 2.000000 0.000256 1.6e+01 4.0e-01 (-0.0010147095 -0.0014190674) 3.2e-06 2.9e-06 1 0 0 0 0 1 0 fwd conv2d_host_validation_random_CHECK_KCYX_NCHW_NKHW_8_f16 (86 of 107)
16777216   (16774521 2565 130 0) 64.0 (-0.0000762939 -0.0000724792) 0.250000 0.000002 5.0e-02 7.4e-03 (0.0020675659 0.0020523071) 1.3e-07 6.6e-07 1 0 0 0 0 1 0 fwd conv2d_host_validation_random_CHECK_KYXC_NHWC_NHWK_4_f16 (87 of 107)
16777216   (16774521 2565 130 0) 64.0 (-0.0000762939 -0.0000724792) 0.250000 0.000002 5.0e-02 7.4e-03 (0.0020675659 0.0020523071) 1.3e-07 6.6e-07 1 0 0 0 0 1 0 fwd conv2d_host_validation_random_CHECK_KYXC_NHWC_NHWK_5_f16 (88 of 107)
25690112   (25616396 68245 5471 0) 10752.0 (-0.0002136230 -0.0014953613) 4.000000 0.000474 9.2e+00 4.7e-01 (-0.0016479492 -0.0008773804) 4.3e-06 3.4e-06 1 0 1 0 0 1 0 fwd conv2d_host_validation_random_CHECK_RAND_FLOAT_2_f16 (89 of 107)
205520896  (205376331 134839 9726 0) 1024.0 (0.0000534058 0.0001144409) 1.000000 0.000025 3.0e+00 7.2e-02 (0.0011672974 0.0010833740) 8.1e-07 8.0e-07 1 0 0 0 0 1 0 fwd conv2d_host_validation_random_GROUP_NHWC_f16 (90 of 107)
30720      (30692 26 2 0) 4.0 (0.0320434570 0.0321655273) 0.250000 0.000044 3.8e-03 3.8e-03 (0.0320434570 0.0321655273) 7.3e-07 1.9e-06 0 1 0 0 1 0 1 fwd padding_kernel_all_fwd_CHECK_RESNET50_CONFIG2_f16 (91 of 107)
30720      (30686 32 2 0) 8.0 (0.0070075989 0.0070381165) 0.500000 0.000043 4.4e-03 4.4e-03 (0.0070075989 0.0070381165) 8.9e-07 2.3e-06 0 1 0 0 1 0 1 fwd padding_kernel_all_fwd_CHECK_RESNET50_CONFIG4_f16 (92 of 107)
882        (877 5 0 0) 1.0 (472.7500000000 473.0000000000) 0.250000 0.000326 7.2e-04 7.2e-04 (-2.7148437500 -2.7128906250) 3.5e-06 1.0e-06 0 1 0 0 1 0 1 bwd_weight padding_kernel_all_wrw_CHECK_RESNET50_CONFIG2_f16 (93 of 107)
882        (878 3 1 0) 7.0 (1.3359375000 1.3291015625) 0.250000 0.000364 5.1e-03 5.1e-03 (1.3359375000 1.3291015625) 7.9e-06 1.1e-06 0 1 0 0 1 0 1 bwd_weight padding_kernel_all_wrw_CHECK_RESNET50_CONFIG4_f16 (94 of 107)
205520896  (205297357 208490 15049 0) 1960.0 (0.0004739761 0.0002403259) 1.000000 0.000061 1.8e+01 2.0e-01 (-0.0012283325 -0.0014724731) 1.4e-06 1.9e-06 0 1 1 0 1 0 1 fwd padding_kernel_gemmK_CHECK_RESNET50_F16_CONFIG1 (95 of 107)
205520896  (205295915 209518 15463 0) 2304.0 (-0.0000762939 -0.0002136230) 1.000000 0.000063 6.0e+00 2.6e-01 (0.0010232925 0.0012931824) 1.3e-06 1.9e-06 0 1 1 0 1 0 1 fwd padding_kernel_gemmK_CHECK_RESNET50_F16_CONFIG2 (96 of 107)
205520896  (205295046 210290 15560 0) 2112.0 (-0.0000038147 -0.0001296997) 1.000000 0.000063 3.3e+01 2.5e-01 (0.0010757446 0.0013465881) 1.5e-06 1.8e-06 0 1 1 0 1 0 1 fwd padding_kernel_gemmK_CHECK_RESNET50_F16_CONFIG4 (97 of 107)
9408       (8896 443 69 0) 84.0 (-0.2174072266 -0.2071533203) 32.000000 0.354370 6.2e-02 6.2e-02 (-9.9062500000 -9.2968750000) 7.8e-05 0.0e+00 0 1 1 0 1 0 1 bwd_weight padding_kernel_gemmN_CHECK_RESNET50_CONFIG2 (98 of 107)
9408       (8906 438 64 0) 181.0 (-2.4863281250 -2.8398437500) 32.000000 0.367729 1.4e-01 1.4e-01 (-2.4863281250 -2.8398437500) 8.0e-05 0.0e+00 0 1 1 0 1 0 1 bwd_weight padding_kernel_gemmN_CHECK_RESNET50_CONFIG4 (99 of 107)
6422528    (6403406 17653 1469 0) 6560.0 (-0.0001373291 -0.0009193420) 2.000000 0.000511 5.7e+00 7.9e-01 (0.0012207031 0.0021820068) 4.4e-06 3.4e-06 0 0 0 0 1 0 1 fwd Resnet50_validation_nchw_CHECK_NCHW_1_f16 (100 of 107)
25690112   (25664000 24380 1732 0) 896.0 (-0.0000762939 -0.0001296997) 1.000000 0.000054 7.0e-01 8.3e-02 (0.0014648438 0.0013427734) 1.1e-06 1.7e-06 0 0 0 0 1 0 1 fwd Resnet50_validation_nchw_CHECK_NCHW_2_f16 (101 of 107)
147456     (145309 1956 191 0) 164.0 (-0.0906372070 -0.0806274414) 16.000000 0.020794 1.1e-01 1.1e-01 (-0.0906372070 -0.0806274414) 1.5e-05 0.0e+00 0 0 0 0 1 0 1 bwd_weight Resnet50_validation_nchw_CHECK_NCHW_3_f16 (102 of 107)
65536      (64587 854 95 0) 137.0 (0.0930786133 0.0847167969) 16.000000 0.018798 9.0e-02 9.0e-02 (0.0930786133 0.0847167969) 1.6e-05 7.1e-06 0 0 0 0 1 0 1 bwd_weight Resnet50_validation_nchw_CHECK_NCHW_4_f16 (103 of 107)
6422528    (6403653 17453 1422 0) 3200.0 (-0.0000762939 0.0001144409) 4.000000 0.000499 2.5e+00 4.0e-01 (0.0012359619 0.0007400513) 3.7e-06 1.3e-06 0 0 0 0 1 0 1 fwd Resnet50_validation_nhwc_CHECK_NHWC_1_f16 (104 of 107)
25690112   (25663798 24521 1793 0) 2048.0 (-0.0002288818 -0.0001068115) 1.000000 0.000055 5.3e-01 9.7e-02 (-0.0025596619 -0.0023117065) 1.1e-06 7.4e-07 0 0 0 0 1 0 1 fwd Resnet50_validation_nhwc_CHECK_NHWC_2_f16 (105 of 107)
147456     (145216 2014 226 0) 205.0 (-0.1091918945 -0.1217041016) 16.000000 0.020789 1.1e-01 1.1e-01 (-0.1091918945 -0.1217041016) 1.8e-05 0.0e+00 0 0 0 0 1 0 1 bwd_weight Resnet50_validation_nhwc_CHECK_NHWC_3_f16 (106 of 107)
65536      (64610 843 83 0) 35.0 (0.3723144531 0.3808593750) 16.000000 0.019009 2.3e-02 2.3e-02 (0.3723144531 0.3808593750) 1.4e-05 9.0e-06 0 0 0 0 1 0 1 bwd_weight Resnet50_validation_nhwc_CHECK_NHWC_4_f16 (107 of 107)
