25690112   (25661354 26769 1989 0) 80.0 (0.0000102520 0.0000150204) 0.031250 0.000001 5.8e-01 5.1e-03 (0.0011167526 0.0011110306) 1.2e-06 2.5e-07 1 0 0 0 0 1 0 fwd conv2d_harness_cpu_verifier_kyxc_nhwc_nhwk_f16_E2E_f16 (1 of 107)
802816     (801811 916 89 0) 128.0 (0.0004749298 0.0004444122) 0.003906 0.000001 6.4e-02 1.2e-02 (-0.0025329590 -0.0025634766) 1.2e-06 2.3e-06 0 1 1 0 1 0 1 bwd_data conv2d_host_validation_f16_bwd_CHECK_BWD_DATA1 (2 of 107)
4096       (4082 12 2 0) 3.0 (-0.0050506592 -0.0050392151) 0.031250 0.000017 2.3e-03 2.3e-03 (-0.0050506592 -0.0050392151) 3.2e-06 6.5e-07 0 1 1 0 1 0 1 bwd_weight conv2d_host_validation_f16_bwd_CHECK_BWD_WEIGHT1 (3 of 107)
147456     (146215 1133 108 0) 988.0 (-0.0003585815 -0.0002408028) 0.125000 0.000108 3.3e-01 4.6e-02 (0.0017728806 0.0016908646) 1.0e-05 7.1e-06 0 1 1 0 1 0 1 bwd_weight conv2d_host_validation_f16_bwd_CHECK_ISSUE_127_10 (4 of 107)
294912     (293094 1679 139 0) 664.0 (0.0000516176 0.0000911951) 0.062500 0.000050 7.7e-01 4.5e-02 (0.0012741089 0.0012168884) 8.6e-06 5.8e-06 0 1 1 0 1 0 1 bwd_weight conv2d_host_validation_f16_bwd_CHECK_ISSUE_127_15 (5 of 107)
589824     (587098 2496 230 0) 255.0 (-0.0000948310 -0.0000796318) 0.062500 0.000027 1.6e-01 2.6e-02 (-0.0011119843 -0.0011405945) 5.1e-06 2.0e-07 0 1 1 0 1 0 1 bwd_weight conv2d_host_validation_f16_bwd_CHECK_ISSUE_127_16 (6 of 107)
1179648    (1175482 3855 311 0) 360.0 (-0.0000562668 -0.0000777245) 0.062500 0.000012 3.8e-01 1.5e-02 (0.0016736984 0.0016994476) 3.7e-06 3.5e-06 0 1 1 0 1 0 1 bwd_weight conv2d_host_validation_f16_bwd_CHECK_ISSUE_127_17 (7 of 107)
147456     (145025 2203 228 0) 3030.0 (0.0002048016 -0.0001564026) 0.250000 0.000449 1.8e+00 5.4e-02 (0.0134506226 0.0127258301) 3.0e-05 1.0e-05 0 1 1 0 1 0 1 bwd_weight conv2d_host_validation_f16_bwd_CHECK_ISSUE_127_18 (8 of 107)
2097152    (2091369 5354 429 0) 139.0 (-0.0000432134 -0.0000514984) 0.031250 0.000007 6.6e-01 1.6e-02 (0.0012207031 0.0012006760) 3.2e-06 3.4e-06 0 1 1 0 1 0 1 bwd_weight conv2d_host_validation_f16_bwd_CHECK_ISSUE_127_6 (9 of 107)
262144     (260890 1149 105 0) 345.0 (0.0001186728 0.0001392365) 0.062500 0.000026 1.7e-01 3.3e-02 (-0.0015830994 -0.0015316010) 5.6e-06 4.7e-06 0 1 1 0 1 0 1 bwd_weight conv2d_host_validation_f16_bwd_CHECK_ISSUE_127_7 (10 of 107)
147456     (146229 1120 107 0) 45.0 (-0.0020942688 -0.0021800995) 0.125000 0.000108 4.1e-02 4.1e-02 (-0.0020942688 -0.0021800995) 7.9e-06 6.8e-06 0 1 1 0 1 0 1 bwd_weight conv2d_host_validation_f16_bwd_CHECK_ISSUE_127_8 (11 of 107)
147456     (146292 1063 101 0) 40.0 (-0.0013484955 -0.0013866425) 0.125000 0.000085 2.8e-02 2.8e-02 (-0.0013484955 -0.0013866425) 7.3e-06 1.2e-07 0 1 1 0 1 0 1 bwd_weight conv2d_host_validation_f16_bwd_CHECK_ISSUE_127_9 (12 of 107)
1024       (1017 6 1 0) 2.0 (-0.0056571960 -0.0056648254) 0.015625 0.000038 1.3e-03 1.3e-03 (-0.0056571960 -0.0056648254) 5.1e-06 1.1e-05 0 1 1 0 1 0 1 bwd_weight conv2d_host_validation_f16_bwd_CHECK_ISSUE_70_1 (13 of 107)
65536      (64959 518 59 0) 28.0 (0.0033493042 0.0032958984) 16.000000 0.000363 1.8e-02 1.8e-02 (-0.0110778809 -0.0112762451) 9.2e-06 3.7e-06 0 1 1 0 1 0 1 bwd_weight conv2d_host_validation_f16_bwd_CHECK_ISSUE_70_2 (14 of 107)
4096       (4085 9 2 0) 17.0 (0.0007710457 0.0007629395) 0.031250 0.000013 1.1e-02 9.9e-04 (0.0307159424 0.0306854248) 4.4e-06 8.5e-06 0 1 1 0 1 0 1 bwd_weight conv2d_host_validation_f16_bwd_CHECK_ISSUE_70_3 (15 of 107)
1024       (1023 1 0 0) 1.0 (534.5000000000 534.0000000000) 0.500000 0.000488 9.4e-04 9.4e-04 (534.5000000000 534.0000000000) 9.1e-07 2.9e-05 0 1 1 0 1 0 1 bwd_weight conv2d_host_validation_f16_bwd_CHECK_ISSUE_71_1 (16 of 107)
1024       (1024 0 0 0) 0.0 (0.0000000000 0.0000000000) 0.000000 0.000000 0.0e+00 0.0e+00 (0.0000000000 0.0000000000) 0.0e+00 0.0e+00 0 1 1 0 1 0 1 bwd_weight conv2d_host_validation_f16_bwd_CHECK_ISSUE_71_2 (17 of 107)
1024       (1017 7 0 0) 1.0 (-0.4833984375 -0.4831542969) 0.015625 0.000041 6.0e-04 6.0e-04 (25.8750000000 25.8593750000) 3.8e-06 1.7e-07 0 1 1 0 1 0 1 bwd_weight conv2d_host_validation_f16_bwd_CHECK_ISSUE_71_3 (18 of 107)
1024       (1023 1 0 0) 1.0 (-0.1927490234 -0.1926269531) 0.000122 0.000000 6.3e-04 6.3e-04 (-0.1927490234 -0.1926269531) 6.2e-07 5.4e-08 0 1 1 0 1 0 1 bwd_weight conv2d_host_validation_f16_bwd_CHECK_ISSUE_71_4 (19 of 107)
12845056   (12836555 7937 564 0) 29.0 (0.0001004338 0.0000987053) 0.015625 0.000000 1.5e+00 2.3e-03 (-0.0012531281 -0.0012502670) 8.3e-07 1.2e-06 0 0 0 0 0 1 0 fwd conv2d_host_validation_f16_CHECK_RESNET101_NCHW_CONFIG1_FWD_f16 (20 of 107)
12845056   (12837195 7320 541 0) 24.0 (-0.0000182390 -0.0000168085) 0.007812 0.000000 1.0e+00 1.9e-03 (-0.0010232925 -0.0010213852) 8.3e-07 1.1e-06 0 0 0 0 0 1 0 fwd conv2d_host_validation_f16_CHECK_RESNET101_NCHW_CONFIG2_FWD_f16 (21 of 107)
25690112   (25650609 35983 3520 0) 915.0 (0.0000075102 0.0000620484) 0.015625 0.000001 7.3e+00 3.4e-02 (-0.0010242462 -0.0010595322) 2.2e-06 2.0e-06 0 0 0 0 0 1 0 bwd_data conv2d_host_validation_f16_CHECK_RESNET101_NCHW_CONFIG8_BWD_f16 (22 of 107)
102760448  (102721257 37001 2190 0) 13.0 (0.0000851750 0.0000844002) 0.007812 0.000000 1.3e+00 9.8e-04 (2.0000000000 2.0019531250) 4.4e-07 9.1e-07 0 0 0 0 0 1 0 fwd conv2d_host_validation_f16_CHECK_RESNET101_NCHW_CONFIG8_FWD_f16 (23 of 107)
16384      (16200 171 13 0) 70.0 (-0.0132446289 -0.0137786865) 0.250000 0.000203 4.0e-02 4.0e-02 (-0.0132446289 -0.0137786865) 1.1e-05 2.9e-06 0 0 0 0 0 1 0 bwd_weight conv2d_host_validation_f16_CHECK_RESNET101_NCHW_CONFIG8_WRW_f16 (24 of 107)
12845056   (12830117 13969 970 0) 53.0 (-0.0000610948 -0.0000579357) 0.015625 0.000001 1.0e+00 2.5e-03 (-0.0011301041 -0.0011329651) 1.3e-06 1.9e-06 0 0 0 0 0 1 0 fwd conv2d_host_validation_f16_CHECK_RESNET101_NHWC_CONFIG1_FWD_f16 (25 of 107)
12845056   (12830445 13591 1020 0) 36.0 (0.0000166893 0.0000145435) 0.015625 0.000001 2.0e+00 2.3e-03 (0.0012407303 0.0012378693) 1.5e-06 1.8e-06 0 0 0 0 0 1 0 fwd conv2d_host_validation_f16_CHECK_RESNET101_NHWC_CONFIG2_FWD_f16 (26 of 107)
25690112   (25650780 35782 3550 0) 564.0 (0.0000259876 0.0000596046) 0.015625 0.000001 1.3e+00 4.0e-02 (-0.0010366440 -0.0010786057) 2.0e-06 2.2e-06 0 0 0 0 0 1 0 bwd_data conv2d_host_validation_f16_CHECK_RESNET101_NHWC_CONFIG8_BWD_f16 (27 of 107)
102760448  (102720998 37206 2244 0) 12.0 (0.0000882149 0.0000889301) 0.007812 0.000000 1.0e+00 9.8e-04 (-0.0019531250 -0.0019550323) 4.7e-07 4.7e-07 0 0 0 0 0 1 0 fwd conv2d_host_validation_f16_CHECK_RESNET101_NHWC_CONFIG8_FWD_f16 (28 of 107)
16384      (16198 171 15 0) 646.0 (0.0002779961 0.0004320145) 0.250000 0.000284 5.5e-01 1.5e-02 (-0.0152130127 -0.0154418945) 4.4e-05 1.1e-05 0 0 0 0 0 1 0 bwd_weight conv2d_host_validation_f16_CHECK_RESNET101_NHWC_CONFIG8_WRW_f16 (29 of 107)
4194304    (4194065 239 0 0) 1.0 (-0.0007748604 -0.0007743835) 0.000977 0.000000 1.2e-02 9.7e-04 (0.0019664764 0.0019645691) 4.5e-08 3.9e-07 0 1 1 0 1 0 1 fwd conv2d_host_validation_f16_fwd_CHECK_FILTER1_f16 (30 of 107)
4194304    (4194023 281 0 0) 1.0 (-0.0004231930 -0.0004229546) 0.000977 0.000000 7.7e-02 9.8e-04 (0.0625610352 0.0626220703) 7.1e-08 3.3e-07 0 1 1 0 1 0 1 fwd conv2d_host_validation_f16_fwd_CHECK_FILTER2_f16 (31 of 107)
16777216   (16774937 2272 7 0) 3.0 (0.0000378489 0.0000376701) 0.001953 0.000000 1.0e-01 9.8e-04 (0.0625610352 0.0625000000) 1.1e-07 5.2e-07 0 1 1 0 1 0 1 fwd conv2d_host_validation_f16_fwd_CHECK_ISSUE_114_1_f16 (32 of 107)
16777216   (16774937 2272 7 0) 3.0 (0.0000378489 0.0000376701) 0.001953 0.000000 1.0e-01 9.8e-04 (0.0625610352 0.0625000000) 1.1e-07 5.2e-07 0 1 1 0 1 0 1 fwd conv2d_host_validation_f16_fwd_CHECK_ISSUE_114_2_f16 (33 of 107)
4194304    (4193736 567 1 0) 2.0 (-0.0000562668 -0.0000561476) 0.001953 0.000000 1.0e-01 9.8e-04 (0.0625610352 0.0625000000) 1.3e-07 6.2e-07 0 1 1 0 1 0 1 fwd conv2d_host_validation_f16_fwd_CHECK_ISSUE_114_3_f16 (34 of 107)
4194304    (4193736 567 1 0) 2.0 (-0.0000562668 -0.0000561476) 0.001953 0.000000 1.0e-01 9.8e-04 (0.0625610352 0.0625000000) 1.3e-07 6.2e-07 0 1 1 0 1 0 1 fwd conv2d_host_validation_f16_fwd_CHECK_ISSUE_114_4_f16 (35 of 107)
16777216   (16775002 2209 5 0) 2.0 (-0.0000376701 -0.0000375509) 0.001953 0.000000 1.0e+00 9.8e-04 (-1.0009765625 -1.0000000000) 2.0e-07 6.0e-07 0 1 1 0 1 0 1 fwd conv2d_host_validation_f16_fwd_CHECK_ISSUE_114_5_f16 (36 of 107)
16777216   (16775002 2209 5 0) 2.0 (-0.0000376701 -0.0000375509) 0.001953 0.000000 1.0e+00 9.8e-04 (-1.0009765625 -1.0000000000) 2.0e-07 6.0e-07 0 1 1 0 1 0 1 fwd conv2d_host_validation_f16_fwd_CHECK_ISSUE_114_6_f16 (37 of 107)
4194304    (4193765 537 2 0) 2.0 (-0.0000376701 -0.0000375509) 0.001953 0.000000 1.0e+00 9.8e-04 (0.0156402588 0.0156250000) 3.5e-07 5.8e-07 0 1 1 0 1 0 1 fwd conv2d_host_validation_f16_fwd_CHECK_ISSUE_114_7_f16 (38 of 107)
4194304    (4193765 537 2 0) 2.0 (-0.0000376701 -0.0000375509) 0.001953 0.000000 1.0e+00 9.8e-04 (0.0156402588 0.0156250000) 3.5e-07 5.8e-07 0 1 1 0 1 0 1 fwd conv2d_host_validation_f16_fwd_CHECK_ISSUE_114_8_f16 (39 of 107)
12845056   (12807469 34708 2879 0) 264.0 (0.0001678467 0.0001363754) 0.062500 0.000007 2.0e+02 1.8e-02 (-0.0010681152 -0.0010490417) 2.0e-05 9.1e-07 0 1 1 0 1 0 1 fwd conv2d_host_validation_f16_fwd_CHECK_ISSUE_127_11_f16 (40 of 107)
12845056   (12807583 34599 2874 0) 367.0 (-0.0001093149 -0.0000874400) 0.031250 0.000007 1.1e+01 1.7e-02 (-0.0012559891 -0.0012340546) 4.7e-06 9.0e-07 0 1 1 0 1 0 1 fwd conv2d_host_validation_f16_fwd_CHECK_ISSUE_127_12_f16 (41 of 107)
12845056   (12808810 33424 2822 0) 265.0 (-0.0000608563 -0.0000766516) 0.250000 0.000006 1.1e+00 2.1e-02 (-0.0012025833 -0.0012283325) 3.4e-06 9.0e-07 0 1 1 0 1 0 1 fwd conv2d_host_validation_f16_fwd_CHECK_ISSUE_127_13_f16 (42 of 107)
12845056   (12807438 34811 2807 0) 418.0 (0.0000384450 0.0000633597) 0.031250 0.000007 1.0e+01 1.8e-02 (-0.0010461807 -0.0010652542) 4.8e-06 9.6e-07 0 1 1 0 1 0 1 fwd conv2d_host_validation_f16_fwd_CHECK_ISSUE_127_14_f16 (43 of 107)
12845056   (12807049 35072 2935 0) 266.0 (0.0000405312 0.0000563860) 0.125000 0.000007 4.2e+00 2.1e-02 (-0.0011377335 -0.0011138916) 4.5e-06 9.9e-07 0 1 1 0 1 0 1 fwd conv2d_host_validation_f16_fwd_CHECK_ISSUE_127_1_f16 (44 of 107)
6422528    (6396782 23764 1982 0) 1176.0 (-0.0001152754 -0.0001853704) 0.062500 0.000014 2.7e+01 2.3e-02 (0.0011405945 0.0011138916) 9.6e-06 8.7e-07 0 1 1 0 1 0 1 fwd conv2d_host_validation_f16_fwd_CHECK_ISSUE_127_2_f16 (45 of 107)
25690112   (25660293 27666 2153 0) 67.0 (-0.0000382662 -0.0000422597) 0.031250 0.000001 1.1e+01 5.1e-03 (-0.0013017654 -0.0013084412) 1.8e-06 1.6e-06 0 1 1 0 1 0 1 fwd conv2d_host_validation_f16_fwd_CHECK_ISSUE_127_3_f16 (46 of 107)
12845056   (12826995 16735 1326 0) 98.0 (0.0001249313 0.0001190901) 0.031250 0.000003 4.0e+00 7.3e-03 (0.0011835098 0.0011749268) 1.8e-06 1.9e-06 0 1 1 0 1 0 1 fwd conv2d_host_validation_f16_fwd_CHECK_ISSUE_127_4_f16 (47 of 107)
12845056   (12827500 16274 1282 0) 144.0 (-0.0000030994 -0.0000116825) 0.031250 0.000002 2.8e+00 7.1e-03 (-0.0021553040 -0.0021400452) 2.0e-06 1.8e-06 0 1 1 0 1 0 1 fwd conv2d_host_validation_f16_fwd_CHECK_ISSUE_127_5_f16 (48 of 107)
7372800    (7368041 4486 273 0) 13.0 (-0.0000985861 -0.0000978112) 0.007812 0.000000 2.9e-01 9.8e-04 (0.0078125000 0.0078201294) 6.3e-07 1.5e-06 0 1 1 0 1 0 1 fwd conv2d_host_validation_f16_fwd_CHECK_ISSUE_40_1_f16 (49 of 107)
3440640    (3437685 2772 183 0) 17.0 (-0.0000748634 -0.0000738502) 0.007812 0.000000 7.7e-02 1.7e-03 (0.0011081696 0.0011062622) 8.3e-07 1.8e-06 0 1 1 0 1 0 1 fwd conv2d_host_validation_f16_fwd_CHECK_ISSUE_40_2_f16 (50 of 107)
6422528    (6413612 8303 613 0) 46.0 (0.0000206232 0.0000233650) 0.015625 0.000001 4.4e-01 3.5e-03 (-0.0010833740 -0.0010871887) 1.5e-06 2.1e-06 0 1 1 0 1 0 1 fwd conv2d_host_validation_f16_fwd_CHECK_ISSUE_40_3_f16 (51 of 107)
14745600   (14730566 14039 995 0) 29.0 (-0.0000741482 -0.0000724196) 0.015625 0.000001 1.2e+00 2.8e-03 (-0.0010042191 -0.0010013580) 1.3e-06 1.8e-06 0 1 1 0 1 0 1 fwd conv2d_host_validation_f16_fwd_CHECK_ISSUE_40_4_f16 (52 of 107)
6881280    (6875665 5243 372 0) 26.0 (-0.0000556111 -0.0000571609) 0.007812 0.000000 2.0e-01 1.7e-03 (0.0011091232 0.0011072159) 8.7e-07 1.6e-06 0 1 0 0 0 0 1 fwd conv2d_host_validation_f16_fwd_CHECK_ISSUE_40_5_f16 (53 of 107)
1048576    (1047502 1011 63 0) 28.0 (-0.0001163483 -0.0001146793) 0.007812 0.000001 3.3e-02 9.7e-04 (-4.0156250000 -4.0195312500) 8.5e-07 2.0e-06 0 1 1 0 1 0 1 fwd conv2d_host_validation_f16_fwd_CHECK_ISSUE_41_10_f16 (54 of 107)
12845056   (12836529 8016 511 0) 12.0 (-0.0000874996 -0.0000882149) 0.007812 0.000000 6.0e-01 9.8e-04 (-0.0156250000 -0.0156402588) 7.5e-07 1.4e-06 0 1 1 0 1 0 1 fwd conv2d_host_validation_f16_fwd_CHECK_ISSUE_41_11_f16 (55 of 107)
9437184    (9427521 9051 612 0) 38.0 (0.0000147820 0.0000170469) 0.015625 0.000001 1.0e+00 1.9e-03 (-0.0010175705 -0.0010156631) 1.3e-06 1.8e-06 0 1 1 0 1 0 1 fwd conv2d_host_validation_f16_fwd_CHECK_ISSUE_41_12_f16 (56 of 107)
921600     (920989 572 39 0) 9.0 (0.0000998974 0.0000993609) 0.007812 0.000000 4.8e-02 9.8e-04 (0.0625610352 0.0625000000) 6.6e-07 1.5e-06 0 1 1 0 1 0 1 fwd conv2d_host_validation_f16_fwd_CHECK_ISSUE_41_2_f16 (57 of 107)
1605632    (1604619 947 66 0) 7.0 (-0.0001155138 -0.0001159310) 0.007812 0.000000 8.9e-02 9.8e-04 (0.5004882812 0.5009765625) 6.3e-07 1.7e-06 0 1 1 0 1 0 1 fwd conv2d_host_validation_f16_fwd_CHECK_ISSUE_41_3_f16 (58 of 107)
200704     (200589 109 6 0) 6.0 (-0.0000409484 -0.0000413060) 0.003906 0.000000 8.7e-03 9.7e-04 (0.0039367676 0.0039405823) 4.3e-07 1.8e-06 0 1 1 0 1 0 1 fwd conv2d_host_validation_f16_fwd_CHECK_ISSUE_41_4_f16 (59 of 107)
1605632    (1604254 1300 78 0) 17.0 (-0.0000748634 -0.0000738502) 0.007812 0.000000 7.7e-02 1.7e-03 (0.0011081696 0.0011062622) 8.4e-07 1.9e-06 0 1 1 0 1 0 1 fwd conv2d_host_validation_f16_fwd_CHECK_ISSUE_41_5_f16 (60 of 107)
802816     (802311 476 29 0) 7.0 (-0.0001155138 -0.0001159310) 0.007812 0.000000 1.5e-02 9.8e-04 (0.5004882812 0.5009765625) 5.2e-07 1.8e-06 0 1 1 0 1 0 1 fwd conv2d_host_validation_f16_fwd_CHECK_ISSUE_41_6_f16 (61 of 107)
4194304    (4191669 2480 155 0) 10.0 (0.0000497103 0.0000491142) 0.007812 0.000000 2.0e+00 9.8e-04 (0.0156250000 0.0156402588) 1.1e-06 1.4e-06 0 1 1 0 1 0 1 fwd conv2d_host_validation_f16_fwd_CHECK_ISSUE_41_7_f16 (62 of 107)
3211264    (3208004 3050 210 0) 19.0 (-0.0000658631 -0.0000647306) 0.007812 0.000001 1.0e-01 1.9e-03 (-0.0010070801 -0.0010089874) 9.7e-07 1.7e-06 0 1 1 0 1 0 1 fwd conv2d_host_validation_f16_fwd_CHECK_ISSUE_41_8_f16 (63 of 107)
2359296    (2357753 1466 77 0) 11.0 (0.0000107884 0.0000101328) 0.007812 0.000000 1.3e-01 9.8e-04 (-0.5000000000 -0.5004882812) 6.5e-07 1.6e-06 0 1 1 0 1 0 1 fwd conv2d_host_validation_f16_fwd_CHECK_ISSUE_41_9_f16 (64 of 107)
25690112   (25661187 26823 2102 0) 89.0 (0.0001126528 0.0001179576) 0.031250 0.000001 1.4e+01 5.5e-03 (-0.0012140274 -0.0012207031) 1.9e-06 1.6e-06 0 1 1 0 1 0 1 fwd conv2d_host_validation_f16_fwd_CHECK_KCYX_NCHW_NKHW1_f16 (65 of 107)
3686400    (3685243 1119 38 0) 4.0 (0.0001153946 0.0001151562) 0.003906 0.000000 8.5e-02 9.7e-04 (1.0039062500 1.0048828125) 2.8e-07 9.2e-07 0 1 1 0 1 0 1 fwd conv2d_host_validation_f16_fwd_CHECK_KCYX_NCHW_NKHW2_f16 (66 of 107)
409600     (409492 105 3 0) 2.0 (-0.0000085831 -0.0000087023) 0.003906 0.000000 1.4e-02 9.7e-04 (-0.0019760132 -0.0019741058) 2.4e-07 8.5e-07 0 1 1 0 1 0 1 fwd conv2d_host_validation_f16_fwd_CHECK_KCYX_NCHW_NKHW3_f16 (67 of 107)
147456     (147421 34 1 0) 2.0 (0.0000642538 0.0000643730) 0.001953 0.000000 1.9e-03 9.4e-04 (2.0800781250 2.0820312500) 1.7e-07 6.5e-07 0 1 1 0 1 0 1 fwd conv2d_host_validation_f16_fwd_CHECK_KCYX_NCHW_NKHW4_f16 (68 of 107)
102400     (102374 25 1 0) 2.0 (-0.0000185370 -0.0000184178) 0.000977 0.000000 6.4e-03 9.1e-04 (0.0041961670 0.0041923523) 2.1e-07 3.8e-07 0 1 1 0 1 0 1 fwd conv2d_host_validation_f16_fwd_CHECK_KCYX_NCHW_NKHW5_f16 (69 of 107)
15745024   (15740526 4315 183 0) 5.0 (-0.0001071095 -0.0001074076) 0.003906 0.000000 9.1e-02 9.8e-04 (-0.0019531250 -0.0019550323) 2.5e-07 7.7e-07 0 1 1 0 1 0 1 fwd conv2d_host_validation_f16_fwd_CHECK_KCYX_NCHW_NKHW6_f16 (70 of 107)
13778944   (13771892 6605 447 0) 18.0 (-0.0000876784 -0.0000866055) 0.007812 0.000000 2.1e-01 1.7e-03 (0.0010986328 0.0011005402) 5.0e-07 1.1e-06 0 1 1 0 1 0 1 fwd conv2d_host_validation_f16_fwd_CHECK_KCYX_NCHW_NKHW7_f16 (71 of 107)
25690112   (25661354 26769 1989 0) 80.0 (0.0000102520 0.0000150204) 0.031250 0.000001 5.8e-01 5.1e-03 (0.0011167526 0.0011110306) 1.2e-06 2.5e-07 0 1 1 0 1 0 1 fwd conv2d_host_validation_f16_fwd_CHECK_KYXC_NHWC_NHWK1_f16 (72 of 107)
3686400    (3684600 1714 86 0) 4.0 (-0.0000672340 -0.0000669956) 0.003906 0.000000 1.2e-01 9.8e-04 (-0.2502441406 -0.2500000000) 4.6e-07 1.3e-06 0 1 1 0 1 0 1 fwd conv2d_host_validation_f16_fwd_CHECK_KYXC_NHWC_NHWK2_f16 (73 of 107)
409600     (409411 180 9 0) 4.0 (-0.0000964999 -0.0000962615) 0.003906 0.000000 3.4e-03 9.7e-04 (0.0039520264 0.0039558411) 3.5e-07 1.3e-06 0 1 1 0 1 0 1 fwd conv2d_host_validation_f16_fwd_CHECK_KYXC_NHWC_NHWK3_f16 (74 of 107)
147456     (147382 69 5 0) 4.0 (0.0000734329 0.0000736713) 0.000977 0.000000 1.0e-02 9.7e-04 (0.2507324219 0.2504882812) 4.5e-07 6.3e-07 0 1 1 0 1 0 1 fwd conv2d_host_validation_f16_fwd_CHECK_KYXC_NHWC_NHWK4_f16 (75 of 107)
102400     (102356 42 2 0) 3.0 (0.0000774264 0.0000776052) 0.001953 0.000000 2.3e-03 9.6e-04 (0.5063476562 0.5058593750) 3.2e-07 9.2e-07 0 1 1 0 1 0 1 fwd conv2d_host_validation_f16_fwd_CHECK_KYXC_NHWC_NHWK5_f16 (76 of 107)
15745024   (15737733 6983 308 0) 5.0 (-0.0000013113 -0.0000010133) 0.003906 0.000000 3.0e+00 9.8e-04 (0.0019531250 0.0019550323) 7.2e-07 1.1e-06 0 1 1 0 1 0 1 fwd conv2d_host_validation_f16_fwd_CHECK_KYXC_NHWC_NHWK6_f16 (77 of 107)
13778944   (13767170 11014 760 0) 21.0 (-0.0000683069 -0.0000670552) 0.007812 0.000000 1.2e+00 1.7e-03 (0.0011367798 0.0011348724) 1.0e-06 1.5e-06 0 1 1 0 1 0 1 fwd conv2d_host_validation_f16_fwd_CHECK_KYXC_NHWC_NHWK7_f16 (78 of 107)
802816     (802629 180 7 0) 4.0 (-0.0001002550 -0.0001000166) 0.001953 0.000000 1.7e-02 9.7e-04 (-0.0078582764 -0.0078659058) 1.9e-07 6.7e-07 0 1 1 0 1 0 1 fwd conv2d_host_validation_f16_fwd_CHECK_PADDING1_f16 (79 of 107)
802816     (802440 349 27 0) 4.0 (0.0000165701 0.0000168085) 0.003906 0.000000 1.4e-02 9.7e-04 (0.2507324219 0.2504882812) 4.2e-07 1.2e-06 0 1 1 0 1 0 1 fwd conv2d_host_validation_f16_fwd_CHECK_PADDING2_f16 (80 of 107)
2048       (2047 0 1 0) 2.0 (0.0001059771 0.0001058578) 0.000000 0.000000 1.1e-03 0.0e+00 (0.0000000000 0.0000000000) 5.5e-07 4.4e-10 0 1 1 0 1 0 1 fwd conv2d_host_validation_f16_fwd_CHECK_PADDING3_f16 (81 of 107)
205520896  (205441779 74731 4386 0) 18.0 (0.0000737906 0.0000748634) 0.007812 0.000000 1.2e+00 1.4e-03 (-0.0013198853 -0.0013179779) 4.4e-07 8.7e-07 0 1 0 0 1 0 1 fwd conv2d_host_validation_f32_fwd_GROUP_NCHW_f16 (82 of 107)
51380224   (51360577 18531 1116 0) 18.0 (0.0000725985 0.0000736713) 0.007812 0.000000 3.0e+00 9.8e-04 (2.0000000000 2.0019531250) 5.0e-07 9.5e-07 1 0 0 0 0 1 0 fwd conv2d_host_validation_random_CHECK_KCYX_NCHW_NKHW_5_f16 (83 of 107)
51380224   (51360577 18531 1116 0) 18.0 (0.0000725985 0.0000736713) 0.007812 0.000000 3.0e+00 9.8e-04 (2.0000000000 2.0019531250) 5.0e-07 9.5e-07 1 0 0 0 0 1 0 fwd conv2d_host_validation_random_CHECK_KCYX_NCHW_NKHW_6_f16 (84 of 107)
47775744   (47731369 41235 3140 0) 82.0 (0.0000290871 0.0000241995) 0.031250 0.000001 8.1e-01 3.8e-03 (-0.0010051727 -0.0010013580) 9.6e-07 1.5e-06 1 0 0 0 0 1 0 fwd conv2d_host_validation_random_CHECK_KCYX_NCHW_NKHW_7_f16 (85 of 107)
51380224   (51333223 43680 3321 0) 82.0 (0.0000290871 0.0000241995) 0.031250 0.000001 8.1e-01 3.8e-03 (-0.0010051727 -0.0010013580) 9.4e-07 1.5e-06 1 0 0 0 0 1 0 fwd conv2d_host_validation_random_CHECK_KCYX_NCHW_NKHW_8_f16 (86 of 107)
16777216   (16774937 2272 7 0) 3.0 (0.0000378489 0.0000376701) 0.001953 0.000000 1.0e-01 9.8e-04 (0.0625610352 0.0625000000) 1.1e-07 5.2e-07 1 0 0 0 0 1 0 fwd conv2d_host_validation_random_CHECK_KYXC_NHWC_NHWK_4_f16 (87 of 107)
16777216   (16774937 2272 7 0) 3.0 (0.0000378489 0.0000376701) 0.001953 0.000000 1.0e-01 9.8e-04 (0.0625610352 0.0625000000) 1.1e-07 5.2e-07 1 0 0 0 0 1 0 fwd conv2d_host_validation_random_CHECK_KYXC_NHWC_NHWK_5_f16 (88 of 107)
25690112   (25661187 26823 2102 0) 89.0 (0.0001126528 0.0001179576) 0.031250 0.000001 1.4e+01 5.5e-03 (-0.0012140274 -0.0012207031) 1.9e-06 1.6e-06 1 0 1 0 0 1 0 fwd conv2d_host_validation_random_CHECK_RAND_FLOAT_2_f16 (89 of 107)
205520896  (205442511 73989 4396 0) 12.0 (0.0000882149 0.0000889301) 0.007812 0.000000 2.0e+00 9.8e-04 (-0.0019531250 -0.0019550323) 4.3e-07 4.7e-07 1 0 0 0 0 1 0 fwd conv2d_host_validation_random_GROUP_NHWC_f16 (90 of 107)
30720      (30708 11 1 0) 2.0 (-0.0003166199 -0.0003170967) 0.000244 0.000000 1.5e-03 9.6e-04 (-0.0019779205 -0.0019760132) 2.9e-07 1.2e-07 0 1 0 0 1 0 1 fwd padding_kernel_all_fwd_CHECK_RESNET50_CONFIG2_f16 (91 of 107)
30720      (30688 27 5 0) 10.0 (-0.0001105070 -0.0001099110) 0.001953 0.000000 5.4e-03 9.6e-04 (0.0079879761 0.0079956055) 9.7e-07 1.3e-06 0 1 0 0 1 0 1 fwd padding_kernel_all_fwd_CHECK_RESNET50_CONFIG4_f16 (92 of 107)
882        (880 2 0 0) 1.0 (-0.0182037354 -0.0181884766) 0.000061 0.000000 8.4e-04 8.4e-04 (-0.0182037354 -0.0181884766) 1.6e-06 2.6e-08 0 1 0 0 1 0 1 bwd_weight padding_kernel_all_wrw_CHECK_RESNET50_CONFIG2_f16 (93 of 107)
882        (880 2 0 0) 1.0 (-0.0323181152 -0.0322875977) 0.000031 0.000000 9.4e-04 9.4e-04 (-0.0323181152 -0.0322875977) 2.0e-06 1.5e-08 0 1 0 0 1 0 1 bwd_weight padding_kernel_all_wrw_CHECK_RESNET50_CONFIG4_f16 (94 of 107)
205520896  (205410878 102843 7175 0) 24.0 (-0.0000988245 -0.0000973940) 0.015625 0.000000 3.0e+00 1.8e-03 (-0.0010337830 -0.0010318756) 6.4e-07 1.1e-06 0 1 1 0 1 0 1 fwd padding_kernel_gemmK_CHECK_RESNET50_F16_CONFIG1 (95 of 107)
205520896  (205409851 103830 7215 0) 32.0 (0.0000783801 0.0000764728) 0.015625 0.000000 3.0e+00 1.8e-03 (-0.0010414124 -0.0010395050) 6.4e-07 1.1e-06 0 1 1 0 1 0 1 fwd padding_kernel_gemmK_CHECK_RESNET50_F16_CONFIG2 (96 of 107)
205520896  (205337144 171656 12096 0) 36.0 (-0.0000648499 -0.0000669956) 0.015625 0.000000 5.0e+00 1.9e-03 (-0.0010042191 -0.0010023117) 1.0e-06 1.5e-06 0 1 1 0 1 0 1 fwd padding_kernel_gemmK_CHECK_RESNET50_F16_CONFIG4 (97 of 107)
9408       (9165 218 25 0) 53.0 (0.0266876221 0.0258789062) 0.500000 0.001658 3.0e-02 3.0e-02 (0.0266876221 0.0258789062) 2.7e-05 1.3e-05 0 1 1 0 1 0 1 bwd_weight padding_kernel_gemmN_CHECK_RESNET50_CONFIG2 (98 of 107)
9408       (9191 193 24 0) 240.0 (0.0130233765 0.0111923218) 0.500000 0.001102 1.4e-01 1.4e-01 (0.0130233765 0.0111923218) 4.8e-05 9.9e-06 0 1 1 0 1 0 1 bwd_weight padding_kernel_gemmN_CHECK_RESNET50_CONFIG4 (99 of 107)
6422528    (6415348 6675 505 0) 52.0 (0.0000464320 0.0000433326) 0.031250 0.000001 1.7e+00 4.4e-03 (0.0010843277 0.0010890961) 1.6e-06 1.7e-06 0 0 0 0 1 0 1 fwd Resnet50_validation_nchw_CHECK_NCHW_1_f16 (100 of 107)
25690112   (25677119 12165 828 0) 20.0 (-0.0000877380 -0.0000889301) 0.007812 0.000000 4.0e-01 1.6e-03 (-0.0011625290 -0.0011606216) 5.2e-07 9.9e-07 0 0 0 0 1 0 1 fwd Resnet50_validation_nchw_CHECK_NCHW_2_f16 (101 of 107)
147456     (146298 1063 95 0) 46.0 (-0.0013484955 -0.0013923645) 0.125000 0.000084 3.3e-02 3.3e-02 (-0.0013484955 -0.0013923645) 7.3e-06 1.2e-07 0 0 0 0 1 0 1 bwd_weight Resnet50_validation_nchw_CHECK_NCHW_3_f16 (102 of 107)
65536      (65017 468 51 0) 30.0 (-0.0078430176 -0.0077285767) 0.125000 0.000103 1.5e-02 1.5e-02 (-0.0078430176 -0.0077285767) 7.5e-06 5.6e-06 0 0 0 0 1 0 1 bwd_weight Resnet50_validation_nchw_CHECK_NCHW_4_f16 (103 of 107)
6422528    (6408684 12819 1025 0) 155.0 (-0.0000936389 -0.0000844002) 0.031250 0.000003 1.5e+01 8.8e-03 (0.0010776520 0.0010871887) 5.3e-06 1.1e-06 0 0 0 0 1 0 1 fwd Resnet50_validation_nhwc_CHECK_NHWC_1_f16 (104 of 107)
25690112   (25676773 12492 847 0) 16.0 (0.0000213981 0.0000223517) 0.007812 0.000000 4.3e+00 1.8e-03 (0.0010852814 0.0010833740) 7.5e-07 4.2e-07 0 0 0 0 1 0 1 fwd Resnet50_validation_nhwc_CHECK_NHWC_2_f16 (105 of 107)
147456     (146245 1103 108 0) 339.0 (-0.0001929998 -0.0001525879) 16.000000 0.000222 2.1e-01 3.7e-02 (0.0018777847 0.0019474030) 1.0e-05 2.5e-06 0 0 0 0 1 0 1 bwd_weight Resnet50_validation_nhwc_CHECK_NHWC_3_f16 (106 of 107)
65536      (65005 478 53 0) 220.0 (0.0015430450 0.0017528534) 0.125000 0.000107 1.4e-01 1.4e-01 (0.0015430450 0.0017528534) 1.0e-05 7.2e-06 0 0 0 0 1 0 1 bwd_weight Resnet50_validation_nhwc_CHECK_NHWC_4_f16 (107 of 107)
