25690112   (25617547 67222 5343 0) 5120.0 (-0.0000762939 0.0002288818) 32.000000 0.000461 1.7e+01 7.6e-01 (0.0011081696 0.0002708435) 4.1e-06 5.4e-07 1 0 0 0 0 1 0 fwd conv2d_harness_cpu_verifier_kyxc_nhwc_nhwk_f16_E2E_f16 (1 of 107)
802816     (802816 0 0 0) 0.0 (0.0000000000 0.0000000000) 0.000000 0.000000 0.0e+00 0.0e+00 (0.0000000000 0.0000000000) 0.0e+00 0.0e+00 0 1 1 0 1 0 1 bwd_data conv2d_host_validation_f16_bwd_CHECK_BWD_DATA1 (2 of 107)
4096       (4072 18 6 0) 5.0 (0.2275390625 0.2269287109) 2.000000 0.001815 2.7e-03 2.7e-03 (1.4462890625 1.4423828125) 6.6e-06 0.0e+00 0 1 1 0 1 0 1 bwd_weight conv2d_host_validation_f16_bwd_CHECK_BWD_WEIGHT1 (3 of 107)
147456     (145075 2125 256 0) 243.0 (-0.0288848877 -0.0251770020) 16.000000 0.022689 1.3e-01 1.3e-01 (-0.0288848877 -0.0251770020) 1.9e-05 1.0e-05 0 1 1 0 1 0 1 bwd_weight conv2d_host_validation_f16_bwd_CHECK_ISSUE_127_10 (4 of 107)
294912     (291488 3119 305 0) 5561.0 (0.0055503845 0.0267639160) 16.000000 0.011025 3.8e+00 3.8e+00 (0.0055503845 0.0267639160) 3.0e-05 9.0e-06 0 1 1 0 1 0 1 bwd_weight conv2d_host_validation_f16_bwd_CHECK_ISSUE_127_15 (5 of 107)
589824     (584780 4602 442 0) 481.0 (-0.0290679932 -0.0364074707) 8.000000 0.005376 2.5e-01 2.5e-01 (-0.0290679932 -0.0364074707) 9.6e-06 0.0e+00 0 1 1 0 1 0 1 bwd_weight conv2d_host_validation_f16_bwd_CHECK_ISSUE_127_16 (6 of 107)
1179648    (1172581 6470 597 0) 4541.0 (0.0032596588 -0.0054016113) 8.000000 0.002425 2.7e+00 2.7e+00 (0.0032596588 -0.0054016113) 8.9e-06 5.3e-06 0 1 1 0 1 0 1 bwd_weight conv2d_host_validation_f16_bwd_CHECK_ISSUE_127_17 (7 of 107)
147456     (143135 3856 465 0) 4190.0 (-0.0193176270 -0.0832519531) 32.000000 0.087483 3.3e+00 3.3e+00 (-0.0193176270 -0.0832519531) 6.9e-05 0.0e+00 0 1 1 0 1 0 1 bwd_weight conv2d_host_validation_f16_bwd_CHECK_ISSUE_127_18 (8 of 107)
2097152    (2087004 9329 819 0) 4352.0 (0.0000333786 0.0002927780) 4.000000 0.001435 7.8e+00 1.4e+00 (-0.0022983551 -0.0056266785) 9.5e-06 4.7e-06 0 1 1 0 1 0 1 bwd_weight conv2d_host_validation_f16_bwd_CHECK_ISSUE_127_6 (9 of 107)
262144     (259718 2200 226 0) 272.0 (0.0234375000 0.0192871094) 8.000000 0.006269 1.8e-01 1.8e-01 (0.0234375000 0.0192871094) 1.1e-05 7.5e-06 0 1 1 0 1 0 1 bwd_weight conv2d_host_validation_f16_bwd_CHECK_ISSUE_127_7 (10 of 107)
147456     (145072 2151 233 0) 866.0 (-0.1273193359 -0.0744628906) 16.000000 0.022761 4.2e-01 4.2e-01 (-0.1273193359 -0.0744628906) 2.2e-05 9.8e-06 0 1 1 0 1 0 1 bwd_weight conv2d_host_validation_f16_bwd_CHECK_ISSUE_127_8 (11 of 107)
147456     (145112 2154 190 0) 76.0 (-0.0859985352 -0.0906372070) 16.000000 0.023598 5.4e-02 5.4e-02 (-0.0859985352 -0.0906372070) 1.6e-05 0.0e+00 0 1 1 0 1 0 1 bwd_weight conv2d_host_validation_f16_bwd_CHECK_ISSUE_127_9 (12 of 107)
1024       (1016 8 0 0) 1.0 (0.1635742188 0.1634521484) 2.000000 0.002537 9.5e-04 9.5e-04 (4.1328125000 4.1367187500) 5.2e-06 1.0e-05 0 1 1 0 1 0 1 bwd_weight conv2d_host_validation_f16_bwd_CHECK_ISSUE_70_1 (13 of 107)
65536      (64478 958 100 0) 39.0 (0.8828125000 0.9018554688) 16.000000 0.025676 2.8e-02 2.8e-02 (-0.6562500000 -0.6381835938) 1.6e-05 0.0e+00 0 1 1 0 1 0 1 bwd_weight conv2d_host_validation_f16_bwd_CHECK_ISSUE_70_2 (14 of 107)
4096       (4070 22 4 0) 2.0 (0.2993164062 0.2998046875) 4.000000 0.002104 1.6e-03 1.6e-03 (0.2993164062 0.2998046875) 4.5e-06 1.1e-05 0 1 1 0 1 0 1 bwd_weight conv2d_host_validation_f16_bwd_CHECK_ISSUE_70_3 (15 of 107)
1024       (1024 0 0 0) 0.0 (0.0000000000 0.0000000000) 0.000000 0.000000 0.0e+00 0.0e+00 (0.0000000000 0.0000000000) 0.0e+00 0.0e+00 0 1 1 0 1 0 1 bwd_weight conv2d_host_validation_f16_bwd_CHECK_ISSUE_71_1 (16 of 107)
1024       (1020 4 0 0) 1.0 (2424.0000000000 2422.0000000000) 2.000000 0.004395 8.3e-04 8.3e-04 (2424.0000000000 2422.0000000000) 2.8e-06 0.0e+00 0 1 1 0 1 0 1 bwd_weight conv2d_host_validation_f16_bwd_CHECK_ISSUE_71_2 (17 of 107)
1024       (1010 12 2 0) 6.0 (-1.9960937500 -2.0019531250) 4.000000 0.009472 2.9e-03 2.9e-03 (-1.9960937500 -2.0019531250) 1.4e-05 0.0e+00 0 1 1 0 1 0 1 bwd_weight conv2d_host_validation_f16_bwd_CHECK_ISSUE_71_3 (18 of 107)
1024       (1020 4 0 0) 1.0 (-28.8437500000 -28.8281250000) 2.000000 0.002960 8.9e-04 8.9e-04 (2242.0000000000 2240.0000000000) 2.7e-06 9.8e-06 0 1 1 0 1 0 1 bwd_weight conv2d_host_validation_f16_bwd_CHECK_ISSUE_71_4 (19 of 107)
12845056   (12826812 16991 1253 0) 512.0 (-0.0001964569 -0.0002574921) 1.000000 0.000111 3.1e-01 1.3e-01 (-0.0011901855 -0.0013427734) 1.4e-06 2.2e-06 0 0 0 0 0 1 0 fwd conv2d_host_validation_f16_CHECK_RESNET101_NCHW_CONFIG1_FWD_f16 (20 of 107)
12845056   (12827725 16158 1173 0) 4096.0 (-0.0001182556 -0.0003623962) 1.000000 0.000103 2.1e+00 1.8e-01 (-0.0019531250 -0.0023040771) 1.8e-06 2.1e-06 0 0 0 0 0 1 0 fwd conv2d_host_validation_f16_CHECK_RESNET101_NCHW_CONFIG2_FWD_f16 (21 of 107)
25690112   (25690112 0 0 0) 0.0 (0.0000000000 0.0000000000) 0.000000 0.000000 0.0e+00 0.0e+00 (0.0000000000 0.0000000000) 0.0e+00 0.0e+00 0 0 0 0 0 1 0 bwd_data conv2d_host_validation_f16_CHECK_RESNET101_NCHW_CONFIG8_BWD_f16 (22 of 107)
102760448  (102692363 63584 4501 0) 1088.0 (-0.0001411438 -0.0000762939) 1.000000 0.000024 1.1e+00 4.2e-02 (-0.0012588501 -0.0013122559) 7.3e-07 1.5e-06 0 0 0 0 0 1 0 fwd conv2d_host_validation_f16_CHECK_RESNET101_NCHW_CONFIG8_FWD_f16 (23 of 107)
16384      (16006 338 40 0) 55.0 (3.7167968750 3.8242187500) 32.000000 0.052040 2.9e-02 2.9e-02 (3.7167968750 3.8242187500) 2.3e-05 0.0e+00 0 0 0 0 0 1 0 bwd_weight conv2d_host_validation_f16_CHECK_RESNET101_NCHW_CONFIG8_WRW_f16 (24 of 107)
12845056   (12825584 18117 1355 0) 928.0 (0.0002784729 0.0001678467) 2.000000 0.000116 4.0e-01 1.6e-01 (-0.0013198853 -0.0011138916) 1.6e-06 2.4e-06 0 0 0 0 0 1 0 fwd conv2d_host_validation_f16_CHECK_RESNET101_NHWC_CONFIG1_FWD_f16 (25 of 107)
12845056   (12826421 17384 1251 0) 824.0 (0.0004787445 0.0002822876) 1.000000 0.000105 4.1e-01 1.3e-01 (0.0010528564 0.0009155273) 1.5e-06 2.2e-06 0 0 0 0 0 1 0 fwd conv2d_host_validation_f16_CHECK_RESNET101_NHWC_CONFIG2_FWD_f16 (26 of 107)
25690112   (25690112 0 0 0) 0.0 (0.0000000000 0.0000000000) 0.000000 0.000000 0.0e+00 0.0e+00 (0.0000000000 0.0000000000) 0.0e+00 0.0e+00 0 0 0 0 0 1 0 bwd_data conv2d_host_validation_f16_CHECK_RESNET101_NHWC_CONFIG8_BWD_f16 (27 of 107)
102760448  (102691992 63926 4530 0) 1730.0 (0.0000413656 0.0001444817) 0.500000 0.000024 3.2e+01 7.2e-02 (-0.0016937256 -0.0015716553) 1.3e-06 7.8e-07 0 0 0 0 0 1 0 fwd conv2d_host_validation_f16_CHECK_RESNET101_NHWC_CONFIG8_FWD_f16 (28 of 107)
16384      (16008 344 32 0) 21.0 (0.5634765625 0.5532226562) 32.000000 0.044062 1.8e-02 1.8e-02 (0.5634765625 0.5532226562) 2.0e-05 1.4e-05 0 0 0 0 0 1 0 bwd_weight conv2d_host_validation_f16_CHECK_RESNET101_NHWC_CONFIG8_WRW_f16 (29 of 107)
4194304    (4193985 310 9 0) 32.0 (0.0000553131 0.0000534058) 0.062500 0.000000 3.4e-02 1.6e-03 (0.0011768341 0.0011749268) 7.2e-08 2.8e-07 0 1 1 0 1 0 1 fwd conv2d_host_validation_f16_fwd_CHECK_FILTER1_f16 (30 of 107)
4194304    (4193980 313 11 0) 16.0 (0.0000581741 0.0000572205) 0.125000 0.000000 1.6e-02 1.8e-03 (-0.0010547638 -0.0010528564) 5.7e-08 3.7e-07 0 1 1 0 1 0 1 fwd conv2d_host_validation_f16_fwd_CHECK_FILTER2_f16 (31 of 107)
16777216   (16774581 2501 134 0) 128.0 (0.0000839233 0.0000762939) 0.250000 0.000002 9.1e-02 6.5e-03 (0.0011672974 0.0011596680) 1.4e-07 6.2e-07 0 1 1 0 1 0 1 fwd conv2d_host_validation_f16_fwd_CHECK_ISSUE_114_1_f16 (32 of 107)
16777216   (16774581 2501 134 0) 128.0 (0.0000839233 0.0000762939) 0.250000 0.000002 9.1e-02 6.5e-03 (0.0011672974 0.0011596680) 1.4e-07 6.2e-07 0 1 1 0 1 0 1 fwd conv2d_host_validation_f16_fwd_CHECK_ISSUE_114_2_f16 (33 of 107)
4194304    (4193659 615 30 0) 16.0 (0.0004386902 0.0004425049) 0.250000 0.000001 9.2e-03 4.6e-03 (-0.0016555786 -0.0016632080) 1.2e-07 6.6e-07 0 1 1 0 1 0 1 fwd conv2d_host_validation_f16_fwd_CHECK_ISSUE_114_3_f16 (34 of 107)
4194304    (4193659 615 30 0) 16.0 (0.0004386902 0.0004425049) 0.250000 0.000001 9.2e-03 4.6e-03 (-0.0016555786 -0.0016632080) 1.2e-07 6.6e-07 0 1 1 0 1 0 1 fwd conv2d_host_validation_f16_fwd_CHECK_ISSUE_114_4_f16 (35 of 107)
16777216   (16774675 2412 129 0) 208.0 (0.0006332397 0.0005340576) 0.250000 0.000002 1.0e+00 5.0e-03 (0.0015411377 0.0015487671) 2.5e-07 7.1e-07 0 1 1 0 1 0 1 fwd conv2d_host_validation_f16_fwd_CHECK_ISSUE_114_5_f16 (36 of 107)
16777216   (16774675 2412 129 0) 208.0 (0.0006332397 0.0005340576) 0.250000 0.000002 1.0e+00 5.0e-03 (0.0015411377 0.0015487671) 2.5e-07 7.1e-07 0 1 1 0 1 0 1 fwd conv2d_host_validation_f16_fwd_CHECK_ISSUE_114_6_f16 (37 of 107)
4194304    (4193652 614 38 0) 208.0 (0.0006332397 0.0005340576) 0.250000 0.000002 1.0e+00 5.0e-03 (0.0015411377 0.0015487671) 4.0e-07 7.7e-07 0 1 1 0 1 0 1 fwd conv2d_host_validation_f16_fwd_CHECK_ISSUE_114_7_f16 (38 of 107)
4194304    (4193652 614 38 0) 208.0 (0.0006332397 0.0005340576) 0.250000 0.000002 1.0e+00 5.0e-03 (0.0015411377 0.0015487671) 4.0e-07 7.7e-07 0 1 1 0 1 0 1 fwd conv2d_host_validation_f16_fwd_CHECK_ISSUE_114_8_f16 (39 of 107)
12845056   (12791415 49365 4276 0) 16224.0 (-0.0008754730 0.0000915527) 4.000000 0.001029 1.7e+00 7.5e-01 (-0.0025348663 -0.0044250488) 5.2e-06 1.1e-06 0 1 1 0 1 0 1 fwd conv2d_host_validation_f16_fwd_CHECK_ISSUE_127_11_f16 (40 of 107)
12845056   (12792566 48376 4114 0) 22688.0 (0.0001831055 0.0028877258) 16.000000 0.000988 1.5e+01 9.4e-01 (0.0017929077 0.0034847260) 6.3e-06 1.1e-06 0 1 1 0 1 0 1 fwd conv2d_host_validation_f16_fwd_CHECK_ISSUE_127_12_f16 (41 of 107)
12845056   (12794194 46915 3947 0) 10698.0 (-0.0014486313 -0.0001733303) 16.000000 0.000899 5.8e+00 8.8e-01 (-0.0014486313 -0.0001733303) 5.6e-06 1.1e-06 0 1 1 0 1 0 1 fwd conv2d_host_validation_f16_fwd_CHECK_ISSUE_127_13_f16 (42 of 107)
12845056   (12790762 50151 4143 0) 7136.0 (-0.0001373291 -0.0009880066) 4.000000 0.001056 6.2e+00 1.1e+00 (0.0010452271 0.0021800995) 5.9e-06 1.2e-06 0 1 1 0 1 0 1 fwd conv2d_host_validation_f16_fwd_CHECK_ISSUE_127_14_f16 (43 of 107)
12845056   (12790296 50434 4326 0) 6656.0 (-0.0013427734 0.0002441406) 16.000000 0.001069 2.9e+00 1.5e+00 (0.0010414124 -0.0005569458) 5.6e-06 1.2e-06 0 1 1 0 1 0 1 fwd conv2d_host_validation_f16_fwd_CHECK_ISSUE_127_1_f16 (44 of 107)
6422528    (6385121 34299 3108 0) 76736.0 (-0.0000915527 -0.0046653748) 8.000000 0.002124 5.0e+01 5.3e-01 (-0.0046081543 -0.0021553040) 1.6e-05 1.1e-06 0 1 1 0 1 0 1 fwd conv2d_host_validation_f16_fwd_CHECK_ISSUE_127_2_f16 (45 of 107)
25690112   (25613040 71244 5828 0) 11904.0 (-0.0006942749 0.0000152588) 4.000000 0.000526 5.9e+00 3.4e-01 (-0.0016222000 -0.0021743774) 4.0e-06 3.3e-06 0 1 1 0 1 0 1 fwd conv2d_host_validation_f16_fwd_CHECK_ISSUE_127_3_f16 (46 of 107)
12845056   (12792190 48718 4148 0) 5440.0 (0.0004501343 -0.0001983643) 4.000000 0.001060 3.0e+00 6.0e-01 (-0.0011863708 -0.0004730225) 5.1e-06 4.0e-06 0 1 1 0 1 0 1 fwd conv2d_host_validation_f16_fwd_CHECK_ISSUE_127_4_f16 (47 of 107)
12845056   (12794078 47032 3946 0) 27968.0 (0.0016746521 0.0000076294) 4.000000 0.000955 3.8e+00 1.0e+00 (0.0016746521 0.0000076294) 5.2e-06 4.0e-06 0 1 1 0 1 0 1 fwd conv2d_host_validation_f16_fwd_CHECK_ISSUE_127_5_f16 (48 of 107)
7372800    (7366901 5518 381 0) 384.0 (-0.0000839233 -0.0001068115) 0.500000 0.000029 2.9e-01 3.0e-02 (-0.0015735626 -0.0015258789) 8.7e-07 1.6e-06 0 1 1 0 1 0 1 fwd conv2d_host_validation_f16_fwd_CHECK_ISSUE_40_1_f16 (49 of 107)
3440640    (3436772 3586 282 0) 1360.0 (0.0000867844 0.0001678467) 1.000000 0.000061 9.3e-01 6.5e-02 (-0.0011177063 -0.0011901855) 1.5e-06 2.1e-06 0 1 1 0 1 0 1 fwd conv2d_host_validation_f16_fwd_CHECK_ISSUE_40_2_f16 (50 of 107)
6422528    (6410457 11176 895 0) 376.0 (-0.0004119873 -0.0005016327) 2.000000 0.000180 2.2e-01 2.0e-01 (-0.0011825562 -0.0014190674) 2.1e-06 2.7e-06 0 1 1 0 1 0 1 fwd conv2d_host_validation_f16_fwd_CHECK_ISSUE_40_3_f16 (51 of 107)
14745600   (14726374 17924 1302 0) 448.0 (0.0000343323 0.0000610352) 1.000000 0.000085 7.8e-01 1.8e-01 (-0.0016937256 -0.0019969940) 1.4e-06 2.2e-06 0 1 1 0 1 0 1 fwd conv2d_host_validation_f16_fwd_CHECK_ISSUE_40_4_f16 (52 of 107)
6881280    (6874136 6682 462 0) 2528.0 (-0.0000019073 -0.0001525879) 1.000000 0.000051 7.9e+01 7.5e-02 (0.0019483566 0.0020942688) 1.4e-05 1.8e-06 0 1 0 0 0 0 1 fwd conv2d_host_validation_f16_fwd_CHECK_ISSUE_40_5_f16 (53 of 107)
1048576    (1047083 1394 99 0) 112.0 (-0.0006647110 -0.0006113052) 1.000000 0.000091 8.0e-02 6.5e-02 (0.0014190674 0.0015106201) 1.4e-06 2.4e-06 0 1 1 0 1 0 1 fwd conv2d_host_validation_f16_fwd_CHECK_ISSUE_41_10_f16 (54 of 107)
12845056   (12834807 9562 687 0) 560.0 (0.0000705719 0.0001039505) 0.500000 0.000030 1.0e+00 4.8e-02 (0.0010337830 0.0010833740) 8.9e-07 1.6e-06 0 1 1 0 1 0 1 fwd conv2d_host_validation_f16_fwd_CHECK_ISSUE_41_11_f16 (55 of 107)
9437184    (9424478 11856 850 0) 1600.0 (-0.0000953674 0.0000000000) 1.000000 0.000088 2.7e+00 1.3e-01 (0.0013008118 0.0011272430) 1.7e-06 2.2e-06 0 1 1 0 1 0 1 fwd conv2d_host_validation_f16_fwd_CHECK_ISSUE_41_12_f16 (56 of 107)
921600     (920870 685 45 0) 224.0 (-0.0002670288 -0.0002403259) 0.500000 0.000028 1.0e-01 2.6e-02 (0.0013084412 0.0013427734) 8.0e-07 1.7e-06 0 1 1 0 1 0 1 fwd conv2d_host_validation_f16_fwd_CHECK_ISSUE_41_2_f16 (57 of 107)
1605632    (1604324 1220 88 0) 512.0 (0.0000190735 0.0000495911) 0.500000 0.000032 1.6e+00 1.4e-02 (0.0030097961 0.0029678345) 1.7e-06 1.9e-06 0 1 1 0 1 0 1 fwd conv2d_host_validation_f16_fwd_CHECK_ISSUE_41_3_f16 (58 of 107)
200704     (200552 143 9 0) 14.0 (-0.0039253235 -0.0038986206) 0.500000 0.000027 6.9e-03 6.9e-03 (-0.0049781799 -0.0049438477) 6.4e-07 1.7e-06 0 1 1 0 1 0 1 fwd conv2d_host_validation_f16_fwd_CHECK_ISSUE_41_4_f16 (59 of 107)
1605632    (1603822 1685 125 0) 188.0 (0.0004281998 0.0004730225) 1.000000 0.000064 1.2e-01 5.3e-02 (0.0018291473 0.0017318726) 1.2e-06 2.3e-06 0 1 1 0 1 0 1 fwd conv2d_host_validation_f16_fwd_CHECK_ISSUE_41_5_f16 (60 of 107)
802816     (802173 609 34 0) 512.0 (0.0000190735 0.0000495911) 0.500000 0.000031 1.6e+00 6.9e-03 (-0.0049781799 -0.0049438477) 2.6e-06 1.9e-06 0 1 1 0 1 0 1 fwd conv2d_host_validation_f16_fwd_CHECK_ISSUE_41_6_f16 (61 of 107)
4194304    (4191098 3020 186 0) 160.0 (0.0001564026 0.0001754761) 0.500000 0.000027 1.2e-01 2.4e-02 (-0.0010318756 -0.0010566711) 7.1e-07 1.6e-06 0 1 1 0 1 0 1 fwd conv2d_host_validation_f16_fwd_CHECK_ISSUE_41_7_f16 (62 of 107)
3211264    (3207212 3751 301 0) 240.0 (-0.0004768372 -0.0004196167) 1.000000 0.000076 1.4e-01 1.4e-01 (-0.0014610291 -0.0012512207) 1.4e-06 2.0e-06 0 1 1 0 1 0 1 fwd conv2d_host_validation_f16_fwd_CHECK_ISSUE_41_8_f16 (63 of 107)
2359296    (2357401 1772 123 0) 416.0 (-0.0000057220 -0.0000305176) 0.500000 0.000032 4.3e+00 1.7e-02 (0.0031089783 0.0030574799) 3.8e-06 1.8e-06 0 1 1 0 1 0 1 fwd conv2d_host_validation_f16_fwd_CHECK_ISSUE_41_9_f16 (64 of 107)
25690112   (25617035 67698 5379 0) 12912.0 (-0.0017528534 -0.0002136230) 4.000000 0.000473 7.6e+00 8.8e-01 (-0.0017528534 -0.0002136230) 3.8e-06 3.4e-06 0 1 1 0 1 0 1 fwd conv2d_host_validation_f16_fwd_CHECK_KCYX_NCHW_NKHW1_f16 (65 of 107)
3686400    (3684786 1500 114 0) 256.0 (0.0001220703 0.0001525879) 0.500000 0.000011 1.3e+00 1.3e-02 (0.0011863708 0.0011711121) 8.4e-07 1.3e-06 0 1 1 0 1 0 1 fwd conv2d_host_validation_f16_fwd_CHECK_KCYX_NCHW_NKHW2_f16 (66 of 107)
409600     (409425 162 13 0) 64.0 (-0.0019207001 -0.0019817352) 0.500000 0.000010 3.2e-02 3.2e-02 (-0.0019207001 -0.0019817352) 4.5e-07 1.4e-06 0 1 1 0 1 0 1 fwd conv2d_host_validation_f16_fwd_CHECK_KCYX_NCHW_NKHW3_f16 (67 of 107)
147456     (147386 66 4 0) 7.0 (0.0077056885 0.0077323914) 0.250000 0.000015 3.5e-03 3.5e-03 (0.0077056885 0.0077323914) 3.7e-07 1.6e-06 0 1 1 0 1 0 1 fwd conv2d_host_validation_f16_fwd_CHECK_KCYX_NCHW_NKHW4_f16 (68 of 107)
102400     (102345 51 4 0) 64.0 (-0.0019207001 -0.0019817352) 0.250000 0.000009 3.2e-02 3.2e-02 (-0.0019207001 -0.0019817352) 7.0e-07 1.3e-06 0 1 1 0 1 0 1 fwd conv2d_host_validation_f16_fwd_CHECK_KCYX_NCHW_NKHW5_f16 (69 of 107)
15745024   (15738460 6132 432 0) 256.0 (0.0000190735 0.0000343323) 0.500000 0.000011 1.0e+00 2.8e-02 (-0.0010833740 -0.0010528564) 5.1e-07 1.2e-06 0 1 1 0 1 0 1 fwd conv2d_host_validation_f16_fwd_CHECK_KCYX_NCHW_NKHW6_f16 (70 of 107)
13778944   (13765337 12680 927 0) 1024.0 (-0.0000152588 0.0000457764) 1.000000 0.000052 4.0e+00 8.7e-02 (-0.0013160706 -0.0014305115) 1.3e-06 1.8e-06 0 1 1 0 1 0 1 fwd conv2d_host_validation_f16_fwd_CHECK_KCYX_NCHW_NKHW7_f16 (71 of 107)
25690112   (25617547 67222 5343 0) 5120.0 (-0.0000762939 0.0002288818) 32.000000 0.000461 1.7e+01 7.6e-01 (0.0011081696 0.0002708435) 4.1e-06 5.4e-07 0 1 1 0 1 0 1 fwd conv2d_host_validation_f16_fwd_CHECK_KYXC_NHWC_NHWK1_f16 (72 of 107)
3686400    (3684210 2055 135 0) 288.0 (-0.0002403259 -0.0002059937) 0.500000 0.000015 1.4e-01 2.7e-02 (-0.0014343262 -0.0013961792) 6.1e-07 1.5e-06 0 1 1 0 1 0 1 fwd conv2d_host_validation_f16_fwd_CHECK_KYXC_NHWC_NHWK2_f16 (73 of 107)
409600     (409371 215 14 0) 24.0 (0.0007171631 0.0007286072) 0.250000 0.000014 1.6e-02 9.1e-03 (0.0029258728 0.0029525757) 4.6e-07 1.6e-06 0 1 1 0 1 0 1 fwd conv2d_host_validation_f16_fwd_CHECK_KYXC_NHWC_NHWK3_f16 (74 of 107)
147456     (147369 80 7 0) 192.0 (-0.0001182556 -0.0001068115) 0.250000 0.000012 9.7e-02 6.9e-03 (-0.0011062622 -0.0011138916) 1.1e-06 1.3e-06 0 1 1 0 1 0 1 fwd conv2d_host_validation_f16_fwd_CHECK_KYXC_NHWC_NHWK4_f16 (75 of 107)
102400     (102348 49 3 0) 3.0 (-0.0148162842 -0.0148391724) 0.250000 0.000013 1.9e-03 1.9e-03 (-0.0079345703 -0.0079193115) 3.7e-07 1.7e-06 0 1 1 0 1 0 1 fwd conv2d_host_validation_f16_fwd_CHECK_KYXC_NHWC_NHWK5_f16 (76 of 107)
15745024   (15736726 7753 545 0) 512.0 (-0.0000610352 -0.0000915527) 0.500000 0.000013 1.9e+00 2.0e-02 (-0.0011482239 -0.0011711121) 6.8e-07 1.3e-06 0 1 1 0 1 0 1 fwd conv2d_host_validation_f16_fwd_CHECK_KYXC_NHWC_NHWK6_f16 (77 of 107)
13778944   (13764044 13881 1019 0) 768.0 (-0.0000381470 0.0000076294) 1.000000 0.000056 1.2e+00 7.0e-02 (0.0014610291 0.0013580322) 1.2e-06 1.8e-06 0 1 1 0 1 0 1 fwd conv2d_host_validation_f16_fwd_CHECK_KYXC_NHWC_NHWK7_f16 (78 of 107)
802816     (802497 297 22 0) 38.0 (0.0007371902 0.0007553101) 0.500000 0.000011 2.5e-02 4.5e-03 (-0.0067939758 -0.0067634583) 3.4e-07 1.4e-06 0 1 1 0 1 0 1 fwd conv2d_host_validation_f16_fwd_CHECK_PADDING1_f16 (79 of 107)
802816     (802394 396 26 0) 192.0 (-0.0001182556 -0.0001068115) 0.250000 0.000015 9.7e-02 1.4e-02 (0.0014839172 0.0015048981) 5.7e-07 1.6e-06 0 1 1 0 1 0 1 fwd conv2d_host_validation_f16_fwd_CHECK_PADDING2_f16 (80 of 107)
2048       (2048 0 0 0) 0.0 (0.0000000000 0.0000000000) 0.000000 0.000000 0.0e+00 0.0e+00 (0.0000000000 0.0000000000) 0.0e+00 0.0e+00 0 1 1 0 1 0 1 fwd conv2d_host_validation_f16_fwd_CHECK_PADDING3_f16 (81 of 107)
205520896  (205384151 127950 8795 0) 1816.0 (0.0000395775 -0.0000686646) 1.000000 0.000025 3.8e+00 6.1e-02 (0.0012512207 0.0011749268) 7.8e-07 1.5e-06 0 1 0 0 1 0 1 fwd conv2d_host_validation_f32_fwd_GROUP_NCHW_f16 (82 of 107)
51380224   (51345820 32116 2288 0) 864.0 (0.0000934601 0.0000419617) 0.500000 0.000025 7.7e-01 4.5e-02 (-0.0011940002 -0.0011405945) 7.5e-07 1.6e-06 1 0 0 0 0 1 0 fwd conv2d_host_validation_random_CHECK_KCYX_NCHW_NKHW_5_f16 (83 of 107)
51380224   (51345820 32116 2288 0) 864.0 (0.0000934601 0.0000419617) 0.500000 0.000025 7.7e-01 4.5e-02 (-0.0011940002 -0.0011405945) 7.5e-07 1.6e-06 1 0 0 0 0 1 0 fwd conv2d_host_validation_random_CHECK_KCYX_NCHW_NKHW_6_f16 (84 of 107)
47775744   (47673165 95119 7460 0) 12704.0 (-0.0007109642 0.0000462532) 2.000000 0.000258 8.0e+00 3.7e-01 (-0.0010433197 -0.0006561279) 2.7e-06 2.9e-06 1 0 0 0 0 1 0 fwd conv2d_host_validation_random_CHECK_KCYX_NCHW_NKHW_7_f16 (85 of 107)
51380224   (51271426 100887 7911 0) 12704.0 (-0.0007109642 0.0000462532) 2.000000 0.000252 8.0e+00 3.7e-01 (-0.0010433197 -0.0006561279) 2.6e-06 2.9e-06 1 0 0 0 0 1 0 fwd conv2d_host_validation_random_CHECK_KCYX_NCHW_NKHW_8_f16 (86 of 107)
16777216   (16774581 2501 134 0) 128.0 (0.0000839233 0.0000762939) 0.250000 0.000002 9.1e-02 6.5e-03 (0.0011672974 0.0011596680) 1.4e-07 6.2e-07 1 0 0 0 0 1 0 fwd conv2d_host_validation_random_CHECK_KYXC_NHWC_NHWK_4_f16 (87 of 107)
16777216   (16774581 2501 134 0) 128.0 (0.0000839233 0.0000762939) 0.250000 0.000002 9.1e-02 6.5e-03 (0.0011672974 0.0011596680) 1.4e-07 6.2e-07 1 0 0 0 0 1 0 fwd conv2d_host_validation_random_CHECK_KYXC_NHWC_NHWK_5_f16 (88 of 107)
25690112   (25617035 67698 5379 0) 12912.0 (-0.0017528534 -0.0002136230) 4.000000 0.000473 7.6e+00 8.8e-01 (-0.0017528534 -0.0002136230) 3.8e-06 3.4e-06 1 0 1 0 0 1 0 fwd conv2d_host_validation_random_CHECK_RAND_FLOAT_2_f16 (89 of 107)
205520896  (205383839 128081 8976 0) 1024.0 (0.0001144409 0.0000534058) 1.000000 0.000025 9.0e+00 8.7e-02 (-0.0010490417 -0.0009574890) 8.3e-07 7.9e-07 1 0 0 0 0 1 0 fwd conv2d_host_validation_random_GROUP_NHWC_f16 (90 of 107)
30720      (30690 26 4 0) 4.0 (0.0321655273 0.0320434570) 0.500000 0.000068 3.8e-03 3.8e-03 (0.0321655273 0.0320434570) 8.3e-07 3.1e-06 0 1 0 0 1 0 1 fwd padding_kernel_all_fwd_CHECK_RESNET50_CONFIG2_f16 (91 of 107)
30720      (30679 38 3 0) 8.0 (0.0069770813 0.0070075989) 0.500000 0.000047 4.4e-03 4.4e-03 (0.0069770813 0.0070075989) 1.1e-06 2.4e-06 0 1 0 0 1 0 1 fwd padding_kernel_all_fwd_CHECK_RESNET50_CONFIG4_f16 (92 of 107)
882        (878 4 0 0) 1.0 (23.3750000000 23.3906250000) 0.015625 0.000042 7.2e-04 7.2e-04 (-2.7128906250 -2.7148437500) 2.9e-06 9.2e-08 0 1 0 0 1 0 1 bwd_weight padding_kernel_all_wrw_CHECK_RESNET50_CONFIG2_f16 (93 of 107)
882        (878 3 1 0) 8.0 (1.3281250000 1.3359375000) 0.250000 0.000365 5.9e-03 5.9e-03 (1.3281250000 1.3359375000) 8.8e-06 1.1e-06 0 1 0 0 1 0 1 bwd_weight padding_kernel_all_wrw_CHECK_RESNET50_CONFIG4_f16 (94 of 107)
205520896  (205303623 202798 14475 0) 2112.0 (-0.0000190735 0.0001068115) 1.000000 0.000060 8.5e+00 1.3e-01 (-0.0010375977 -0.0011749268) 1.4e-06 1.8e-06 0 1 1 0 1 0 1 fwd padding_kernel_gemmK_CHECK_RESNET50_F16_CONFIG1 (95 of 107)
205520896  (205302370 203566 14960 0) 2176.0 (0.0001029968 -0.0000267029) 1.000000 0.000061 1.2e+01 2.1e-01 (0.0012979507 0.0010232925) 1.3e-06 1.9e-06 0 1 1 0 1 0 1 fwd padding_kernel_gemmK_CHECK_RESNET50_F16_CONFIG2 (96 of 107)
205520896  (205285996 218855 16045 0) 2624.0 (-0.0002069473 -0.0000505447) 1.000000 0.000064 6.5e+00 1.6e-01 (-0.0010261536 -0.0011901855) 1.4e-06 1.8e-06 0 1 1 0 1 0 1 fwd padding_kernel_gemmK_CHECK_RESNET50_F16_CONFIG4 (97 of 107)
9408       (8876 462 70 0) 149.0 (-8.7421875000 -9.9062500000) 32.000000 0.372708 1.3e-01 1.3e-01 (-8.7421875000 -9.9062500000) 8.3e-05 0.0e+00 0 1 1 0 1 0 1 bwd_weight padding_kernel_gemmN_CHECK_RESNET50_CONFIG2 (98 of 107)
9408       (8890 456 62 0) 180.0 (-2.8378906250 -2.4863281250) 32.000000 0.362432 1.2e-01 1.2e-01 (-2.8378906250 -2.4863281250) 7.3e-05 0.0e+00 0 1 1 0 1 0 1 bwd_weight padding_kernel_gemmN_CHECK_RESNET50_CONFIG4 (99 of 107)
6422528    (6403699 17376 1453 0) 5472.0 (-0.0007896423 -0.0001373291) 2.000000 0.000507 8.3e-01 6.2e-01 (-0.0014142990 -0.0005402565) 3.4e-06 3.4e-06 0 0 0 0 1 0 1 fwd Resnet50_validation_nchw_CHECK_NCHW_1_f16 (100 of 107)
25690112   (25664769 23640 1703 0) 1216.0 (-0.0000152588 -0.0000877380) 1.000000 0.000052 4.8e+00 7.8e-02 (0.0011911392 0.0010986328) 1.2e-06 1.7e-06 0 0 0 0 1 0 1 fwd Resnet50_validation_nchw_CHECK_NCHW_2_f16 (101 of 107)
147456     (145112 2154 190 0) 76.0 (-0.0859985352 -0.0906372070) 16.000000 0.023598 5.4e-02 5.4e-02 (-0.0859985352 -0.0906372070) 1.6e-05 0.0e+00 0 0 0 0 1 0 1 bwd_weight Resnet50_validation_nchw_CHECK_NCHW_3_f16 (102 of 107)
65536      (64486 950 100 0) 45.0 (-0.8818359375 -0.9038085938) 16.000000 0.021938 3.0e-02 3.0e-02 (0.3527832031 0.3632812500) 1.6e-05 7.5e-06 0 0 0 0 1 0 1 bwd_weight Resnet50_validation_nchw_CHECK_NCHW_4_f16 (103 of 107)
6422528    (6403091 17924 1513 0) 2752.0 (0.0000877380 -0.0000762939) 4.000000 0.000511 1.9e+00 3.3e-01 (0.0018558502 0.0024642944) 3.8e-06 1.3e-06 0 0 0 0 1 0 1 fwd Resnet50_validation_nhwc_CHECK_NHWC_1_f16 (104 of 107)
25690112   (25664776 23664 1672 0) 2048.0 (-0.0001068115 -0.0002288818) 1.000000 0.000053 1.1e+00 1.2e-01 (0.0010137558 0.0011367798) 1.2e-06 7.3e-07 0 0 0 0 1 0 1 fwd Resnet50_validation_nhwc_CHECK_NHWC_2_f16 (105 of 107)
147456     (145022 2182 252 0) 321.0 (-0.1287841797 -0.1091918945) 16.000000 0.023344 1.5e-01 1.5e-01 (-0.1287841797 -0.1091918945) 2.2e-05 0.0e+00 0 0 0 0 1 0 1 bwd_weight Resnet50_validation_nhwc_CHECK_NHWC_3_f16 (106 of 107)
65536      (64517 915 104 0) 288.0 (-0.0534057617 -0.0621948242) 16.000000 0.023085 1.6e-01 1.6e-01 (-0.0534057617 -0.0621948242) 1.8e-05 1.0e-05 0 0 0 0 1 0 1 bwd_weight Resnet50_validation_nhwc_CHECK_NHWC_4_f16 (107 of 107)
