25690112   (25651386 36075 2651 0) 867.0 (-0.0000723004 -0.0001239777) 32.000000 0.000223 7.1e-01 2.3e-01 (-0.0012054443 -0.0014877319) 1.6e-06 3.9e-07 1 0 0 0 0 1 0 fwd conv2d_harness_cpu_verifier_kyxc_nhwc_nhwk_f16_E2E_f16 (1 of 107)
802816     (802400 395 21 0) 17.0 (-0.0018320084 -0.0018157959) 0.500000 0.000016 8.8e-03 8.8e-03 (-0.0018320084 -0.0018157959) 3.9e-07 1.2e-06 0 1 1 0 1 0 1 bwd_data conv2d_host_validation_f16_bwd_CHECK_BWD_DATA1 (2 of 107)
4096       (4087 9 0 0) 1.0 (-2.7421875000 -2.7441406250) 2.000000 0.001467 8.9e-04 8.9e-04 (-1118.0000000000 -1117.0000000000) 1.6e-06 0.0e+00 0 1 1 0 1 0 1 bwd_weight conv2d_host_validation_f16_bwd_CHECK_BWD_WEIGHT1 (3 of 107)
147456     (147110 321 25 0) 24.0 (-0.1751708984 -0.1722412109) 8.000000 0.001935 1.9e-02 1.9e-02 (-0.0730590820 -0.0716552734) 2.1e-06 2.5e-06 0 1 1 0 1 0 1 bwd_weight conv2d_host_validation_f16_bwd_CHECK_ISSUE_127_10 (4 of 107)
294912     (294298 568 46 0) 22.0 (-0.1088256836 -0.1074829102) 8.000000 0.001206 1.5e-02 1.5e-02 (0.0847778320 0.0860595703) 1.8e-06 2.7e-06 0 1 1 0 1 0 1 bwd_weight conv2d_host_validation_f16_bwd_CHECK_ISSUE_127_15 (5 of 107)
589824     (588561 1148 115 0) 76.0 (0.0186920166 0.0198516846) 8.000000 0.000790 6.2e-02 6.2e-02 (0.0186920166 0.0198516846) 2.2e-06 2.4e-06 0 1 1 0 1 0 1 bwd_weight conv2d_host_validation_f16_bwd_CHECK_ISSUE_127_16 (6 of 107)
1179648    (1177325 2139 184 0) 68.0 (0.0211181641 0.0200805664) 8.000000 0.000466 4.9e-02 4.9e-02 (0.0211181641 0.0200805664) 1.9e-06 2.2e-06 0 1 1 0 1 0 1 bwd_weight conv2d_host_validation_f16_bwd_CHECK_ISSUE_127_17 (7 of 107)
147456     (146080 1235 141 0) 610.0 (-0.1534423828 -0.1162109375) 32.000000 0.016204 2.4e-01 2.4e-01 (-0.1534423828 -0.1162109375) 1.2e-05 5.9e-06 0 1 1 0 1 0 1 bwd_weight conv2d_host_validation_f16_bwd_CHECK_ISSUE_127_18 (8 of 107)
2097152    (2093048 3801 303 0) 316.0 (-0.0006389618 -0.0004882812) 4.000000 0.000363 2.4e-01 1.6e-01 (0.0036849976 0.0031127930) 2.1e-06 2.1e-06 0 1 1 0 1 0 1 bwd_weight conv2d_host_validation_f16_bwd_CHECK_ISSUE_127_6 (9 of 107)
262144     (261544 556 44 0) 31.0 (-0.0800170898 -0.0781250000) 4.000000 0.000793 2.4e-02 2.4e-02 (-0.0800170898 -0.0781250000) 2.1e-06 2.3e-06 0 1 1 0 1 0 1 bwd_weight conv2d_host_validation_f16_bwd_CHECK_ISSUE_127_7 (10 of 107)
147456     (147113 320 23 0) 25.0 (-0.1201782227 -0.1186523438) 8.000000 0.001759 1.3e-02 1.3e-02 (-0.1201782227 -0.1186523438) 1.9e-06 2.3e-06 0 1 1 0 1 0 1 bwd_weight conv2d_host_validation_f16_bwd_CHECK_ISSUE_127_8 (11 of 107)
147456     (147133 307 16 0) 37.0 (0.0924682617 0.0947265625) 16.000000 0.002006 2.4e-02 2.4e-02 (0.0924682617 0.0947265625) 2.0e-06 0.0e+00 0 1 1 0 1 0 1 bwd_weight conv2d_host_validation_f16_bwd_CHECK_ISSUE_127_9 (12 of 107)
1024       (1024 0 0 0) 0.0 (0.0000000000 0.0000000000) 0.000000 0.000000 0.0e+00 0.0e+00 (0.0000000000 0.0000000000) 0.0e+00 0.0e+00 0 1 1 0 1 0 1 bwd_weight conv2d_host_validation_f16_bwd_CHECK_ISSUE_70_1 (13 of 107)
65536      (65250 266 20 0) 14.0 (-0.5805664062 -0.5737304688) 8.000000 0.003759 1.2e-02 1.2e-02 (-0.5805664062 -0.5737304688) 3.6e-06 0.0e+00 0 1 1 0 1 0 1 bwd_weight conv2d_host_validation_f16_bwd_CHECK_ISSUE_70_2 (14 of 107)
4096       (4093 3 0 0) 1.0 (1980.0000000000 1981.0000000000) 1.000000 0.000306 7.3e-04 7.3e-04 (-2.6601562500 -2.6621093750) 4.3e-07 2.3e-06 0 1 1 0 1 0 1 bwd_weight conv2d_host_validation_f16_bwd_CHECK_ISSUE_70_3 (15 of 107)
1024       (1024 0 0 0) 0.0 (0.0000000000 0.0000000000) 0.000000 0.000000 0.0e+00 0.0e+00 (0.0000000000 0.0000000000) 0.0e+00 0.0e+00 0 1 1 0 1 0 1 bwd_weight conv2d_host_validation_f16_bwd_CHECK_ISSUE_71_1 (16 of 107)
1024       (1022 0 2 0) 4.0 (-0.2915039062 -0.2924804688) 0.000977 0.000002 3.4e-03 3.4e-03 (-0.2915039062 -0.2924804688) 6.5e-06 0.0e+00 0 1 1 0 1 0 1 bwd_weight conv2d_host_validation_f16_bwd_CHECK_ISSUE_71_2 (17 of 107)
1024       (1023 1 0 0) 1.0 (6.6406250000 6.6445312500) 0.003906 0.000004 5.9e-04 5.9e-04 (6.6406250000 6.6445312500) 5.7e-07 0.0e+00 0 1 1 0 1 0 1 bwd_weight conv2d_host_validation_f16_bwd_CHECK_ISSUE_71_3 (18 of 107)
1024       (1022 2 0 0) 1.0 (488.5000000000 488.2500000000) 0.250000 0.000366 6.9e-04 6.9e-04 (182.3750000000 182.2500000000) 1.2e-06 1.3e-06 0 1 1 0 1 0 1 bwd_weight conv2d_host_validation_f16_bwd_CHECK_ISSUE_71_4 (19 of 107)
12845056   (12833718 10611 727 0) 4740.0 (-0.0002329350 0.0000495911) 2.000000 0.000062 3.4e+00 1.3e-01 (0.0010070801 0.0008735657) 1.5e-06 1.6e-06 0 0 0 0 0 1 0 fwd conv2d_host_validation_f16_CHECK_RESNET101_NCHW_CONFIG1_FWD_f16 (20 of 107)
12845056   (12833909 10420 727 0) 1148.0 (0.0000646114 -0.0000038147) 2.000000 0.000058 5.5e+01 8.3e-02 (0.0016727448 0.0015335083) 5.4e-06 1.6e-06 0 0 0 0 0 1 0 fwd conv2d_host_validation_f16_CHECK_RESNET101_NCHW_CONFIG2_FWD_f16 (21 of 107)
25690112   (25668485 20198 1429 0) 1164.0 (0.0000717640 0.0001411438) 1.000000 0.000054 3.4e+00 1.3e-01 (-0.0016117096 -0.0018157959) 1.2e-06 1.6e-06 0 0 0 0 0 1 0 bwd_data conv2d_host_validation_f16_CHECK_RESNET101_NCHW_CONFIG8_BWD_f16 (22 of 107)
102760448  (102710092 47179 3177 0) 537.0 (0.0000625253 0.0000305176) 0.500000 0.000015 7.6e-01 5.6e-02 (0.0034694672 0.0036621094) 5.3e-07 1.1e-06 0 0 0 0 0 1 0 fwd conv2d_host_validation_f16_CHECK_RESNET101_NCHW_CONFIG8_FWD_f16 (23 of 107)
16384      (16319 57 8 0) 9.0 (-1.4296875000 -1.4384765625) 16.000000 0.004623 6.1e-03 6.1e-03 (-1.4296875000 -1.4384765625) 3.7e-06 0.0e+00 0 0 0 0 0 1 0 bwd_weight conv2d_host_validation_f16_CHECK_RESNET101_NCHW_CONFIG8_WRW_f16 (24 of 107)
12845056   (12834020 10268 768 0) 2236.0 (0.0001108646 0.0002441406) 1.000000 0.000060 1.2e+00 1.1e-01 (-0.0014324188 -0.0015869141) 1.3e-06 1.6e-06 0 0 0 0 0 1 0 fwd conv2d_host_validation_f16_CHECK_RESNET101_NHWC_CONFIG1_FWD_f16 (25 of 107)
12845056   (12834720 9643 693 0) 418.0 (0.0002176762 0.0001678467) 1.000000 0.000052 4.4e-01 7.0e-02 (0.0049285889 0.0045814514) 8.8e-07 1.3e-06 0 0 0 0 0 1 0 fwd conv2d_host_validation_f16_CHECK_RESNET101_NHWC_CONFIG2_FWD_f16 (26 of 107)
25690112   (25667064 21514 1534 0) 1158.0 (-0.0000072718 -0.0000762939) 1.000000 0.000060 9.5e+00 1.0e-01 (0.0010309219 0.0009231567) 1.3e-06 1.6e-06 0 0 0 0 0 1 0 bwd_data conv2d_host_validation_f16_CHECK_RESNET101_NHWC_CONFIG8_BWD_f16 (27 of 107)
102760448  (102709938 47409 3101 0) 656.0 (-0.0000982285 -0.0001373291) 0.500000 0.000015 1.9e+00 4.2e-02 (0.0013856888 0.0013275146) 5.7e-07 5.9e-07 0 0 0 0 0 1 0 fwd conv2d_host_validation_f16_CHECK_RESNET101_NHWC_CONFIG8_FWD_f16 (28 of 107)
16384      (16319 55 10 0) 10.0 (-3.0566406250 -3.0371093750) 8.000000 0.005085 8.9e-03 8.9e-03 (1.0976562500 1.1074218750) 4.1e-06 3.6e-06 0 0 0 0 0 1 0 bwd_weight conv2d_host_validation_f16_CHECK_RESNET101_NHWC_CONFIG8_WRW_f16 (29 of 107)
4194304    (4194018 276 10 0) 16.0 (-0.0001277924 -0.0001296997) 0.125000 0.000000 1.5e-02 1.8e-03 (-0.0010700226 -0.0010681152) 5.3e-08 4.0e-07 0 1 1 0 1 0 1 fwd conv2d_host_validation_f16_fwd_CHECK_FILTER1_f16 (30 of 107)
4194304    (4194020 267 17 0) 20.0 (-0.0004472733 -0.0004425049) 0.125000 0.000000 7.7e-02 1.9e-03 (-0.0019569397 -0.0019531250) 7.9e-08 3.6e-07 0 1 1 0 1 0 1 fwd conv2d_host_validation_f16_fwd_CHECK_FILTER2_f16 (31 of 107)
16777216   (16774157 2920 139 0) 64.0 (0.0000724792 0.0000762939) 0.250000 0.000002 1.0e+00 3.6e-03 (0.0015811920 0.0015869141) 2.2e-07 7.1e-07 0 1 1 0 1 0 1 fwd conv2d_host_validation_f16_fwd_CHECK_ISSUE_114_1_f16 (32 of 107)
16777216   (16774290 2778 148 0) 64.0 (-0.0000495911 -0.0000457764) 0.250000 0.000002 7.7e-02 6.4e-03 (-0.0011978149 -0.0011901855) 1.5e-07 6.8e-07 0 1 1 0 1 0 1 fwd conv2d_host_validation_f16_fwd_CHECK_ISSUE_114_2_f16 (33 of 107)
4194304    (4193612 652 40 0) 72.0 (-0.0000882149 -0.0000839233) 0.125000 0.000001 4.9e-02 4.8e-03 (0.0012035370 0.0011978149) 1.5e-07 5.5e-07 0 1 1 0 1 0 1 fwd conv2d_host_validation_f16_fwd_CHECK_ISSUE_114_3_f16 (34 of 107)
4194304    (4193578 695 31 0) 40.0 (-0.0000405312 -0.0000381470) 0.125000 0.000002 1.7e-01 3.5e-03 (-0.0011053085 -0.0011091232) 1.9e-07 6.6e-07 0 1 1 0 1 0 1 fwd conv2d_host_validation_f16_fwd_CHECK_ISSUE_114_4_f16 (35 of 107)
16777216   (16774192 2883 141 0) 128.0 (-0.0001144409 -0.0001068115) 0.250000 0.000002 1.1e-01 3.8e-03 (-0.0010032654 -0.0010070801) 1.6e-07 5.9e-07 0 1 1 0 1 0 1 fwd conv2d_host_validation_f16_fwd_CHECK_ISSUE_114_5_f16 (36 of 107)
16777216   (16774169 2874 173 0) 144.0 (-0.0000219345 -0.0000305176) 0.250000 0.000002 1.0e+00 4.3e-03 (-0.0011186600 -0.0011138916) 3.1e-07 6.3e-07 0 1 1 0 1 0 1 fwd conv2d_host_validation_f16_fwd_CHECK_ISSUE_114_6_f16 (37 of 107)
4194304    (4193561 712 31 0) 22.0 (0.0004448891 0.0004501343) 0.125000 0.000002 1.3e-02 5.4e-03 (-0.0010547638 -0.0010604858) 1.4e-07 6.7e-07 0 1 1 0 1 0 1 fwd conv2d_host_validation_f16_fwd_CHECK_ISSUE_114_7_f16 (38 of 107)
4194304    (4193523 734 47 0) 48.0 (0.0000486374 0.0000457764) 0.125000 0.000001 5.9e-02 3.8e-03 (-0.0012540817 -0.0012588501) 1.7e-07 5.6e-07 0 1 1 0 1 0 1 fwd conv2d_host_validation_f16_fwd_CHECK_ISSUE_114_8_f16 (39 of 107)
12845056   (12818501 24682 1873 0) 5218.0 (0.0000897646 -0.0002212524) 4.000000 0.000466 3.5e+00 3.7e-01 (-0.0024032593 -0.0015029907) 2.6e-06 7.8e-07 0 1 1 0 1 0 1 fwd conv2d_host_validation_f16_fwd_CHECK_ISSUE_127_11_f16 (40 of 107)
12845056   (12819043 24190 1823 0) 6991.0 (-0.0000258088 -0.0004425049) 4.000000 0.000440 1.6e+01 4.2e-01 (-0.0016021729 -0.0022735596) 4.2e-06 7.1e-07 0 1 1 0 1 0 1 fwd conv2d_host_validation_f16_fwd_CHECK_ISSUE_127_12_f16 (41 of 107)
12845056   (12820111 23202 1743 0) 4237.0 (0.0001662970 0.0006713867) 16.000000 0.000404 3.0e+00 3.8e-01 (0.0017337799 0.0023956299) 2.4e-06 7.1e-07 0 1 1 0 1 0 1 fwd conv2d_host_validation_f16_fwd_CHECK_ISSUE_127_13_f16 (42 of 107)
12845056   (12818116 25046 1894 0) 9440.0 (0.0005931854 0.0000305176) 16.000000 0.000476 1.5e+00 4.7e-01 (0.0019063950 0.0010147095) 2.5e-06 8.1e-07 0 1 1 0 1 0 1 fwd conv2d_host_validation_f16_fwd_CHECK_ISSUE_127_14_f16 (43 of 107)
12845056   (12817631 25328 2097 0) 9380.0 (0.0000894070 0.0006484985) 4.000000 0.000491 6.3e+00 1.2e+00 (0.0018434525 -0.0003128052) 3.1e-06 8.4e-07 0 1 1 0 1 0 1 fwd conv2d_host_validation_f16_fwd_CHECK_ISSUE_127_1_f16 (44 of 107)
6422528    (6404094 17042 1392 0) 18240.0 (-0.0011253357 -0.0000381470) 8.000000 0.001001 1.9e+00 9.7e-01 (-0.0011253357 -0.0000381470) 4.0e-06 7.4e-07 0 1 1 0 1 0 1 fwd conv2d_host_validation_f16_fwd_CHECK_ISSUE_127_2_f16 (45 of 107)
25690112   (25649597 37655 2860 0) 1706.0 (-0.0001552105 -0.0003585815) 2.000000 0.000246 1.3e+00 4.7e-01 (0.0016460419 0.0008735657) 1.8e-06 2.1e-06 0 1 1 0 1 0 1 fwd conv2d_host_validation_f16_fwd_CHECK_ISSUE_127_3_f16 (46 of 107)
12845056   (12817801 25282 1973 0) 11320.0 (-0.0006289482 0.0000457764) 4.000000 0.000480 2.5e+00 4.1e-01 (-0.0015201569 -0.0009002686) 2.6e-06 2.8e-06 0 1 1 0 1 0 1 fwd conv2d_host_validation_f16_fwd_CHECK_ISSUE_127_4_f16 (47 of 107)
12845056   (12817775 25301 1980 0) 3048.0 (0.0003948212 0.0011215210) 4.000000 0.000462 1.8e+00 5.2e-01 (0.0014200211 0.0021629333) 2.5e-06 2.4e-06 0 1 1 0 1 0 1 fwd conv2d_host_validation_f16_fwd_CHECK_ISSUE_127_5_f16 (48 of 107)
7372800    (7369006 3542 252 0) 932.0 (-0.0000741482 -0.0001296997) 0.500000 0.000016 7.5e-01 3.1e-02 (0.0021877289 0.0021209717) 6.4e-07 1.2e-06 0 1 1 0 1 0 1 fwd conv2d_host_validation_f16_fwd_CHECK_ISSUE_40_1_f16 (49 of 107)
3440640    (3438331 2161 148 0) 105.0 (-0.0009388924 -0.0008888245) 1.000000 0.000034 5.3e-02 2.4e-02 (0.0042343140 0.0041313171) 5.8e-07 1.5e-06 0 1 1 0 1 0 1 fwd conv2d_host_validation_f16_fwd_CHECK_ISSUE_40_2_f16 (50 of 107)
6422528    (6416012 6087 429 0) 239.0 (-0.0016336441 -0.0018615723) 2.000000 0.000090 1.5e-01 1.4e-01 (-0.0016336441 -0.0018615723) 1.1e-06 1.8e-06 0 1 1 0 1 0 1 fwd conv2d_host_validation_f16_fwd_CHECK_ISSUE_40_3_f16 (51 of 107)
14745600   (14734504 10378 718 0) 1838.0 (0.0000561476 -0.0000534058) 1.000000 0.000044 2.0e+00 6.4e-02 (-0.0012149811 -0.0011367798) 9.9e-07 1.5e-06 0 1 1 0 1 0 1 fwd conv2d_host_validation_f16_fwd_CHECK_ISSUE_40_4_f16 (52 of 107)
6881280    (6876870 4125 285 0) 483.0 (-0.0000898242 -0.0000610352) 1.000000 0.000030 3.2e-01 5.2e-02 (-0.0014562607 -0.0013809204) 7.1e-07 1.5e-06 0 1 0 0 0 0 1 fwd conv2d_host_validation_f16_fwd_CHECK_ISSUE_40_5_f16 (53 of 107)
1048576    (1047727 781 68 0) 63.0 (0.0027332306 0.0028533936) 1.000000 0.000043 4.8e-02 4.4e-02 (0.0027332306 0.0028533936) 8.0e-07 1.6e-06 0 1 1 0 1 0 1 fwd conv2d_host_validation_f16_fwd_CHECK_ISSUE_41_10_f16 (54 of 107)
12845056   (12838466 6173 417 0) 272.0 (-0.0001230240 -0.0001068115) 0.500000 0.000017 1.9e-01 2.2e-02 (0.0013217926 0.0013504028) 5.4e-07 1.2e-06 0 1 1 0 1 0 1 fwd conv2d_host_validation_f16_fwd_CHECK_ISSUE_41_11_f16 (55 of 107)
9437184    (9429856 6837 491 0) 509.0 (-0.0001142621 -0.0000839233) 1.000000 0.000044 1.0e+00 6.7e-02 (0.0012998581 0.0012130737) 8.7e-07 1.5e-06 0 1 1 0 1 0 1 fwd conv2d_host_validation_f16_fwd_CHECK_ISSUE_41_12_f16 (56 of 107)
921600     (921128 447 25 0) 114.0 (-0.0002043247 -0.0001907349) 0.500000 0.000018 1.2e-01 1.7e-02 (0.0011329651 0.0011520386) 6.4e-07 1.6e-06 0 1 1 0 1 0 1 fwd conv2d_host_validation_f16_fwd_CHECK_ISSUE_41_2_f16 (57 of 107)
1605632    (1604797 787 48 0) 164.0 (0.0002331734 0.0002136230) 0.500000 0.000015 8.4e-02 2.4e-02 (-0.0013074875 -0.0012760162) 4.9e-07 1.2e-06 0 1 1 0 1 0 1 fwd conv2d_host_validation_f16_fwd_CHECK_ISSUE_41_3_f16 (58 of 107)
200704     (200617 83 4 0) 64.0 (-0.0003852844 -0.0004005432) 0.250000 0.000017 4.0e-02 6.6e-03 (-0.0020198822 -0.0020065308) 5.2e-07 1.2e-06 0 1 1 0 1 0 1 fwd conv2d_host_validation_f16_fwd_CHECK_ISSUE_41_4_f16 (59 of 107)
1605632    (1604534 1035 63 0) 23.0 (-0.0047340393 -0.0048217773) 1.000000 0.000037 1.9e-02 1.9e-02 (-0.0047340393 -0.0048217773) 5.6e-07 1.7e-06 0 1 1 0 1 0 1 fwd conv2d_host_validation_f16_fwd_CHECK_ISSUE_41_5_f16 (60 of 107)
802816     (802408 380 28 0) 23.0 (-0.0007557869 -0.0007667542) 0.500000 0.000016 1.5e-02 9.6e-03 (0.0023803711 0.0023574829) 4.3e-07 1.4e-06 0 1 1 0 1 0 1 fwd conv2d_host_validation_f16_fwd_CHECK_ISSUE_41_6_f16 (61 of 107)
4194304    (4192234 1948 122 0) 246.0 (0.0001895428 0.0001602173) 0.500000 0.000014 3.1e-01 2.0e-02 (-0.0012788773 -0.0013046265) 5.6e-07 1.1e-06 0 1 1 0 1 0 1 fwd conv2d_host_validation_f16_fwd_CHECK_ISSUE_41_7_f16 (62 of 107)
3211264    (3208587 2488 189 0) 205.0 (0.0002113581 0.0001869202) 1.000000 0.000046 1.2e-01 3.3e-02 (0.0022010803 0.0022735596) 8.2e-07 1.5e-06 0 1 1 0 1 0 1 fwd conv2d_host_validation_f16_fwd_CHECK_ISSUE_41_8_f16 (63 of 107)
2359296    (2358123 1094 79 0) 275.0 (0.0001018643 0.0001182556) 0.500000 0.000016 1.9e-01 2.5e-02 (-0.0015811920 -0.0015411377) 6.0e-07 1.2e-06 0 1 1 0 1 0 1 fwd conv2d_host_validation_f16_fwd_CHECK_ISSUE_41_9_f16 (64 of 107)
25690112   (25651435 36002 2675 0) 3596.0 (0.0000069141 0.0002212524) 2.000000 0.000219 3.1e+01 3.3e-01 (-0.0015964508 -0.0010681152) 2.8e-06 2.2e-06 0 1 1 0 1 0 1 fwd conv2d_host_validation_f16_fwd_CHECK_KCYX_NCHW_NKHW1_f16 (65 of 107)
3686400    (3684966 1342 92 0) 148.0 (-0.0000240803 -0.0000152588) 0.500000 0.000008 4.5e-01 2.2e-02 (-0.0010881424 -0.0010643005) 5.4e-07 1.0e-06 0 1 1 0 1 0 1 fwd conv2d_host_validation_f16_fwd_CHECK_KCYX_NCHW_NKHW2_f16 (66 of 107)
409600     (409406 184 10 0) 32.0 (-0.0167388916 -0.0172271729) 0.250000 0.000012 2.9e-02 2.9e-02 (-0.0167388916 -0.0172271729) 4.9e-07 1.2e-06 0 1 1 0 1 0 1 fwd conv2d_host_validation_f16_fwd_CHECK_KCYX_NCHW_NKHW3_f16 (67 of 107)
147456     (147405 48 3 0) 4.0 (0.0006160736 0.0006179810) 0.250000 0.000007 3.1e-03 1.2e-03 (-0.0061492920 -0.0061416626) 2.5e-07 1.2e-06 0 1 1 0 1 0 1 fwd conv2d_host_validation_f16_fwd_CHECK_KCYX_NCHW_NKHW4_f16 (68 of 107)
102400     (102367 29 4 0) 10.0 (-0.0016727448 -0.0016822815) 0.125000 0.000005 5.7e-03 5.7e-03 (-0.0016727448 -0.0016822815) 3.7e-07 7.7e-07 0 1 1 0 1 0 1 fwd conv2d_host_validation_f16_fwd_CHECK_KCYX_NCHW_NKHW5_f16 (69 of 107)
15745024   (15738981 5680 363 0) 384.0 (0.0000190735 0.0000419617) 0.500000 0.000008 4.3e+00 1.7e-02 (-0.0010013580 -0.0010185242) 7.3e-07 9.8e-07 0 1 1 0 1 0 1 fwd conv2d_host_validation_f16_fwd_CHECK_KCYX_NCHW_NKHW6_f16 (70 of 107)
13778944   (13770083 8293 568 0) 838.0 (-0.0001643896 -0.0001144409) 1.000000 0.000029 6.2e+00 3.7e-02 (0.0012025833 0.0012474060) 1.2e-06 1.3e-06 0 1 1 0 1 0 1 fwd conv2d_host_validation_f16_fwd_CHECK_KCYX_NCHW_NKHW7_f16 (71 of 107)
25690112   (25651690 35762 2660 0) 8410.0 (0.0000709295 0.0005722046) 2.000000 0.000216 7.1e+00 4.9e-01 (-0.0014524460 -0.0007400513) 2.2e-06 3.4e-07 0 1 1 0 1 0 1 fwd conv2d_host_validation_f16_fwd_CHECK_KYXC_NHWC_NHWK1_f16 (72 of 107)
3686400    (3684912 1404 84 0) 312.0 (-0.0000424385 -0.0000610352) 0.500000 0.000008 4.4e-01 8.2e-03 (-0.0012845993 -0.0012741089) 5.2e-07 9.5e-07 0 1 1 0 1 0 1 fwd conv2d_host_validation_f16_fwd_CHECK_KYXC_NHWC_NHWK2_f16 (73 of 107)
409600     (409453 140 7 0) 8.0 (0.0028877258 0.0029029846) 0.250000 0.000006 5.3e-03 5.3e-03 (0.0028877258 0.0029029846) 2.8e-07 7.9e-07 0 1 1 0 1 0 1 fwd conv2d_host_validation_f16_fwd_CHECK_KYXC_NHWC_NHWK3_f16 (74 of 107)
147456     (147397 57 2 0) 4.0 (0.0018119812 0.0018081665) 0.250000 0.000006 2.1e-03 2.1e-03 (0.0018119812 0.0018081665) 3.0e-07 1.0e-06 0 1 1 0 1 0 1 fwd conv2d_host_validation_f16_fwd_CHECK_KYXC_NHWC_NHWK4_f16 (75 of 107)
102400     (102370 29 1 0) 3.0 (0.0145645142 0.0145416260) 0.250000 0.000009 1.6e-03 1.6e-03 (0.0145645142 0.0145416260) 2.1e-07 1.2e-06 0 1 1 0 1 0 1 fwd conv2d_host_validation_f16_fwd_CHECK_KYXC_NHWC_NHWK5_f16 (76 of 107)
15745024   (15739002 5687 335 0) 248.0 (0.0000224113 0.0000076294) 0.500000 0.000008 6.6e-01 1.6e-02 (0.0015172958 0.0015411377) 4.0e-07 9.9e-07 0 1 1 0 1 0 1 fwd conv2d_host_validation_f16_fwd_CHECK_KYXC_NHWC_NHWK6_f16 (77 of 107)
13778944   (13770227 8162 555 0) 418.0 (0.0000456572 0.0000705719) 1.000000 0.000027 5.5e-01 8.4e-02 (0.0012493134 0.0013542175) 6.9e-07 1.3e-06 0 1 1 0 1 0 1 fwd conv2d_host_validation_f16_fwd_CHECK_KYXC_NHWC_NHWK7_f16 (78 of 107)
802816     (802497 290 29 0) 48.0 (-0.0001077652 -0.0001106262) 0.250000 0.000008 2.7e-02 9.6e-03 (-0.0015869141 -0.0015716553) 4.0e-07 1.1e-06 0 1 1 0 1 0 1 fwd conv2d_host_validation_f16_fwd_CHECK_PADDING1_f16 (79 of 107)
802816     (802500 303 13 0) 13.0 (-0.0010232925 -0.0010108948) 0.250000 0.000008 1.2e-02 1.2e-02 (-0.0010232925 -0.0010108948) 3.1e-07 1.1e-06 0 1 1 0 1 0 1 fwd conv2d_host_validation_f16_fwd_CHECK_PADDING2_f16 (80 of 107)
2048       (2048 0 0 0) 0.0 (0.0000000000 0.0000000000) 0.000000 0.000000 0.0e+00 0.0e+00 (0.0000000000 0.0000000000) 0.0e+00 0.0e+00 0 1 1 0 1 0 1 fwd conv2d_host_validation_f16_fwd_CHECK_PADDING3_f16 (81 of 107)
205520896  (205420517 94210 6169 0) 936.0 (0.0000205040 0.0000762939) 1.000000 0.000015 4.3e+00 3.9e-02 (-0.0016756058 -0.0016098022) 6.0e-07 1.1e-06 0 1 0 0 1 0 1 fwd conv2d_host_validation_f32_fwd_GROUP_NCHW_f16 (82 of 107)
51380224   (51355153 23542 1529 0) 588.0 (0.0000107288 0.0000457764) 1.000000 0.000015 3.3e+00 3.0e-02 (-0.0029106140 -0.0028228760) 5.9e-07 1.1e-06 1 0 0 0 0 1 0 fwd conv2d_host_validation_random_CHECK_KCYX_NCHW_NKHW_5_f16 (83 of 107)
51380224   (51355162 23500 1562 0) 308.0 (0.0000584126 0.0000400543) 1.000000 0.000015 5.0e-01 4.2e-02 (-0.0010833740 -0.0010375977) 5.1e-07 1.1e-06 1 0 0 0 0 1 0 fwd conv2d_host_validation_random_CHECK_KCYX_NCHW_NKHW_6_f16 (84 of 107)
47775744   (47719713 52204 3827 0) 4070.0 (-0.0000365973 0.0002059937) 2.000000 0.000123 6.6e+00 2.7e-01 (0.0018501282 0.0013580322) 1.6e-06 1.9e-06 1 0 0 0 0 1 0 fwd conv2d_host_validation_random_CHECK_KCYX_NCHW_NKHW_7_f16 (85 of 107)
51380224   (51320285 55890 4049 0) 4105.0 (-0.0000986457 -0.0003433228) 2.000000 0.000123 6.5e+00 2.0e-01 (0.0012426376 0.0014877319) 1.7e-06 1.9e-06 1 0 0 0 0 1 0 fwd conv2d_host_validation_random_CHECK_KCYX_NCHW_NKHW_8_f16 (86 of 107)
16777216   (16774258 2823 135 0) 38.0 (-0.0000823736 -0.0000801086) 0.250000 0.000002 1.0e+00 6.7e-03 (-0.0015668869 -0.0015563965) 2.1e-07 6.1e-07 1 0 0 0 0 1 0 fwd conv2d_host_validation_random_CHECK_KYXC_NHWC_NHWK_4_f16 (87 of 107)
16777216   (16774270 2809 137 0) 64.0 (0.0000877380 0.0000915527) 0.250000 0.000002 4.3e-02 1.1e-02 (-0.0187225342 -0.0189208984) 1.4e-07 5.7e-07 1 0 0 0 0 1 0 fwd conv2d_host_validation_random_CHECK_KYXC_NHWC_NHWK_5_f16 (88 of 107)
25690112   (25651373 36008 2731 0) 4530.0 (-0.0000525713 0.0002174377) 2.000000 0.000223 5.1e+00 2.8e-01 (-0.0018386841 -0.0023498535) 2.1e-06 2.3e-06 1 0 1 0 0 1 0 fwd conv2d_host_validation_random_CHECK_RAND_FLOAT_2_f16 (89 of 107)
205520896  (205417923 96566 6407 0) 2426.0 (-0.0000225306 0.0001220703) 1.000000 0.000015 8.8e+00 7.5e-02 (-0.0014925003 -0.0013809204) 6.6e-07 6.4e-07 1 0 0 0 0 1 0 fwd conv2d_host_validation_random_GROUP_NHWC_f16 (90 of 107)
30720      (30702 18 0 0) 1.0 (-221.6250000000 -221.7500000000) 0.250000 0.000017 9.4e-04 9.4e-04 (-33.0937500000 -33.1250000000) 3.8e-07 1.0e-06 0 1 0 0 1 0 1 fwd padding_kernel_all_fwd_CHECK_RESNET50_CONFIG2_f16 (91 of 107)
30720      (30706 14 0 0) 1.0 (639.0000000000 638.5000000000) 0.500000 0.000035 9.7e-04 9.7e-04 (-4.0429687500 -4.0390625000) 2.9e-07 2.2e-06 0 1 0 0 1 0 1 fwd padding_kernel_all_fwd_CHECK_RESNET50_CONFIG4_f16 (92 of 107)
882        (877 5 0 0) 1.0 (-465.2500000000 -465.0000000000) 0.500000 0.000957 9.1e-04 9.1e-04 (-548.5000000000 -548.0000000000) 3.8e-06 2.3e-06 0 1 0 0 1 0 1 bwd_weight padding_kernel_all_wrw_CHECK_RESNET50_CONFIG2_f16 (93 of 107)
882        (879 3 0 0) 1.0 (27.8593750000 27.8750000000) 0.500000 0.000587 6.9e-04 6.9e-04 (2.8281250000 2.8300781250) 2.1e-06 2.0e-06 0 1 0 0 1 0 1 bwd_weight padding_kernel_all_wrw_CHECK_RESNET50_CONFIG4_f16 (94 of 107)
205520896  (205383429 128608 8859 0) 1648.0 (-0.0000352859 -0.0001335144) 1.000000 0.000033 9.1e+00 3.0e-01 (0.0019102097 0.0024757385) 9.0e-07 1.3e-06 0 1 1 0 1 0 1 fwd padding_kernel_gemmK_CHECK_RESNET50_F16_CONFIG1 (95 of 107)
205520896  (205383021 129025 8850 0) 1612.0 (-0.0000541210 0.0000419617) 1.000000 0.000033 1.0e+01 1.6e-01 (-0.0013675690 -0.0015869141) 8.5e-07 1.3e-06 0 1 1 0 1 0 1 fwd padding_kernel_gemmK_CHECK_RESNET50_F16_CONFIG2 (96 of 107)
205520896  (205383642 128452 8802 0) 1656.0 (-0.0000681877 0.0000305176) 1.000000 0.000033 1.1e+01 1.2e-01 (0.0012035370 0.0013427734) 8.5e-07 1.3e-06 0 1 1 0 1 0 1 fwd padding_kernel_gemmK_CHECK_RESNET50_F16_CONFIG4 (97 of 107)
9408       (9158 227 23 0) 261.0 (-0.9829101562 -1.1103515625) 32.000000 0.173130 1.3e-01 1.3e-01 (-0.9829101562 -1.1103515625) 4.9e-05 0.0e+00 0 1 1 0 1 0 1 bwd_weight padding_kernel_gemmN_CHECK_RESNET50_CONFIG2 (98 of 107)
9408       (9157 223 28 0) 65.0 (3.1738281250 3.3007812500) 32.000000 0.163618 4.0e-02 4.0e-02 (3.1738281250 3.3007812500) 3.3e-05 0.0e+00 0 1 1 0 1 0 1 bwd_weight padding_kernel_gemmN_CHECK_RESNET50_CONFIG4 (99 of 107)
6422528    (6412467 9350 711 0) 2968.0 (-0.0002112389 -0.0000343323) 2.000000 0.000239 1.6e+00 1.1e-01 (0.0023555756 0.0026073456) 2.0e-06 2.2e-06 0 0 0 0 1 0 1 fwd Resnet50_validation_nchw_CHECK_NCHW_1_f16 (100 of 107)
25690112   (25673714 15378 1020 0) 638.0 (0.0000840425 0.0001220703) 1.000000 0.000029 9.0e-01 5.2e-02 (0.0011100769 0.0010528564) 7.7e-07 1.4e-06 0 0 0 0 1 0 1 fwd Resnet50_validation_nchw_CHECK_NCHW_2_f16 (101 of 107)
147456     (147145 289 22 0) 318.0 (-0.0335083008 -0.0286560059) 8.000000 0.001557 1.4e-01 1.4e-01 (-0.0335083008 -0.0286560059) 2.8e-06 0.0e+00 0 0 0 0 1 0 1 bwd_weight Resnet50_validation_nchw_CHECK_NCHW_3_f16 (102 of 107)
65536      (65368 153 15 0) 49.0 (0.0355529785 0.0370483398) 8.000000 0.002068 4.2e-02 4.2e-02 (0.0355529785 0.0370483398) 2.8e-06 2.1e-06 0 0 0 0 1 0 1 bwd_weight Resnet50_validation_nchw_CHECK_NCHW_4_f16 (103 of 107)
6422528    (6412545 9241 742 0) 1415.0 (0.0001364946 0.0003051758) 2.000000 0.000244 1.2e+00 1.8e-01 (-0.0033626556 -0.0039749146) 1.8e-06 8.8e-07 0 0 0 0 1 0 1 fwd Resnet50_validation_nhwc_CHECK_NHWC_1_f16 (104 of 107)
25690112   (25673773 15340 999 0) 1152.0 (0.0000762939 0.0001449585) 2.000000 0.000029 1.4e+01 6.2e-02 (0.0010204315 0.0009574890) 1.5e-06 5.5e-07 0 0 0 0 1 0 1 fwd Resnet50_validation_nhwc_CHECK_NHWC_2_f16 (105 of 107)
147456     (147160 269 27 0) 10.0 (0.4721679688 0.4697265625) 8.000000 0.001066 7.5e-03 7.5e-03 (0.2587890625 0.2568359375) 1.7e-06 0.0e+00 0 0 0 0 1 0 1 bwd_weight Resnet50_validation_nhwc_CHECK_NHWC_3_f16 (106 of 107)
65536      (65366 154 16 0) 48.0 (0.0514831543 0.0500183105) 8.000000 0.001548 2.8e-02 2.8e-02 (0.0514831543 0.0500183105) 3.0e-06 2.3e-06 0 0 0 0 1 0 1 bwd_weight Resnet50_validation_nhwc_CHECK_NHWC_4_f16 (107 of 107)
