25690112   (25620812 63483 5817 0) 850.0 (0.0001319647 0.0000813007) 0.031250 0.000004 3.5e+00 5.2e-02 (0.0010070801 0.0010595322) 3.7e-06 4.4e-07 1 0 0 0 0 1 0 fwd conv2d_harness_cpu_verifier_kyxc_nhwc_nhwk_f16_E2E_f16 (1 of 107)
802816     (802353 428 35 0) 15.0 (0.0020904541 0.0020618439) 0.003906 0.000000 1.4e-02 1.4e-02 (0.0020904541 0.0020618439) 5.2e-07 1.2e-06 0 1 1 0 1 0 1 bwd_data conv2d_host_validation_f16_bwd_CHECK_BWD_DATA1 (2 of 107)
4096       (4086 8 2 0) 3.0 (-0.0140991211 -0.0141220093) 0.031250 0.000021 1.6e-03 1.6e-03 (-0.0140991211 -0.0141220093) 2.0e-06 6.6e-07 0 1 1 0 1 0 1 bwd_weight conv2d_host_validation_f16_bwd_CHECK_BWD_WEIGHT1 (3 of 107)
147456     (146668 716 72 0) 63.0 (-0.0018186569 -0.0017585754) 0.125000 0.000040 3.3e-02 3.3e-02 (-0.0018186569 -0.0017585754) 5.6e-06 3.6e-06 0 1 1 0 1 0 1 bwd_weight conv2d_host_validation_f16_bwd_CHECK_ISSUE_127_10 (4 of 107)
294912     (293349 1438 125 0) 128.0 (0.0001287460 0.0001440048) 0.125000 0.000032 1.2e-01 2.0e-02 (-0.0023651123 -0.0024127960) 5.6e-06 4.0e-06 0 1 1 0 1 0 1 bwd_weight conv2d_host_validation_f16_bwd_CHECK_ISSUE_127_15 (5 of 107)
589824     (587033 2530 261 0) 358.0 (0.0002563000 0.0002136230) 0.062500 0.000018 1.7e-01 3.1e-02 (0.0020561218 0.0019931793) 5.1e-06 3.5e-06 0 1 1 0 1 0 1 bwd_weight conv2d_host_validation_f16_bwd_CHECK_ISSUE_127_16 (6 of 107)
1179648    (1174374 4820 454 0) 224.0 (0.0002975464 0.0002441406) 0.062500 0.000012 1.8e-01 4.3e-02 (-0.0013465881 -0.0012884140) 5.2e-06 3.3e-06 0 1 1 0 1 0 1 bwd_weight conv2d_host_validation_f16_bwd_CHECK_ISSUE_127_17 (7 of 107)
147456     (146029 1294 133 0) 162.0 (-0.0009536743 -0.0008764267) 0.250000 0.000177 8.1e-02 5.9e-02 (-0.0024375916 -0.0022926331) 1.1e-05 5.8e-06 0 1 1 0 1 0 1 bwd_weight conv2d_host_validation_f16_bwd_CHECK_ISSUE_127_18 (8 of 107)
2097152    (2089186 7266 700 0) 205.0 (-0.0002132654 -0.0001888275) 0.062500 0.000008 9.0e+00 3.8e-02 (0.0013561249 0.0013046265) 8.9e-06 3.0e-06 0 1 1 0 1 0 1 bwd_weight conv2d_host_validation_f16_bwd_CHECK_ISSUE_127_6 (9 of 107)
262144     (260798 1222 124 0) 205.0 (-0.0000047088 -0.0000169277) 0.062500 0.000021 2.6e+00 5.8e-02 (-0.0013895035 -0.0014705658) 1.7e-05 3.6e-06 0 1 1 0 1 0 1 bwd_weight conv2d_host_validation_f16_bwd_CHECK_ISSUE_127_7 (10 of 107)
147456     (146699 676 81 0) 171.0 (-0.0005154610 -0.0005970001) 0.125000 0.000046 1.6e-01 6.9e-02 (0.0022048950 0.0020523071) 7.1e-06 4.4e-06 0 1 1 0 1 0 1 bwd_weight conv2d_host_validation_f16_bwd_CHECK_ISSUE_127_8 (11 of 107)
147456     (146676 728 52 0) 61.0 (-0.0016431808 -0.0015850067) 0.125000 0.000042 3.5e-02 3.5e-02 (-0.0016431808 -0.0015850067) 4.7e-06 7.7e-08 0 1 1 0 1 0 1 bwd_weight conv2d_host_validation_f16_bwd_CHECK_ISSUE_127_9 (12 of 107)
1024       (1019 4 1 0) 61.0 (0.0001591444 0.0001664162) 0.003906 0.000006 4.6e-02 8.2e-04 (0.0372314453 0.0372619629) 4.7e-05 1.7e-06 0 1 1 0 1 0 1 bwd_weight conv2d_host_validation_f16_bwd_CHECK_ISSUE_70_1 (13 of 107)
65536      (65155 340 41 0) 254.0 (-0.0002655983 -0.0003261566) 0.125000 0.000049 2.3e-01 2.9e-02 (-0.0017089844 -0.0017585754) 9.0e-06 4.1e-06 0 1 1 0 1 0 1 bwd_weight conv2d_host_validation_f16_bwd_CHECK_ISSUE_70_2 (14 of 107)
4096       (4091 4 1 0) 2.0 (-0.0030040741 -0.0030002594) 0.007812 0.000002 1.3e-03 1.3e-03 (-0.0030040741 -0.0030002594) 1.0e-06 1.9e-06 0 1 1 0 1 0 1 bwd_weight conv2d_host_validation_f16_bwd_CHECK_ISSUE_70_3 (15 of 107)
1024       (1022 2 0 0) 1.0 (-0.0240936279 -0.0240783691) 0.000015 0.000000 6.3e-04 6.3e-04 (-0.0240936279 -0.0240783691) 1.2e-06 1.2e-09 0 1 1 0 1 0 1 bwd_weight conv2d_host_validation_f16_bwd_CHECK_ISSUE_71_1 (16 of 107)
1024       (1020 4 0 0) 1.0 (20.5937500000 20.5781250000) 0.015625 0.000031 7.6e-04 7.6e-04 (20.5937500000 20.5781250000) 2.6e-06 6.4e-07 0 1 1 0 1 0 1 bwd_weight conv2d_host_validation_f16_bwd_CHECK_ISSUE_71_2 (17 of 107)
1024       (1022 2 0 0) 1.0 (-1.6865234375 -1.6855468750) 0.000977 0.000002 5.8e-04 5.8e-04 (-1.6865234375 -1.6855468750) 1.1e-06 1.0e-08 0 1 1 0 1 0 1 bwd_weight conv2d_host_validation_f16_bwd_CHECK_ISSUE_71_3 (18 of 107)
1024       (1021 3 0 0) 1.0 (-7.5078125000 -7.5039062500) 0.003906 0.000004 5.2e-04 5.2e-04 (-7.5078125000 -7.5039062500) 1.5e-06 1.6e-06 0 1 1 0 1 0 1 bwd_weight conv2d_host_validation_f16_bwd_CHECK_ISSUE_71_4 (19 of 107)
12845056   (12826011 17400 1645 0) 739.0 (0.0000711679 0.0000271201) 0.015625 0.000001 5.0e+00 2.9e-02 (0.0013360977 0.0013742447) 2.6e-06 2.0e-06 0 0 0 0 0 1 0 fwd conv2d_host_validation_f16_CHECK_RESNET101_NCHW_CONFIG1_FWD_f16 (20 of 107)
12845056   (12827813 15829 1414 0) 579.0 (0.0001327991 0.0000982881) 0.015625 0.000001 2.8e+00 3.1e-02 (-0.0011711121 -0.0011348724) 1.8e-06 1.6e-06 0 0 0 0 0 1 0 fwd conv2d_host_validation_f16_CHECK_RESNET101_NCHW_CONFIG2_FWD_f16 (21 of 107)
25690112   (25651660 35121 3331 0) 671.0 (0.0000215769 -0.0000184178) 0.015625 0.000001 8.0e+00 3.8e-02 (0.0014953613 0.0014390945) 2.3e-06 2.1e-06 0 0 0 0 0 1 0 bwd_data conv2d_host_validation_f16_CHECK_RESNET101_NCHW_CONFIG8_BWD_f16 (22 of 107)
102760448  (102661811 90086 8551 0) 669.0 (0.0000763535 0.0000364780) 0.007812 0.000000 3.9e+00 3.7e-02 (0.0010480881 0.0010089874) 1.4e-06 1.6e-06 0 0 0 0 0 1 0 fwd conv2d_host_validation_f16_CHECK_RESNET101_NCHW_CONFIG8_FWD_f16 (23 of 107)
16384      (16296 81 7 0) 29.0 (0.0020580292 0.0021133423) 0.125000 0.000062 2.7e-02 2.7e-02 (0.0020580292 0.0021133423) 6.1e-06 5.0e-06 0 0 0 0 0 1 0 bwd_weight conv2d_host_validation_f16_CHECK_RESNET101_NCHW_CONFIG8_WRW_f16 (24 of 107)
12845056   (12825923 17518 1615 0) 784.0 (-0.0000202656 0.0000264645) 0.015625 0.000001 2.3e+00 4.4e-02 (-0.0010042191 -0.0010480881) 2.4e-06 1.9e-06 0 0 0 0 0 1 0 fwd conv2d_host_validation_f16_CHECK_RESNET101_NHWC_CONFIG1_FWD_f16 (25 of 107)
12845056   (12828279 15367 1410 0) 786.0 (-0.0000772476 -0.0001240969) 0.015625 0.000001 2.0e+00 4.2e-02 (0.0010213852 0.0010643005) 1.9e-06 1.9e-06 0 0 0 0 0 1 0 fwd conv2d_host_validation_f16_CHECK_RESNET101_NHWC_CONFIG2_FWD_f16 (26 of 107)
25690112   (25630590 53782 5740 0) 837.0 (-0.0001326799 -0.0000827909) 0.015625 0.000002 2.2e+00 4.5e-02 (-0.0011329651 -0.0010814667) 3.2e-06 2.5e-06 0 0 0 0 0 1 0 bwd_data conv2d_host_validation_f16_CHECK_RESNET101_NHWC_CONFIG8_BWD_f16 (27 of 107)
102760448  (102693869 62096 4483 0) 761.0 (-0.0000916123 -0.0000462532) 0.007812 0.000000 3.5e+00 3.8e-02 (-0.0012149811 -0.0012617111) 8.6e-07 6.7e-07 0 0 0 0 0 1 0 fwd conv2d_host_validation_f16_CHECK_RESNET101_NHWC_CONFIG8_FWD_f16 (28 of 107)
16384      (16266 105 13 0) 40.0 (0.0031776428 0.0031013489) 0.062500 0.000074 2.4e-02 2.4e-02 (0.0031776428 0.0031013489) 9.1e-06 4.0e-06 0 0 0 0 0 1 0 bwd_weight conv2d_host_validation_f16_CHECK_RESNET101_NHWC_CONFIG8_WRW_f16 (29 of 107)
4194304    (4193979 305 20 0) 25.0 (0.0009284019 0.0009164810) 0.000977 0.000000 7.7e-02 1.2e-02 (0.0026817322 0.0027141571) 8.8e-08 4.6e-07 0 1 1 0 1 0 1 fwd conv2d_host_validation_f16_fwd_CHECK_FILTER1_f16 (30 of 107)
4194304    (4193936 349 19 0) 32.0 (0.0019168854 0.0018863678) 0.000977 0.000000 4.8e-02 1.6e-02 (0.0019168854 0.0018863678) 8.7e-08 5.3e-07 0 1 1 0 1 0 1 fwd conv2d_host_validation_f16_fwd_CHECK_FILTER2_f16 (31 of 107)
16777216   (16773605 3502 109 0) 404.0 (0.0000479221 0.0000720024) 0.001953 0.000000 5.0e-01 3.8e-02 (-0.0010271072 -0.0009880066) 3.1e-07 7.4e-07 0 1 1 0 1 0 1 fwd conv2d_host_validation_f16_fwd_CHECK_ISSUE_114_1_f16 (32 of 107)
16777216   (16765714 10249 1253 0) 260.0 (0.0000503659 0.0000658631) 0.001953 0.000000 3.6e-01 2.0e-02 (-0.0020236969 -0.0020637512) 9.3e-07 1.3e-06 0 1 1 0 1 0 1 fwd conv2d_host_validation_f16_fwd_CHECK_ISSUE_114_2_f16 (33 of 107)
4194304    (4193473 805 26 0) 11.0 (-0.0046997070 -0.0047416687) 0.001953 0.000000 3.4e-02 8.9e-03 (-0.0046997070 -0.0047416687) 1.7e-07 8.6e-07 0 1 1 0 1 0 1 fwd conv2d_host_validation_f16_fwd_CHECK_ISSUE_114_3_f16 (34 of 107)
4194304    (4193406 866 32 0) 33.0 (-0.0002001524 -0.0001962185) 0.001953 0.000000 3.7e-02 1.0e-02 (-0.0030536652 -0.0030231476) 1.9e-07 7.6e-07 0 1 1 0 1 0 1 fwd conv2d_host_validation_f16_fwd_CHECK_ISSUE_114_4_f16 (35 of 107)
16777216   (16773724 3403 89 0) 459.0 (0.0000759959 0.0000486374) 0.001953 0.000000 3.6e-01 1.2e-02 (-0.0020732880 -0.0020484924) 2.2e-07 7.3e-07 0 1 1 0 1 0 1 fwd conv2d_host_validation_f16_fwd_CHECK_ISSUE_114_5_f16 (36 of 107)
16777216   (16773555 3538 123 0) 236.0 (0.0001003742 0.0001144409) 0.001953 0.000000 2.0e-01 4.5e-02 (0.0010375977 0.0010843277) 2.4e-07 7.4e-07 0 1 1 0 1 0 1 fwd conv2d_host_validation_f16_fwd_CHECK_ISSUE_114_6_f16 (37 of 107)
4194304    (4193438 836 30 0) 20.0 (0.0021190643 0.0020809174) 0.001953 0.000000 3.1e-02 1.8e-02 (0.0021190643 0.0020809174) 1.8e-07 8.9e-07 0 1 1 0 1 0 1 fwd conv2d_host_validation_f16_fwd_CHECK_ISSUE_114_7_f16 (38 of 107)
4194304    (4193377 895 32 0) 92.0 (-0.0004694462 -0.0004475117) 0.000977 0.000000 4.7e-02 1.8e-02 (0.0010881424 0.0011072159) 2.0e-07 7.8e-07 0 1 1 0 1 0 1 fwd conv2d_host_validation_f16_fwd_CHECK_ISSUE_114_8_f16 (39 of 107)
12845056   (12791446 48831 4779 0) 1148.0 (-0.0001437664 -0.0000753403) 0.125000 0.000009 1.7e+01 4.9e-02 (0.0011758804 0.0011177063) 7.4e-06 1.0e-06 0 1 1 0 1 0 1 fwd conv2d_host_validation_f16_fwd_CHECK_ISSUE_127_11_f16 (40 of 107)
12845056   (12794698 45915 4443 0) 724.0 (0.0001108646 0.0000677109) 0.062500 0.000008 3.8e+00 4.2e-02 (-0.0016851425 -0.0017557144) 5.2e-06 9.1e-07 0 1 1 0 1 0 1 fwd conv2d_host_validation_f16_fwd_CHECK_ISSUE_127_12_f16 (41 of 107)
12845056   (12799932 41158 3966 0) 860.0 (-0.0000995398 -0.0000482798) 0.250000 0.000007 3.0e+01 6.2e-02 (-0.0011291504 -0.0011987686) 8.3e-06 8.6e-07 0 1 1 0 1 0 1 fwd conv2d_host_validation_f16_fwd_CHECK_ISSUE_127_13_f16 (42 of 107)
12845056   (12803959 37723 3374 0) 570.0 (-0.0000414252 -0.0000074506) 0.062500 0.000007 1.1e+01 3.9e-02 (-0.0015602112 -0.0014991760) 4.9e-06 8.9e-07 0 1 1 0 1 0 1 fwd conv2d_host_validation_f16_fwd_CHECK_ISSUE_127_14_f16 (43 of 107)
12845056   (12795793 44926 4337 0) 729.0 (0.0000689626 0.0000255108) 0.031250 0.000008 2.2e+00 5.5e-02 (-0.0010404587 -0.0009832382) 5.0e-06 9.9e-07 0 1 1 0 1 0 1 fwd conv2d_host_validation_f16_fwd_CHECK_ISSUE_127_1_f16 (44 of 107)
6422528    (6391083 28696 2749 0) 837.0 (0.0001542568 0.0001043677) 0.062500 0.000015 2.3e+00 5.1e-02 (0.0013666153 0.0012969971) 7.0e-06 8.0e-07 0 1 1 0 1 0 1 fwd conv2d_host_validation_f16_fwd_CHECK_ISSUE_127_2_f16 (45 of 107)
25690112   (25609955 73148 7009 0) 960.0 (0.0000454187 -0.0000118017) 0.031250 0.000005 2.7e+01 4.6e-02 (0.0012702942 0.0012121201) 5.4e-06 3.0e-06 0 1 1 0 1 0 1 fwd conv2d_host_validation_f16_fwd_CHECK_ISSUE_127_3_f16 (46 of 107)
12845056   (12794652 46039 4365 0) 869.0 (-0.0000984073 -0.0001502037) 0.031250 0.000008 2.9e+00 5.6e-02 (-0.0012807846 -0.0012092590) 5.2e-06 3.3e-06 0 1 1 0 1 0 1 fwd conv2d_host_validation_f16_fwd_CHECK_ISSUE_127_4_f16 (47 of 107)
12845056   (12800600 40707 3749 0) 707.0 (-0.0000123978 0.0000297427) 0.031250 0.000007 1.5e+01 4.1e-02 (0.0010681152 0.0010242462) 6.6e-06 3.1e-06 0 1 1 0 1 0 1 fwd conv2d_host_validation_f16_fwd_CHECK_ISSUE_127_5_f16 (48 of 107)
7372800    (7368068 4440 292 0) 95.0 (0.0001677275 0.0001564026) 0.007812 0.000000 1.0e+00 1.1e-02 (0.0025177002 0.0024909973) 8.7e-07 1.5e-06 0 1 1 0 1 0 1 fwd conv2d_host_validation_f16_fwd_CHECK_ISSUE_40_1_f16 (49 of 107)
3440640    (3437103 3268 269 0) 330.0 (0.0000507236 0.0000703931) 0.007812 0.000001 3.9e-01 2.5e-02 (-0.0012044907 -0.0011749268) 1.1e-06 1.9e-06 0 1 1 0 1 0 1 fwd conv2d_host_validation_f16_fwd_CHECK_ISSUE_40_2_f16 (50 of 107)
6422528    (6406094 14845 1589 0) 888.0 (-0.0000048280 -0.0000577569) 0.015625 0.000002 1.1e+01 4.1e-02 (0.0012283325 0.0012788773) 5.7e-06 2.8e-06 0 1 1 0 1 0 1 fwd conv2d_host_validation_f16_fwd_CHECK_ISSUE_40_3_f16 (51 of 107)
14745600   (14725528 18255 1817 0) 816.0 (-0.0000454187 0.0000032187) 0.015625 0.000001 1.4e+00 3.8e-02 (-0.0011949539 -0.0011491776) 2.1e-06 2.0e-06 0 1 1 0 1 0 1 fwd conv2d_host_validation_f16_fwd_CHECK_ISSUE_40_4_f16 (52 of 107)
6881280    (6875517 5309 454 0) 241.0 (-0.0001407862 -0.0001695156) 0.007812 0.000000 2.5e-01 3.0e-02 (0.0011758804 0.0012111664) 9.6e-07 1.6e-06 0 1 0 0 0 0 1 fwd conv2d_host_validation_f16_fwd_CHECK_ISSUE_40_5_f16 (53 of 107)
1048576    (1047498 1003 75 0) 63.0 (0.0001674891 0.0001599789) 0.007812 0.000001 8.8e-02 8.1e-03 (0.0021266937 0.0021438599) 1.0e-06 1.9e-06 0 1 1 0 1 0 1 fwd conv2d_host_validation_f16_fwd_CHECK_ISSUE_41_10_f16 (54 of 107)
12845056   (12832674 11296 1086 0) 524.0 (-0.0000960827 -0.0001273155) 0.007812 0.000000 3.0e+00 3.4e-02 (0.0010080338 0.0009737015) 1.5e-06 1.7e-06 0 1 1 0 1 0 1 fwd conv2d_host_validation_f16_fwd_CHECK_ISSUE_41_11_f16 (55 of 107)
9437184    (9422061 13759 1364 0) 688.0 (-0.0000224113 0.0000185966) 0.015625 0.000001 3.4e+00 3.7e-02 (0.0012092590 0.0012540817) 2.7e-06 2.3e-06 0 1 1 0 1 0 1 fwd conv2d_host_validation_f16_fwd_CHECK_ISSUE_41_12_f16 (56 of 107)
921600     (920339 1132 129 0) 331.0 (-0.0000070333 -0.0000267625) 0.007812 0.000001 2.8e+00 1.3e-02 (0.0023002625 0.0023307800) 6.0e-06 1.9e-06 0 1 1 0 1 0 1 fwd conv2d_host_validation_f16_fwd_CHECK_ISSUE_41_2_f16 (57 of 107)
1605632    (1603439 1977 216 0) 506.0 (0.0001213551 0.0001515150) 0.007812 0.000001 2.5e-01 3.0e-02 (-0.0011863708 -0.0012216568) 1.8e-06 2.4e-06 0 1 1 0 1 0 1 fwd conv2d_host_validation_f16_fwd_CHECK_ISSUE_41_3_f16 (58 of 107)
200704     (200586 114 4 0) 5.0 (0.0000523329 0.0000526309) 0.003906 0.000000 9.6e-03 2.0e-03 (-0.0058403015 -0.0058288574) 4.8e-07 1.4e-06 0 1 1 0 1 0 1 fwd conv2d_host_validation_f16_fwd_CHECK_ISSUE_41_4_f16 (59 of 107)
1605632    (1604159 1354 119 0) 56.0 (-0.0011405945 -0.0010871887) 0.007812 0.000000 6.1e-02 4.7e-02 (-0.0011405945 -0.0010871887) 8.7e-07 1.7e-06 0 1 1 0 1 0 1 fwd conv2d_host_validation_f16_fwd_CHECK_ISSUE_41_5_f16 (60 of 107)
802816     (802282 503 31 0) 352.0 (-0.0000464916 -0.0000255108) 0.003906 0.000000 4.5e-01 2.0e-02 (0.0024757385 0.0025253296) 1.3e-06 1.6e-06 0 1 1 0 1 0 1 fwd conv2d_host_validation_f16_fwd_CHECK_ISSUE_41_6_f16 (61 of 107)
4194304    (4191055 2987 262 0) 337.0 (-0.0001105070 -0.0000904202) 0.007812 0.000000 2.3e-01 2.0e-02 (-0.0014514923 -0.0014810562) 1.0e-06 1.5e-06 0 1 1 0 1 0 1 fwd conv2d_host_validation_f16_fwd_CHECK_ISSUE_41_7_f16 (62 of 107)
3211264    (3208090 2913 261 0) 51.0 (-0.0018644333 -0.0019130707) 0.007812 0.000001 5.4e-01 2.6e-02 (-0.0018644333 -0.0019130707) 1.1e-06 1.8e-06 0 1 1 0 1 0 1 fwd conv2d_host_validation_f16_fwd_CHECK_ISSUE_41_8_f16 (63 of 107)
2359296    (2357793 1391 112 0) 80.0 (0.0006699562 0.0006318092) 0.003906 0.000000 5.7e-02 3.0e-02 (-0.0013942719 -0.0013523102) 6.2e-07 1.5e-06 0 1 1 0 1 0 1 fwd conv2d_host_validation_f16_fwd_CHECK_ISSUE_41_9_f16 (64 of 107)
25690112   (25621519 62770 5823 0) 736.0 (0.0000280142 0.0000718832) 0.031250 0.000004 8.0e+00 5.0e-02 (-0.0011959076 -0.0012559891) 4.2e-06 2.8e-06 0 1 1 0 1 0 1 fwd conv2d_host_validation_f16_fwd_CHECK_KCYX_NCHW_NKHW1_f16 (65 of 107)
3686400    (3684574 1704 122 0) 237.0 (0.0001438856 0.0001721382) 0.003906 0.000000 1.0e+00 1.0e-02 (-0.0010328293 -0.0010223389) 1.1e-06 1.2e-06 0 1 1 0 1 0 1 fwd conv2d_host_validation_f16_fwd_CHECK_KCYX_NCHW_NKHW2_f16 (66 of 107)
409600     (409399 193 8 0) 8.0 (0.0047454834 0.0047760010) 0.001953 0.000000 6.4e-03 6.4e-03 (0.0047454834 0.0047760010) 4.0e-07 1.0e-06 0 1 1 0 1 0 1 fwd conv2d_host_validation_f16_fwd_CHECK_KCYX_NCHW_NKHW3_f16 (67 of 107)
147456     (147329 116 11 0) 12.0 (-0.0005493164 -0.0005435944) 0.003906 0.000000 1.0e-02 6.0e-03 (0.0011062622 0.0011129379) 7.9e-07 1.8e-06 0 1 1 0 1 0 1 fwd conv2d_host_validation_f16_fwd_CHECK_KCYX_NCHW_NKHW4_f16 (68 of 107)
102400     (102269 115 16 0) 197.0 (-0.0000035167 -0.0000152588) 0.001953 0.000000 3.3e+00 6.5e-03 (0.0011816025 0.0011892319) 3.4e-05 1.4e-06 0 1 1 0 1 0 1 fwd conv2d_host_validation_f16_fwd_CHECK_KCYX_NCHW_NKHW5_f16 (69 of 107)
15745024   (15726815 16179 2030 0) 926.0 (0.0001059771 0.0001611710) 0.003906 0.000000 1.2e+00 4.8e-02 (-0.0012025833 -0.0011444092) 1.8e-06 1.9e-06 0 1 1 0 1 0 1 fwd conv2d_host_validation_f16_fwd_CHECK_KCYX_NCHW_NKHW6_f16 (70 of 107)
13778944   (13767462 10658 824 0) 740.0 (-0.0001354218 -0.0000913143) 0.007812 0.000000 5.0e+00 2.8e-02 (0.0021476746 0.0022068024) 1.6e-06 1.5e-06 0 1 1 0 1 0 1 fwd conv2d_host_validation_f16_fwd_CHECK_KCYX_NCHW_NKHW7_f16 (71 of 107)
25690112   (25621254 62923 5935 0) 936.0 (0.0001744032 0.0001186132) 0.031250 0.000004 8.3e+00 6.1e-02 (-0.0010919571 -0.0011587143) 3.7e-06 4.3e-07 0 1 1 0 1 0 1 fwd conv2d_host_validation_f16_fwd_CHECK_KYXC_NHWC_NHWK1_f16 (72 of 107)
3686400    (3683962 2295 143 0) 686.0 (0.0000350475 0.0000759363) 0.003906 0.000000 1.7e+00 3.2e-02 (0.0014581680 0.0014114380) 1.6e-06 1.3e-06 0 1 1 0 1 0 1 fwd conv2d_host_validation_f16_fwd_CHECK_KYXC_NHWC_NHWK2_f16 (73 of 107)
409600     (409399 196 5 0) 2.0 (-0.0000130534 -0.0000129342) 0.003906 0.000000 1.7e-02 9.7e-04 (0.2507324219 0.2504882812) 4.7e-07 1.2e-06 0 1 1 0 1 0 1 fwd conv2d_host_validation_f16_fwd_CHECK_KYXC_NHWC_NHWK3_f16 (74 of 107)
147456     (147327 114 15 0) 17.0 (0.0014190674 0.0014352798) 0.001953 0.000000 1.1e-02 1.1e-02 (0.0014190674 0.0014352798) 8.8e-07 1.6e-06 0 1 1 0 1 0 1 fwd conv2d_host_validation_f16_fwd_CHECK_KYXC_NHWC_NHWK4_f16 (75 of 107)
102400     (102317 74 9 0) 100.0 (-0.0004451275 -0.0004689693) 0.001953 0.000000 5.4e-02 2.8e-03 (-0.0109176636 -0.0109481812) 1.1e-06 1.6e-06 0 1 1 0 1 0 1 fwd conv2d_host_validation_f16_fwd_CHECK_KYXC_NHWC_NHWK5_f16 (76 of 107)
15745024   (15728574 14766 1684 0) 747.0 (-0.0000545382 -0.0000990629) 0.003906 0.000000 1.0e+00 4.5e-02 (0.0011129379 0.0010623932) 1.5e-06 1.8e-06 0 1 1 0 1 0 1 fwd conv2d_host_validation_f16_fwd_CHECK_KYXC_NHWC_NHWK6_f16 (77 of 107)
13778944   (13761058 16214 1672 0) 838.0 (0.0001345873 0.0000846386) 0.007812 0.000001 2.7e+01 3.3e-02 (0.0014066696 0.0014533997) 3.7e-06 1.8e-06 0 1 1 0 1 0 1 fwd conv2d_host_validation_f16_fwd_CHECK_KYXC_NHWC_NHWK7_f16 (78 of 107)
802816     (802460 339 17 0) 7.0 (-0.0035800934 -0.0035934448) 0.003906 0.000000 6.2e-03 5.3e-03 (0.0043067932 0.0042839050) 3.7e-07 1.3e-06 0 1 1 0 1 0 1 fwd conv2d_host_validation_f16_fwd_CHECK_PADDING1_f16 (79 of 107)
802816     (802454 346 16 0) 44.0 (0.0008058548 0.0008268356) 0.003906 0.000000 2.6e-02 4.7e-03 (0.0020256042 0.0020351410) 4.3e-07 1.2e-06 0 1 1 0 1 0 1 fwd conv2d_host_validation_f16_fwd_CHECK_PADDING2_f16 (80 of 107)
2048       (2048 0 0 0) 0.0 (0.0000000000 0.0000000000) 0.000000 0.000000 0.0e+00 0.0e+00 (0.0000000000 0.0000000000) 0.0e+00 0.0e+00 0 1 1 0 1 0 1 fwd conv2d_host_validation_f16_fwd_CHECK_PADDING3_f16 (81 of 107)
205520896  (205353958 153404 13534 0) 946.0 (-0.0000782013 -0.0001345873) 0.007812 0.000000 5.7e+01 4.8e-02 (0.0011386871 0.0011930466) 1.5e-06 1.5e-06 0 1 0 0 1 0 1 fwd conv2d_host_validation_f32_fwd_GROUP_NCHW_f16 (82 of 107)
51380224   (51347883 30127 2214 0) 733.0 (0.0000095963 -0.0000340939) 0.007812 0.000000 4.6e+00 3.6e-02 (-0.0013675690 -0.0013179779) 8.8e-07 1.2e-06 1 0 0 0 0 1 0 fwd conv2d_host_validation_random_CHECK_KCYX_NCHW_NKHW_5_f16 (83 of 107)
51380224   (51348571 29517 2136 0) 715.0 (-0.0000088215 0.0000337958) 0.007812 0.000000 8.6e+00 4.1e-02 (0.0013008118 0.0012474060) 1.0e-06 1.2e-06 1 0 0 0 0 1 0 fwd conv2d_host_validation_random_CHECK_KCYX_NCHW_NKHW_6_f16 (84 of 107)
47775744   (47663640 102224 9880 0) 608.0 (0.0001000166 0.0000637770) 0.015625 0.000002 9.3e+00 4.5e-02 (-0.0011806488 -0.0011272430) 3.5e-06 2.6e-06 1 0 0 0 0 1 0 fwd conv2d_host_validation_random_CHECK_KCYX_NCHW_NKHW_7_f16 (85 of 107)
51380224   (51291198 81762 7264 0) 629.0 (0.0000427961 0.0000053048) 0.015625 0.000002 3.3e+00 5.4e-02 (0.0010557175 0.0009984970) 2.2e-06 2.1e-06 1 0 0 0 0 1 0 fwd conv2d_host_validation_random_CHECK_KCYX_NCHW_NKHW_8_f16 (86 of 107)
16777216   (16773813 3259 144 0) 328.0 (-0.0000307560 -0.0000503063) 0.001953 0.000000 6.4e-01 2.9e-02 (-0.0012941360 -0.0013322830) 2.3e-07 7.7e-07 1 0 0 0 0 1 0 fwd conv2d_host_validation_random_CHECK_KYXC_NHWC_NHWK_4_f16 (87 of 107)
16777216   (16773890 3231 95 0) 191.0 (0.0000407100 0.0000520945) 0.001953 0.000000 2.8e-01 2.6e-02 (-0.0011444092 -0.0011148453) 2.2e-07 6.9e-07 1 0 0 0 0 1 0 fwd conv2d_host_validation_random_CHECK_KYXC_NHWC_NHWK_5_f16 (88 of 107)
25690112   (25614234 69276 6602 0) 860.0 (-0.0000526905 -0.0000014305) 0.031250 0.000004 1.7e+00 4.6e-02 (-0.0010204315 -0.0010671616) 4.0e-06 2.9e-06 1 0 1 0 0 1 0 fwd conv2d_host_validation_random_CHECK_RAND_FLOAT_2_f16 (89 of 107)
205520896  (205299422 200557 20917 0) 873.0 (-0.0000495315 -0.0001015663) 0.007812 0.000000 5.0e+00 5.2e-02 (0.0010595322 0.0010042191) 1.6e-06 9.8e-07 1 0 0 0 0 1 0 fwd conv2d_host_validation_random_GROUP_NHWC_f16 (90 of 107)
30720      (30692 25 3 0) 7.0 (0.0000662208 0.0000658035) 0.001953 0.000000 6.3e-03 9.9e-04 (0.0307617188 0.0307922363) 8.2e-07 9.6e-07 0 1 0 0 1 0 1 fwd padding_kernel_all_fwd_CHECK_RESNET50_CONFIG2_f16 (91 of 107)
30720      (30690 29 1 0) 2.0 (0.0214385986 0.0214080811) 0.003906 0.000001 1.4e-03 1.4e-03 (0.0214385986 0.0214080811) 6.8e-07 1.9e-06 0 1 0 0 1 0 1 fwd padding_kernel_all_fwd_CHECK_RESNET50_CONFIG4_f16 (92 of 107)
882        (876 6 0 0) 1.0 (0.0226745605 0.0226593018) 0.031250 0.000071 9.1e-04 9.1e-04 (-34.1875000000 -34.1562500000) 4.9e-06 1.9e-05 0 1 0 0 1 0 1 bwd_weight padding_kernel_all_wrw_CHECK_RESNET50_CONFIG2_f16 (93 of 107)
882        (881 1 0 0) 1.0 (-4.7695312500 -4.7656250000) 0.003906 0.000004 8.2e-04 8.2e-04 (-4.7695312500 -4.7656250000) 9.3e-07 1.8e-06 0 1 0 0 1 0 1 bwd_weight padding_kernel_all_wrw_CHECK_RESNET50_CONFIG4_f16 (94 of 107)
205520896  (205336718 170188 13990 0) 814.0 (-0.0001642704 -0.0001157522) 0.015625 0.000000 3.0e+00 8.1e-02 (0.0010347366 0.0009508133) 1.2e-06 1.5e-06 0 1 1 0 1 0 1 fwd padding_kernel_gemmK_CHECK_RESNET50_F16_CONFIG1 (95 of 107)
205520896  (205335469 171228 14199 0) 894.0 (-0.0001050234 -0.0001583099) 0.015625 0.000000 3.1e+01 4.9e-02 (-0.0010623932 -0.0011148453) 1.4e-06 1.5e-06 0 1 1 0 1 0 1 fwd padding_kernel_gemmK_CHECK_RESNET50_F16_CONFIG2 (96 of 107)
205520896  (205338847 168489 13560 0) 867.0 (0.0001174808 0.0000658035) 0.007812 0.000000 3.3e+01 5.0e-02 (-0.0010261536 -0.0010776520) 1.4e-06 1.5e-06 0 1 1 0 1 0 1 fwd padding_kernel_gemmK_CHECK_RESNET50_F16_CONFIG4 (97 of 107)
9408       (9148 227 33 0) 33.0 (0.0229339600 0.0234375000) 0.500000 0.001451 2.2e-02 2.2e-02 (0.0229339600 0.0234375000) 2.9e-05 1.4e-05 0 1 1 0 1 0 1 bwd_weight padding_kernel_gemmN_CHECK_RESNET50_CONFIG2 (98 of 107)
9408       (9149 231 28 0) 57.0 (-0.0442810059 -0.0460205078) 0.500000 0.001905 3.9e-02 3.9e-02 (-0.0442810059 -0.0460205078) 3.4e-05 1.9e-05 0 1 1 0 1 0 1 bwd_weight padding_kernel_gemmN_CHECK_RESNET50_CONFIG4 (99 of 107)
6422528    (6401656 19027 1845 0) 563.0 (-0.0000572801 -0.0000908375) 0.031250 0.000005 2.5e+00 5.3e-02 (-0.0012998581 -0.0012311935) 4.5e-06 3.1e-06 0 0 0 0 1 0 1 fwd Resnet50_validation_nchw_CHECK_NCHW_1_f16 (100 of 107)
25690112   (25666146 22047 1919 0) 389.0 (0.0000923276 0.0000691414) 0.007812 0.000000 3.9e-01 4.7e-02 (0.0010232925 0.0009751320) 1.1e-06 1.6e-06 0 0 0 0 1 0 1 fwd Resnet50_validation_nchw_CHECK_NCHW_2_f16 (101 of 107)
147456     (146663 734 59 0) 38.0 (-0.0019283295 -0.0019645691) 0.125000 0.000040 2.9e-02 2.9e-02 (0.0022735596 0.0022087097) 5.7e-06 4.0e-06 0 0 0 0 1 0 1 bwd_weight Resnet50_validation_nchw_CHECK_NCHW_3_f16 (102 of 107)
65536      (65214 290 32 0) 105.0 (0.0006728172 0.0006227493) 0.125000 0.000041 7.4e-02 2.4e-02 (0.0017061234 0.0016651154) 6.6e-06 2.9e-06 0 0 0 0 1 0 1 bwd_weight Resnet50_validation_nchw_CHECK_NCHW_4_f16 (103 of 107)
6422528    (6404366 16683 1479 0) 692.0 (0.0000475645 0.0000888109) 0.031250 0.000004 2.0e+00 3.4e-02 (-0.0012798309 -0.0012359619) 3.7e-06 1.1e-06 0 0 0 0 1 0 1 fwd Resnet50_validation_nhwc_CHECK_NHWC_1_f16 (104 of 107)
25690112   (25659138 28334 2640 0) 898.0 (-0.0001559258 -0.0001024008) 0.007812 0.000001 1.8e+00 5.2e-02 (-0.0010528564 -0.0009984970) 1.7e-06 7.4e-07 0 0 0 0 1 0 1 fwd Resnet50_validation_nhwc_CHECK_NHWC_2_f16 (105 of 107)
147456     (146684 688 84 0) 177.0 (-0.0003571510 -0.0003149509) 0.125000 0.000042 1.2e-01 2.8e-02 (0.0016727448 0.0017194748) 5.6e-06 7.3e-08 0 0 0 0 1 0 1 bwd_weight Resnet50_validation_nhwc_CHECK_NHWC_3_f16 (106 of 107)
65536      (65136 366 34 0) 138.0 (-0.0008921623 -0.0009579659) 0.062500 0.000045 7.4e-02 1.3e-02 (0.0057487488 0.0058212280) 6.3e-06 3.8e-06 0 0 0 0 1 0 1 bwd_weight Resnet50_validation_nhwc_CHECK_NHWC_4_f16 (107 of 107)
