25690112   (25684527 5585 0 0) 1.0 (8808.0000000000 8816.0000000000) 8.000000 0.001739 9.2e-04 9.2e-04 (8656.0000000000 8664.0000000000) 1.9e-07 1.1e-05 1 0 0 0 0 1 0 fwd conv2d_harness_cpu_verifier_kyxc_nhwc_nhwk_f16_E2E_f16 (1 of 107)
802816     (802770 46 0 0) 1.0 (666.5000000000 667.0000000000) 0.500000 0.000028 9.7e-04 9.7e-04 (517.5000000000 518.0000000000) 4.8e-08 4.9e-06 0 1 1 0 1 0 1 bwd_data conv2d_host_validation_f16_bwd_CHECK_BWD_DATA1 (2 of 107)
4096       (4095 1 0 0) 1.0 (27824.0000000000 27808.0000000000) 16.000000 0.003906 5.8e-04 5.8e-04 (27824.0000000000 27808.0000000000) 1.4e-07 7.5e-06 0 1 1 0 1 0 1 bwd_weight conv2d_host_validation_f16_bwd_CHECK_BWD_WEIGHT1 (3 of 107)
147456     (147456 0 0 0) 0.0 (0.0000000000 0.0000000000) 0.000000 0.000000 0.0e+00 0.0e+00 (0.0000000000 0.0000000000) 0.0e+00 0.0e+00 0 1 1 0 1 0 1 bwd_weight conv2d_host_validation_f16_bwd_CHECK_ISSUE_127_10 (4 of 107)
294912     (294912 0 0 0) 0.0 (0.0000000000 0.0000000000) 0.000000 0.000000 0.0e+00 0.0e+00 (0.0000000000 0.0000000000) 0.0e+00 0.0e+00 0 1 1 0 1 0 1 bwd_weight conv2d_host_validation_f16_bwd_CHECK_ISSUE_127_15 (5 of 107)
589824     (589824 0 0 0) 0.0 (0.0000000000 0.0000000000) 0.000000 0.000000 0.0e+00 0.0e+00 (0.0000000000 0.0000000000) 0.0e+00 0.0e+00 0 1 1 0 1 0 1 bwd_weight conv2d_host_validation_f16_bwd_CHECK_ISSUE_127_16 (6 of 107)
1179648    (1179554 94 0 0) 1.0 (40640.0000000000 40672.0000000000) 32.000000 0.002550 7.9e-04 7.9e-04 (40640.0000000000 40672.0000000000) 5.5e-08 4.9e-06 0 1 1 0 1 0 1 bwd_weight conv2d_host_validation_f16_bwd_CHECK_ISSUE_127_17 (7 of 107)
147456     (147456 0 0 0) 0.0 (0.0000000000 0.0000000000) 0.000000 0.000000 0.0e+00 0.0e+00 (0.0000000000 0.0000000000) 0.0e+00 0.0e+00 0 1 1 0 1 0 1 bwd_weight conv2d_host_validation_f16_bwd_CHECK_ISSUE_127_18 (8 of 107)
2097152    (2096864 288 0 0) 1.0 (27696.0000000000 27712.0000000000) 16.000000 0.002197 5.8e-04 5.8e-04 (27504.0000000000 27520.0000000000) 7.8e-08 6.4e-06 0 1 1 0 1 0 1 bwd_weight conv2d_host_validation_f16_bwd_CHECK_ISSUE_127_6 (9 of 107)
262144     (262144 0 0 0) 0.0 (0.0000000000 0.0000000000) 0.000000 0.000000 0.0e+00 0.0e+00 (0.0000000000 0.0000000000) 0.0e+00 0.0e+00 0 1 1 0 1 0 1 bwd_weight conv2d_host_validation_f16_bwd_CHECK_ISSUE_127_7 (10 of 107)
147456     (147456 0 0 0) 0.0 (0.0000000000 0.0000000000) 0.000000 0.000000 0.0e+00 0.0e+00 (0.0000000000 0.0000000000) 0.0e+00 0.0e+00 0 1 1 0 1 0 1 bwd_weight conv2d_host_validation_f16_bwd_CHECK_ISSUE_127_8 (11 of 107)
147456     (147456 0 0 0) 0.0 (0.0000000000 0.0000000000) 0.000000 0.000000 0.0e+00 0.0e+00 (0.0000000000 0.0000000000) 0.0e+00 0.0e+00 0 1 1 0 1 0 1 bwd_weight conv2d_host_validation_f16_bwd_CHECK_ISSUE_127_9 (12 of 107)
1024       (1024 0 0 0) 0.0 (0.0000000000 0.0000000000) 0.000000 0.000000 0.0e+00 0.0e+00 (0.0000000000 0.0000000000) 0.0e+00 0.0e+00 0 1 1 0 1 0 1 bwd_weight conv2d_host_validation_f16_bwd_CHECK_ISSUE_70_1 (13 of 107)
65536      (65536 0 0 0) 0.0 (0.0000000000 0.0000000000) 0.000000 0.000000 0.0e+00 0.0e+00 (0.0000000000 0.0000000000) 0.0e+00 0.0e+00 0 1 1 0 1 0 1 bwd_weight conv2d_host_validation_f16_bwd_CHECK_ISSUE_70_2 (14 of 107)
4096       (4096 0 0 0) 0.0 (0.0000000000 0.0000000000) 0.000000 0.000000 0.0e+00 0.0e+00 (0.0000000000 0.0000000000) 0.0e+00 0.0e+00 0 1 1 0 1 0 1 bwd_weight conv2d_host_validation_f16_bwd_CHECK_ISSUE_70_3 (15 of 107)
1024       (1024 0 0 0) 0.0 (0.0000000000 0.0000000000) 0.000000 0.000000 0.0e+00 0.0e+00 (0.0000000000 0.0000000000) 0.0e+00 0.0e+00 0 1 1 0 1 0 1 bwd_weight conv2d_host_validation_f16_bwd_CHECK_ISSUE_71_1 (16 of 107)
1024       (1024 0 0 0) 0.0 (0.0000000000 0.0000000000) 0.000000 0.000000 0.0e+00 0.0e+00 (0.0000000000 0.0000000000) 0.0e+00 0.0e+00 0 1 1 0 1 0 1 bwd_weight conv2d_host_validation_f16_bwd_CHECK_ISSUE_71_2 (17 of 107)
1024       (1024 0 0 0) 0.0 (0.0000000000 0.0000000000) 0.000000 0.000000 0.0e+00 0.0e+00 (0.0000000000 0.0000000000) 0.0e+00 0.0e+00 0 1 1 0 1 0 1 bwd_weight conv2d_host_validation_f16_bwd_CHECK_ISSUE_71_3 (18 of 107)
1024       (1024 0 0 0) 0.0 (0.0000000000 0.0000000000) 0.000000 0.000000 0.0e+00 0.0e+00 (0.0000000000 0.0000000000) 0.0e+00 0.0e+00 0 1 1 0 1 0 1 bwd_weight conv2d_host_validation_f16_bwd_CHECK_ISSUE_71_4 (19 of 107)
12845056   (12843196 1860 0 0) 1.0 (2712.0000000000 2710.0000000000) 2.000000 0.000247 9.4e-04 9.4e-04 (1064.0000000000 1063.0000000000) 1.0e-07 6.9e-06 0 0 0 0 0 1 0 fwd conv2d_host_validation_f16_CHECK_RESNET101_NCHW_CONFIG1_FWD_f16 (20 of 107)
12845056   (12843187 1869 0 0) 1.0 (1801.0000000000 1802.0000000000) 2.000000 0.000212 9.6e-04 9.6e-04 (1041.0000000000 1040.0000000000) 9.9e-08 6.1e-06 0 0 0 0 0 1 0 fwd conv2d_host_validation_f16_CHECK_RESNET101_NCHW_CONFIG2_FWD_f16 (21 of 107)
25690112   (25687245 2867 0 0) 1.0 (2222.0000000000 2220.0000000000) 2.000000 0.000223 9.8e-04 9.8e-04 (2048.0000000000 2050.0000000000) 9.7e-08 7.7e-06 0 0 0 0 0 1 0 bwd_data conv2d_host_validation_f16_CHECK_RESNET101_NCHW_CONFIG8_BWD_f16 (22 of 107)
102760448  (102754676 5772 0 0) 1.0 (592.0000000000 592.5000000000) 0.500000 0.000027 9.8e-04 9.8e-04 (512.0000000000 512.5000000000) 4.7e-08 4.5e-06 0 0 0 0 0 1 0 fwd conv2d_host_validation_f16_CHECK_RESNET101_NCHW_CONFIG8_FWD_f16 (23 of 107)
16384      (16384 0 0 0) 0.0 (0.0000000000 0.0000000000) 0.000000 0.000000 0.0e+00 0.0e+00 (0.0000000000 0.0000000000) 0.0e+00 0.0e+00 0 0 0 0 0 1 0 bwd_weight conv2d_host_validation_f16_CHECK_RESNET101_NCHW_CONFIG8_WRW_f16 (24 of 107)
12845056   (12843294 1762 0 0) 1.0 (2486.0000000000 2488.0000000000) 2.000000 0.000237 9.4e-04 9.4e-04 (1067.0000000000 1068.0000000000) 9.9e-08 6.8e-06 0 0 0 0 0 1 0 fwd conv2d_host_validation_f16_CHECK_RESNET101_NHWC_CONFIG1_FWD_f16 (25 of 107)
12845056   (12843472 1584 0 0) 1.0 (1690.0000000000 1691.0000000000) 2.000000 0.000188 9.7e-04 9.7e-04 (1031.0000000000 1032.0000000000) 8.5e-08 5.9e-06 0 0 0 0 0 1 0 fwd conv2d_host_validation_f16_CHECK_RESNET101_NHWC_CONFIG2_FWD_f16 (26 of 107)
25690112   (25687363 2749 0 0) 1.0 (2410.0000000000 2408.0000000000) 2.000000 0.000214 9.7e-04 9.7e-04 (2058.0000000000 2056.0000000000) 9.3e-08 7.6e-06 0 0 0 0 0 1 0 bwd_data conv2d_host_validation_f16_CHECK_RESNET101_NHWC_CONFIG8_BWD_f16 (27 of 107)
102760448  (102754731 5717 0 0) 1.0 (611.0000000000 610.5000000000) 0.500000 0.000027 9.8e-04 9.8e-04 (512.0000000000 512.5000000000) 4.6e-08 4.4e-06 0 0 0 0 0 1 0 fwd conv2d_host_validation_f16_CHECK_RESNET101_NHWC_CONFIG8_FWD_f16 (28 of 107)
16384      (16384 0 0 0) 0.0 (0.0000000000 0.0000000000) 0.000000 0.000000 0.0e+00 0.0e+00 (0.0000000000 0.0000000000) 0.0e+00 0.0e+00 0 0 0 0 0 1 0 bwd_weight conv2d_host_validation_f16_CHECK_RESNET101_NHWC_CONFIG8_WRW_f16 (29 of 107)
4194304    (4194304 0 0 0) 0.0 (0.0000000000 0.0000000000) 0.000000 0.000000 0.0e+00 0.0e+00 (0.0000000000 0.0000000000) 0.0e+00 0.0e+00 0 1 1 0 1 0 1 fwd conv2d_host_validation_f16_fwd_CHECK_FILTER1_f16 (30 of 107)
4194304    (4194303 1 0 0) 1.0 (36.5625000000 36.5312500000) 0.031250 0.000000 8.5e-04 8.5e-04 (36.5625000000 36.5312500000) 2.0e-10 1.9e-07 0 1 1 0 1 0 1 fwd conv2d_host_validation_f16_fwd_CHECK_FILTER2_f16 (31 of 107)
16777216   (16777071 145 0 0) 1.0 (59.6875000000 59.7187500000) 0.062500 0.000000 9.7e-04 9.7e-04 (64.1875000000 64.2500000000) 6.4e-09 1.1e-06 0 1 1 0 1 0 1 fwd conv2d_host_validation_f16_fwd_CHECK_ISSUE_114_1_f16 (32 of 107)
16777216   (16777052 164 0 0) 1.0 (68.6875000000 68.7500000000) 0.062500 0.000001 9.8e-04 9.8e-04 (64.0625000000 64.1250000000) 7.3e-09 1.1e-06 0 1 1 0 1 0 1 fwd conv2d_host_validation_f16_fwd_CHECK_ISSUE_114_2_f16 (33 of 107)
4194304    (4194263 41 0 0) 1.0 (80.9375000000 80.8750000000) 0.062500 0.000001 9.2e-04 9.2e-04 (68.1875000000 68.1250000000) 7.2e-09 1.2e-06 0 1 1 0 1 0 1 fwd conv2d_host_validation_f16_fwd_CHECK_ISSUE_114_3_f16 (34 of 107)
4194304    (4194269 35 0 0) 1.0 (68.4375000000 68.5000000000) 0.062500 0.000000 9.7e-04 9.7e-04 (64.3125000000 64.3750000000) 6.3e-09 1.1e-06 0 1 1 0 1 0 1 fwd conv2d_host_validation_f16_fwd_CHECK_ISSUE_114_4_f16 (35 of 107)
16777216   (16777066 150 0 0) 1.0 (56.7187500000 56.6875000000) 0.062500 0.000000 9.7e-04 9.7e-04 (64.3750000000 64.4375000000) 6.6e-09 1.1e-06 0 1 1 0 1 0 1 fwd conv2d_host_validation_f16_fwd_CHECK_ISSUE_114_5_f16 (36 of 107)
16777216   (16777057 159 0 0) 1.0 (74.9375000000 74.8750000000) 0.062500 0.000001 9.8e-04 9.8e-04 (64.0625000000 64.1250000000) 6.9e-09 1.1e-06 0 1 1 0 1 0 1 fwd conv2d_host_validation_f16_fwd_CHECK_ISSUE_114_6_f16 (37 of 107)
4194304    (4194275 29 0 0) 1.0 (60.6875000000 60.7187500000) 0.062500 0.000000 9.4e-04 9.4e-04 (66.6875000000 66.6250000000) 4.9e-09 9.1e-07 0 1 1 0 1 0 1 fwd conv2d_host_validation_f16_fwd_CHECK_ISSUE_114_7_f16 (38 of 107)
4194304    (4194259 45 0 0) 1.0 (61.9375000000 61.9062500000) 0.062500 0.000001 9.6e-04 9.6e-04 (64.8125000000 64.7500000000) 7.8e-09 1.2e-06 0 1 1 0 1 0 1 fwd conv2d_host_validation_f16_fwd_CHECK_ISSUE_114_8_f16 (39 of 107)
12845056   (12840057 4999 0 0) 1.0 (13888.0000000000 13880.0000000000) 16.000000 0.005816 9.0e-04 9.0e-04 (8888.0000000000 8896.0000000000) 2.9e-07 1.3e-05 0 1 1 0 1 0 1 fwd conv2d_host_validation_f16_fwd_CHECK_ISSUE_127_11_f16 (40 of 107)
12845056   (12840268 4788 0 0) 1.0 (13936.0000000000 13944.0000000000) 16.000000 0.005190 9.0e-04 9.0e-04 (8856.0000000000 8848.0000000000) 2.7e-07 1.2e-05 0 1 1 0 1 0 1 fwd conv2d_host_validation_f16_fwd_CHECK_ISSUE_127_12_f16 (41 of 107)
12845056   (12840286 4770 0 0) 1.0 (13744.0000000000 13752.0000000000) 16.000000 0.004504 9.1e-04 9.1e-04 (8760.0000000000 8768.0000000000) 2.6e-07 1.1e-05 0 1 1 0 1 0 1 fwd conv2d_host_validation_f16_fwd_CHECK_ISSUE_127_13_f16 (42 of 107)
12845056   (12840114 4942 0 0) 1.0 (14144.0000000000 14136.0000000000) 16.000000 0.005932 8.8e-04 8.8e-04 (9080.0000000000 9072.0000000000) 2.9e-07 1.4e-05 0 1 1 0 1 0 1 fwd conv2d_host_validation_f16_fwd_CHECK_ISSUE_127_14_f16 (43 of 107)
12845056   (12840021 5035 0 0) 1.0 (20448.0000000000 20432.0000000000) 16.000000 0.006272 8.0e-04 8.0e-04 (19968.0000000000 19952.0000000000) 3.0e-07 1.4e-05 0 1 1 0 1 0 1 fwd conv2d_host_validation_f16_fwd_CHECK_ISSUE_127_1_f16 (44 of 107)
6422528    (6419036 3492 0 0) 1.0 (41216.0000000000 41248.0000000000) 32.000000 0.017399 7.9e-04 7.9e-04 (40320.0000000000 40352.0000000000) 4.2e-07 1.7e-05 0 1 1 0 1 0 1 fwd conv2d_host_validation_f16_fwd_CHECK_ISSUE_127_2_f16 (45 of 107)
25690112   (25683118 6994 0 0) 1.0 (10368.0000000000 10376.0000000000) 8.000000 0.002178 8.2e-04 8.2e-04 (9712.0000000000 9704.0000000000) 2.1e-07 1.2e-05 0 1 1 0 1 0 1 fwd conv2d_host_validation_f16_fwd_CHECK_ISSUE_127_3_f16 (46 of 107)
12845056   (12840257 4799 0 0) 1.0 (20736.0000000000 20720.0000000000) 16.000000 0.005978 8.0e-04 8.0e-04 (19936.0000000000 19952.0000000000) 2.9e-07 1.4e-05 0 1 1 0 1 0 1 fwd conv2d_host_validation_f16_fwd_CHECK_ISSUE_127_4_f16 (47 of 107)
12845056   (12839979 5077 0 0) 1.0 (14160.0000000000 14152.0000000000) 16.000000 0.005336 9.1e-04 9.1e-04 (8784.0000000000 8792.0000000000) 2.8e-07 1.3e-05 0 1 1 0 1 0 1 fwd conv2d_host_validation_f16_fwd_CHECK_ISSUE_127_5_f16 (48 of 107)
7372800    (7372345 455 0 0) 1.0 (650.5000000000 650.0000000000) 0.500000 0.000031 9.6e-04 9.6e-04 (522.0000000000 521.5000000000) 4.8e-08 4.5e-06 0 1 1 0 1 0 1 fwd conv2d_host_validation_f16_fwd_CHECK_ISSUE_40_1_f16 (49 of 107)
3440640    (3440343 297 0 0) 1.0 (1265.0000000000 1266.0000000000) 1.000000 0.000086 8.8e-04 8.8e-04 (1133.0000000000 1134.0000000000) 6.7e-08 5.9e-06 0 1 1 0 1 0 1 fwd conv2d_host_validation_f16_fwd_CHECK_ISSUE_40_2_f16 (50 of 107)
6422528    (6421226 1302 0 0) 1.0 (3642.0000000000 3644.0000000000) 2.000000 0.000405 6.1e-04 6.1e-04 (3282.0000000000 3284.0000000000) 1.1e-07 7.1e-06 0 1 1 0 1 0 1 fwd conv2d_host_validation_f16_fwd_CHECK_ISSUE_40_3_f16 (51 of 107)
14745600   (14743618 1982 0 0) 1.0 (1733.0000000000 1732.0000000000) 1.000000 0.000134 9.3e-04 9.3e-04 (1074.0000000000 1073.0000000000) 7.7e-08 5.4e-06 0 1 1 0 1 0 1 fwd conv2d_host_validation_f16_fwd_CHECK_ISSUE_40_4_f16 (52 of 107)
6881280    (6880781 499 0 0) 1.0 (1110.0000000000 1109.0000000000) 1.000000 0.000065 9.7e-04 9.7e-04 (1026.0000000000 1025.0000000000) 6.0e-08 5.8e-06 0 1 0 0 0 0 1 fwd conv2d_host_validation_f16_fwd_CHECK_ISSUE_40_5_f16 (53 of 107)
1048576    (1048428 148 0 0) 1.0 (1761.0000000000 1762.0000000000) 1.000000 0.000141 6.3e-04 6.3e-04 (1597.0000000000 1598.0000000000) 7.8e-08 5.6e-06 0 1 1 0 1 0 1 fwd conv2d_host_validation_f16_fwd_CHECK_ISSUE_41_10_f16 (54 of 107)
12845056   (12844218 838 0 0) 1.0 (637.5000000000 638.0000000000) 0.500000 0.000033 9.5e-04 9.5e-04 (529.0000000000 528.5000000000) 5.0e-08 4.5e-06 0 1 1 0 1 0 1 fwd conv2d_host_validation_f16_fwd_CHECK_ISSUE_41_11_f16 (55 of 107)
9437184    (9435872 1312 0 0) 1.0 (1850.0000000000 1851.0000000000) 1.000000 0.000139 6.4e-04 6.4e-04 (1560.0000000000 1559.0000000000) 7.8e-08 5.5e-06 0 1 1 0 1 0 1 fwd conv2d_host_validation_f16_fwd_CHECK_ISSUE_41_12_f16 (56 of 107)
921600     (921527 73 0 0) 1.0 (669.0000000000 669.5000000000) 0.500000 0.000040 9.1e-04 9.1e-04 (546.5000000000 547.0000000000) 6.1e-08 5.4e-06 0 1 1 0 1 0 1 fwd conv2d_host_validation_f16_fwd_CHECK_ISSUE_41_2_f16 (57 of 107)
1605632    (1605516 116 0 0) 1.0 (571.0000000000 570.5000000000) 0.500000 0.000036 9.0e-04 9.0e-04 (558.0000000000 558.5000000000) 5.5e-08 4.9e-06 0 1 1 0 1 0 1 fwd conv2d_host_validation_f16_fwd_CHECK_ISSUE_41_3_f16 (58 of 107)
200704     (200693 11 0 0) 1.0 (586.5000000000 587.0000000000) 0.500000 0.000027 8.6e-04 8.6e-04 (579.0000000000 579.5000000000) 4.4e-08 4.4e-06 0 1 1 0 1 0 1 fwd conv2d_host_validation_f16_fwd_CHECK_ISSUE_41_4_f16 (59 of 107)
1605632    (1605466 166 0 0) 1.0 (1356.0000000000 1357.0000000000) 1.000000 0.000103 8.7e-04 8.7e-04 (1144.0000000000 1145.0000000000) 7.9e-08 6.4e-06 0 1 1 0 1 0 1 fwd conv2d_host_validation_f16_fwd_CHECK_ISSUE_41_5_f16 (60 of 107)
802816     (802761 55 0 0) 1.0 (651.5000000000 651.0000000000) 0.500000 0.000034 8.7e-04 8.7e-04 (572.0000000000 572.5000000000) 5.3e-08 5.0e-06 0 1 1 0 1 0 1 fwd conv2d_host_validation_f16_fwd_CHECK_ISSUE_41_6_f16 (61 of 107)
4194304    (4194041 263 0 0) 1.0 (442.7500000000 443.0000000000) 0.500000 0.000028 9.4e-04 9.4e-04 (530.5000000000 531.0000000000) 4.6e-08 4.0e-06 0 1 1 0 1 0 1 fwd conv2d_host_validation_f16_fwd_CHECK_ISSUE_41_7_f16 (62 of 107)
3211264    (3210856 408 0 0) 1.0 (1811.0000000000 1812.0000000000) 1.000000 0.000127 9.2e-04 9.2e-04 (1087.0000000000 1086.0000000000) 7.5e-08 5.3e-06 0 1 1 0 1 0 1 fwd conv2d_host_validation_f16_fwd_CHECK_ISSUE_41_8_f16 (63 of 107)
2359296    (2359151 145 0 0) 1.0 (633.5000000000 634.0000000000) 0.500000 0.000031 9.2e-04 9.2e-04 (541.5000000000 541.0000000000) 4.8e-08 4.2e-06 0 1 1 0 1 0 1 fwd conv2d_host_validation_f16_fwd_CHECK_ISSUE_41_9_f16 (64 of 107)
25690112   (25684529 5583 0 0) 1.0 (9184.0000000000 9192.0000000000) 8.000000 0.001739 9.3e-04 9.3e-04 (8632.0000000000 8624.0000000000) 1.9e-07 1.2e-05 0 1 1 0 1 0 1 fwd conv2d_host_validation_f16_fwd_CHECK_KCYX_NCHW_NKHW1_f16 (65 of 107)
3686400    (3686235 165 0 0) 1.0 (319.7500000000 319.5000000000) 0.250000 0.000011 9.5e-04 9.5e-04 (263.2500000000 263.0000000000) 3.5e-08 3.5e-06 0 1 1 0 1 0 1 fwd conv2d_host_validation_f16_fwd_CHECK_KCYX_NCHW_NKHW2_f16 (66 of 107)
409600     (409584 16 0 0) 1.0 (328.7500000000 329.0000000000) 0.250000 0.000010 8.5e-04 8.5e-04 (294.0000000000 294.2500000000) 2.9e-08 3.4e-06 0 1 1 0 1 0 1 fwd conv2d_host_validation_f16_fwd_CHECK_KCYX_NCHW_NKHW3_f16 (67 of 107)
147456     (147450 6 0 0) 1.0 (348.2500000000 348.0000000000) 0.250000 0.000010 8.4e-04 8.4e-04 (296.2500000000 296.5000000000) 2.9e-08 3.4e-06 0 1 1 0 1 0 1 fwd conv2d_host_validation_f16_fwd_CHECK_KCYX_NCHW_NKHW4_f16 (68 of 107)
102400     (102394 6 0 0) 1.0 (308.0000000000 308.2500000000) 0.250000 0.000013 9.8e-04 9.8e-04 (256.2500000000 256.5000000000) 4.7e-08 3.9e-06 0 1 1 0 1 0 1 fwd conv2d_host_validation_f16_fwd_CHECK_KCYX_NCHW_NKHW5_f16 (69 of 107)
15745024   (15744361 663 0 0) 1.0 (313.0000000000 312.7500000000) 0.250000 0.000009 9.7e-04 9.7e-04 (256.5000000000 256.7500000000) 3.3e-08 3.4e-06 0 1 1 0 1 0 1 fwd conv2d_host_validation_f16_fwd_CHECK_KCYX_NCHW_NKHW6_f16 (70 of 107)
13778944   (13777908 1036 0 0) 1.0 (1141.0000000000 1140.0000000000) 1.000000 0.000075 9.7e-04 9.7e-04 (1026.0000000000 1027.0000000000) 6.5e-08 5.9e-06 0 1 1 0 1 0 1 fwd conv2d_host_validation_f16_fwd_CHECK_KCYX_NCHW_NKHW7_f16 (71 of 107)
25690112   (25684509 5603 0 0) 1.0 (9440.0000000000 9448.0000000000) 8.000000 0.001745 9.3e-04 9.3e-04 (8616.0000000000 8608.0000000000) 1.9e-07 1.0e-05 0 1 1 0 1 0 1 fwd conv2d_host_validation_f16_fwd_CHECK_KYXC_NHWC_NHWK1_f16 (72 of 107)
3686400    (3686230 170 0 0) 1.0 (285.7500000000 286.0000000000) 0.250000 0.000011 9.6e-04 9.6e-04 (261.0000000000 261.2500000000) 3.5e-08 3.5e-06 0 1 1 0 1 0 1 fwd conv2d_host_validation_f16_fwd_CHECK_KYXC_NHWC_NHWK2_f16 (73 of 107)
409600     (409580 20 0 0) 1.0 (291.7500000000 292.0000000000) 0.250000 0.000012 9.4e-04 9.4e-04 (267.0000000000 267.2500000000) 3.8e-08 3.6e-06 0 1 1 0 1 0 1 fwd conv2d_host_validation_f16_fwd_CHECK_KYXC_NHWC_NHWK3_f16 (74 of 107)
147456     (147450 6 0 0) 1.0 (377.7500000000 378.0000000000) 0.250000 0.000010 8.2e-04 8.2e-04 (305.2500000000 305.5000000000) 3.1e-08 3.5e-06 0 1 1 0 1 0 1 fwd conv2d_host_validation_f16_fwd_CHECK_KYXC_NHWC_NHWK4_f16 (75 of 107)
102400     (102394 6 0 0) 1.0 (363.2500000000 363.5000000000) 0.250000 0.000015 7.7e-04 7.7e-04 (325.7500000000 325.5000000000) 4.1e-08 4.3e-06 0 1 1 0 1 0 1 fwd conv2d_host_validation_f16_fwd_CHECK_KYXC_NHWC_NHWK5_f16 (76 of 107)
15745024   (15744333 691 0 0) 1.0 (250.0000000000 249.8750000000) 0.250000 0.000010 9.8e-04 9.8e-04 (256.0000000000 256.2500000000) 3.4e-08 3.4e-06 0 1 1 0 1 0 1 fwd conv2d_host_validation_f16_fwd_CHECK_KYXC_NHWC_NHWK6_f16 (77 of 107)
13778944   (13777882 1062 0 0) 1.0 (1063.0000000000 1062.0000000000) 1.000000 0.000076 9.8e-04 9.8e-04 (1024.0000000000 1025.0000000000) 6.6e-08 6.1e-06 0 1 1 0 1 0 1 fwd conv2d_host_validation_f16_fwd_CHECK_KYXC_NHWC_NHWK7_f16 (78 of 107)
802816     (802769 47 0 0) 1.0 (383.2500000000 383.0000000000) 0.250000 0.000013 8.7e-04 8.7e-04 (288.0000000000 287.7500000000) 4.2e-08 3.7e-06 0 1 1 0 1 0 1 fwd conv2d_host_validation_f16_fwd_CHECK_PADDING1_f16 (79 of 107)
802816     (802776 40 0 0) 1.0 (315.0000000000 315.2500000000) 0.250000 0.000009 9.0e-04 9.0e-04 (279.2500000000 279.5000000000) 3.4e-08 3.1e-06 0 1 1 0 1 0 1 fwd conv2d_host_validation_f16_fwd_CHECK_PADDING2_f16 (80 of 107)
2048       (2048 0 0 0) 0.0 (0.0000000000 0.0000000000) 0.000000 0.000000 0.0e+00 0.0e+00 (0.0000000000 0.0000000000) 0.0e+00 0.0e+00 0 1 1 0 1 0 1 fwd conv2d_host_validation_f16_fwd_CHECK_PADDING3_f16 (81 of 107)
205520896  (205509407 11489 0 0) 1.0 (611.0000000000 611.5000000000) 0.500000 0.000027 9.8e-04 9.8e-04 (512.0000000000 512.5000000000) 4.6e-08 4.5e-06 0 1 0 0 1 0 1 fwd conv2d_host_validation_f32_fwd_GROUP_NCHW_f16 (82 of 107)
51380224   (51377397 2827 0 0) 1.0 (675.5000000000 676.0000000000) 0.500000 0.000027 9.8e-04 9.8e-04 (512.5000000000 513.0000000000) 4.6e-08 4.5e-06 1 0 0 0 0 1 0 fwd conv2d_host_validation_random_CHECK_KCYX_NCHW_NKHW_5_f16 (83 of 107)
51380224   (51377433 2791 0 0) 1.0 (606.5000000000 607.0000000000) 0.500000 0.000026 9.8e-04 9.8e-04 (512.0000000000 512.5000000000) 4.5e-08 4.5e-06 1 0 0 0 0 1 0 fwd conv2d_host_validation_random_CHECK_KCYX_NCHW_NKHW_6_f16 (84 of 107)
47775744   (47766453 9291 0 0) 1.0 (5284.0000000000 5288.0000000000) 4.000000 0.000778 8.4e-04 8.4e-04 (4736.0000000000 4740.0000000000) 1.5e-07 9.3e-06 1 0 0 0 0 1 0 fwd conv2d_host_validation_random_CHECK_KCYX_NCHW_NKHW_7_f16 (85 of 107)
51380224   (51370233 9991 0 0) 1.0 (5036.0000000000 5040.0000000000) 4.000000 0.000745 9.3e-04 9.3e-04 (2160.0000000000 2162.0000000000) 1.5e-07 9.2e-06 1 0 0 0 0 1 0 fwd conv2d_host_validation_random_CHECK_KCYX_NCHW_NKHW_8_f16 (86 of 107)
16777216   (16777038 178 0 0) 1.0 (87.1875000000 87.2500000000) 0.062500 0.000001 9.7e-04 9.7e-04 (64.4375000000 64.3750000000) 7.6e-09 1.2e-06 1 0 0 0 0 1 0 fwd conv2d_host_validation_random_CHECK_KYXC_NHWC_NHWK_4_f16 (87 of 107)
16777216   (16777035 181 0 0) 1.0 (56.7500000000 56.7187500000) 0.062500 0.000001 9.8e-04 9.8e-04 (64.0625000000 64.0000000000) 7.9e-09 1.2e-06 1 0 0 0 0 1 0 fwd conv2d_host_validation_random_CHECK_KYXC_NHWC_NHWK_5_f16 (88 of 107)
25690112   (25684575 5537 0 0) 1.0 (9152.0000000000 9160.0000000000) 8.000000 0.001724 9.3e-04 9.3e-04 (8568.0000000000 8576.0000000000) 1.9e-07 1.2e-05 1 0 1 0 0 1 0 fwd conv2d_host_validation_random_CHECK_RAND_FLOAT_2_f16 (89 of 107)
205520896  (205509773 11123 0 0) 1.0 (620.5000000000 620.0000000000) 0.500000 0.000026 9.8e-04 9.8e-04 (512.0000000000 512.5000000000) 4.5e-08 4.4e-06 1 0 0 0 0 1 0 fwd conv2d_host_validation_random_GROUP_NHWC_f16 (90 of 107)
30720      (30717 3 0 0) 1.0 (1294.0000000000 1295.0000000000) 1.000000 0.000098 8.3e-04 8.3e-04 (1209.0000000000 1210.0000000000) 7.6e-08 6.6e-06 0 1 0 0 1 0 1 fwd padding_kernel_all_fwd_CHECK_RESNET50_CONFIG2_f16 (91 of 107)
30720      (30718 2 0 0) 1.0 (1149.0000000000 1148.0000000000) 1.000000 0.000065 9.4e-04 9.4e-04 (1059.0000000000 1058.0000000000) 5.9e-08 5.1e-06 0 1 0 0 1 0 1 fwd padding_kernel_all_fwd_CHECK_RESNET50_CONFIG4_f16 (92 of 107)
882        (882 0 0 0) 0.0 (0.0000000000 0.0000000000) 0.000000 0.000000 0.0e+00 0.0e+00 (0.0000000000 0.0000000000) 0.0e+00 0.0e+00 0 1 0 0 1 0 1 bwd_weight padding_kernel_all_wrw_CHECK_RESNET50_CONFIG2_f16 (93 of 107)
882        (882 0 0 0) 0.0 (0.0000000000 0.0000000000) 0.000000 0.000000 0.0e+00 0.0e+00 (0.0000000000 0.0000000000) 0.0e+00 0.0e+00 0 1 0 0 1 0 1 bwd_weight padding_kernel_all_wrw_CHECK_RESNET50_CONFIG4_f16 (94 of 107)
205520896  (205500812 20084 0 0) 1.0 (1305.0000000000 1304.0000000000) 1.000000 0.000096 9.8e-04 9.8e-04 (1025.0000000000 1024.0000000000) 7.4e-08 5.7e-06 0 1 1 0 1 0 1 fwd padding_kernel_gemmK_CHECK_RESNET50_F16_CONFIG1 (95 of 107)
205520896  (205500958 19938 0 0) 1.0 (1344.0000000000 1343.0000000000) 1.000000 0.000097 9.3e-04 9.3e-04 (1072.0000000000 1073.0000000000) 7.3e-08 5.9e-06 0 1 1 0 1 0 1 fwd padding_kernel_gemmK_CHECK_RESNET50_F16_CONFIG2 (96 of 107)
205520896  (205500608 20288 0 0) 1.0 (1348.0000000000 1349.0000000000) 1.000000 0.000099 9.1e-04 9.1e-04 (1101.0000000000 1102.0000000000) 7.5e-08 6.0e-06 0 1 1 0 1 0 1 fwd padding_kernel_gemmK_CHECK_RESNET50_F16_CONFIG4 (97 of 107)
9408       (9408 0 0 0) 0.0 (0.0000000000 0.0000000000) 0.000000 0.000000 0.0e+00 0.0e+00 (0.0000000000 0.0000000000) 0.0e+00 0.0e+00 0 1 1 0 1 0 1 bwd_weight padding_kernel_gemmN_CHECK_RESNET50_CONFIG2 (98 of 107)
9408       (9408 0 0 0) 0.0 (0.0000000000 0.0000000000) 0.000000 0.000000 0.0e+00 0.0e+00 (0.0000000000 0.0000000000) 0.0e+00 0.0e+00 0 1 1 0 1 0 1 bwd_weight padding_kernel_gemmN_CHECK_RESNET50_CONFIG4 (99 of 107)
6422528    (6420713 1815 0 0) 1.0 (6792.0000000000 6788.0000000000) 8.000000 0.002078 9.2e-04 9.2e-04 (4368.0000000000 4372.0000000000) 2.1e-07 1.1e-05 0 0 0 0 1 0 1 fwd Resnet50_validation_nchw_CHECK_NCHW_1_f16 (100 of 107)
25690112   (25688149 1963 0 0) 1.0 (1217.0000000000 1218.0000000000) 1.000000 0.000076 9.7e-04 9.7e-04 (1028.0000000000 1029.0000000000) 6.6e-08 5.9e-06 0 0 0 0 1 0 1 fwd Resnet50_validation_nchw_CHECK_NCHW_2_f16 (101 of 107)
147456     (147456 0 0 0) 0.0 (0.0000000000 0.0000000000) 0.000000 0.000000 0.0e+00 0.0e+00 (0.0000000000 0.0000000000) 0.0e+00 0.0e+00 0 0 0 0 1 0 1 bwd_weight Resnet50_validation_nchw_CHECK_NCHW_3_f16 (102 of 107)
65536      (65536 0 0 0) 0.0 (0.0000000000 0.0000000000) 0.000000 0.000000 0.0e+00 0.0e+00 (0.0000000000 0.0000000000) 0.0e+00 0.0e+00 0 0 0 0 1 0 1 bwd_weight Resnet50_validation_nchw_CHECK_NCHW_4_f16 (103 of 107)
6422528    (6420800 1728 0 0) 1.0 (6852.0000000000 6848.0000000000) 8.000000 0.002014 9.0e-04 9.0e-04 (4452.0000000000 4448.0000000000) 2.0e-07 1.1e-05 0 0 0 0 1 0 1 fwd Resnet50_validation_nhwc_CHECK_NHWC_1_f16 (104 of 107)
25690112   (25688154 1958 0 0) 1.0 (1281.0000000000 1280.0000000000) 1.000000 0.000075 9.7e-04 9.7e-04 (1026.0000000000 1025.0000000000) 6.5e-08 5.4e-06 0 0 0 0 1 0 1 fwd Resnet50_validation_nhwc_CHECK_NHWC_2_f16 (105 of 107)
147456     (147456 0 0 0) 0.0 (0.0000000000 0.0000000000) 0.000000 0.000000 0.0e+00 0.0e+00 (0.0000000000 0.0000000000) 0.0e+00 0.0e+00 0 0 0 0 1 0 1 bwd_weight Resnet50_validation_nhwc_CHECK_NHWC_3_f16 (106 of 107)
65536      (65536 0 0 0) 0.0 (0.0000000000 0.0000000000) 0.000000 0.000000 0.0e+00 0.0e+00 (0.0000000000 0.0000000000) 0.0e+00 0.0e+00 0 0 0 0 1 0 1 bwd_weight Resnet50_validation_nhwc_CHECK_NHWC_4_f16 (107 of 107)
