25690112   (25677486 12626 0 0) 1.0 (9440.0000000000 9448.0000000000) 8.000000 0.003932 9.3e-04 9.3e-04 (8560.0000000000 8552.0000000000) 4.3e-07 1.6e-05 1 0 0 0 0 1 0 fwd conv2d_harness_cpu_verifier_kyxc_nhwc_nhwk_f16_E2E_f16 (1 of 107)
802816     (802725 91 0 0) 1.0 (604.0000000000 604.5000000000) 0.500000 0.000054 9.7e-04 9.7e-04 (513.0000000000 512.5000000000) 9.3e-08 6.7e-06 0 1 1 0 1 0 1 bwd_data conv2d_host_validation_f16_bwd_CHECK_BWD_DATA1 (2 of 107)
4096       (4094 2 0 0) 1.0 (28112.0000000000 28128.0000000000) 16.000000 0.007812 5.7e-04 5.7e-04 (28112.0000000000 28128.0000000000) 2.8e-07 1.1e-05 0 1 1 0 1 0 1 bwd_weight conv2d_host_validation_f16_bwd_CHECK_BWD_WEIGHT1 (3 of 107)
147456     (147456 0 0 0) 0.0 (0.0000000000 0.0000000000) 0.000000 0.000000 0.0e+00 0.0e+00 (0.0000000000 0.0000000000) 0.0e+00 0.0e+00 0 1 1 0 1 0 1 bwd_weight conv2d_host_validation_f16_bwd_CHECK_ISSUE_127_10 (4 of 107)
294912     (294912 0 0 0) 0.0 (0.0000000000 0.0000000000) 0.000000 0.000000 0.0e+00 0.0e+00 (0.0000000000 0.0000000000) 0.0e+00 0.0e+00 0 1 1 0 1 0 1 bwd_weight conv2d_host_validation_f16_bwd_CHECK_ISSUE_127_15 (5 of 107)
589824     (589824 0 0 0) 0.0 (0.0000000000 0.0000000000) 0.000000 0.000000 0.0e+00 0.0e+00 (0.0000000000 0.0000000000) 0.0e+00 0.0e+00 0 1 1 0 1 0 1 bwd_weight conv2d_host_validation_f16_bwd_CHECK_ISSUE_127_16 (6 of 107)
1179648    (1178171 1477 0 0) 1.0 (41632.0000000000 41600.0000000000) 32.000000 0.040066 7.9e-04 7.9e-04 (40512.0000000000 40480.0000000000) 8.7e-07 2.0e-05 0 1 1 0 1 0 1 bwd_weight conv2d_host_validation_f16_bwd_CHECK_ISSUE_127_17 (7 of 107)
147456     (147456 0 0 0) 0.0 (0.0000000000 0.0000000000) 0.000000 0.000000 0.0e+00 0.0e+00 (0.0000000000 0.0000000000) 0.0e+00 0.0e+00 0 1 1 0 1 0 1 bwd_weight conv2d_host_validation_f16_bwd_CHECK_ISSUE_127_18 (8 of 107)
2097152    (2094760 2392 0 0) 1.0 (27984.0000000000 27968.0000000000) 16.000000 0.018250 5.9e-04 5.9e-04 (27328.0000000000 27344.0000000000) 6.5e-07 1.8e-05 0 1 1 0 1 0 1 bwd_weight conv2d_host_validation_f16_bwd_CHECK_ISSUE_127_6 (9 of 107)
262144     (262144 0 0 0) 0.0 (0.0000000000 0.0000000000) 0.000000 0.000000 0.0e+00 0.0e+00 (0.0000000000 0.0000000000) 0.0e+00 0.0e+00 0 1 1 0 1 0 1 bwd_weight conv2d_host_validation_f16_bwd_CHECK_ISSUE_127_7 (10 of 107)
147456     (147456 0 0 0) 0.0 (0.0000000000 0.0000000000) 0.000000 0.000000 0.0e+00 0.0e+00 (0.0000000000 0.0000000000) 0.0e+00 0.0e+00 0 1 1 0 1 0 1 bwd_weight conv2d_host_validation_f16_bwd_CHECK_ISSUE_127_8 (11 of 107)
147456     (147456 0 0 0) 0.0 (0.0000000000 0.0000000000) 0.000000 0.000000 0.0e+00 0.0e+00 (0.0000000000 0.0000000000) 0.0e+00 0.0e+00 0 1 1 0 1 0 1 bwd_weight conv2d_host_validation_f16_bwd_CHECK_ISSUE_127_9 (12 of 107)
1024       (1023 1 0 0) 1.0 (28128.0000000000 28112.0000000000) 16.000000 0.015625 5.7e-04 5.7e-04 (28128.0000000000 28112.0000000000) 5.6e-07 1.7e-05 0 1 1 0 1 0 1 bwd_weight conv2d_host_validation_f16_bwd_CHECK_ISSUE_70_1 (13 of 107)
65536      (65536 0 0 0) 0.0 (0.0000000000 0.0000000000) 0.000000 0.000000 0.0e+00 0.0e+00 (0.0000000000 0.0000000000) 0.0e+00 0.0e+00 0 1 1 0 1 0 1 bwd_weight conv2d_host_validation_f16_bwd_CHECK_ISSUE_70_2 (14 of 107)
4096       (4095 1 0 0) 1.0 (28480.0000000000 28496.0000000000) 16.000000 0.003906 5.6e-04 5.6e-04 (28480.0000000000 28496.0000000000) 1.4e-07 8.6e-06 0 1 1 0 1 0 1 bwd_weight conv2d_host_validation_f16_bwd_CHECK_ISSUE_70_3 (15 of 107)
1024       (1024 0 0 0) 0.0 (0.0000000000 0.0000000000) 0.000000 0.000000 0.0e+00 0.0e+00 (0.0000000000 0.0000000000) 0.0e+00 0.0e+00 0 1 1 0 1 0 1 bwd_weight conv2d_host_validation_f16_bwd_CHECK_ISSUE_71_1 (16 of 107)
1024       (1024 0 0 0) 0.0 (0.0000000000 0.0000000000) 0.000000 0.000000 0.0e+00 0.0e+00 (0.0000000000 0.0000000000) 0.0e+00 0.0e+00 0 1 1 0 1 0 1 bwd_weight conv2d_host_validation_f16_bwd_CHECK_ISSUE_71_2 (17 of 107)
1024       (1024 0 0 0) 0.0 (0.0000000000 0.0000000000) 0.000000 0.000000 0.0e+00 0.0e+00 (0.0000000000 0.0000000000) 0.0e+00 0.0e+00 0 1 1 0 1 0 1 bwd_weight conv2d_host_validation_f16_bwd_CHECK_ISSUE_71_3 (18 of 107)
1024       (1024 0 0 0) 0.0 (0.0000000000 0.0000000000) 0.000000 0.000000 0.0e+00 0.0e+00 (0.0000000000 0.0000000000) 0.0e+00 0.0e+00 0 1 1 0 1 0 1 bwd_weight conv2d_host_validation_f16_bwd_CHECK_ISSUE_71_4 (19 of 107)
12845056   (12841130 3926 0 0) 1.0 (1849.0000000000 1848.0000000000) 2.000000 0.000532 9.6e-04 9.6e-04 (1037.0000000000 1036.0000000000) 2.2e-07 1.0e-05 0 0 0 0 0 1 0 fwd conv2d_host_validation_f16_CHECK_RESNET101_NCHW_CONFIG1_FWD_f16 (20 of 107)
12845056   (12841232 3824 0 0) 1.0 (1758.0000000000 1759.0000000000) 2.000000 0.000454 9.5e-04 9.5e-04 (1049.0000000000 1048.0000000000) 2.1e-07 9.0e-06 0 0 0 0 0 1 0 fwd conv2d_host_validation_f16_CHECK_RESNET101_NCHW_CONFIG2_FWD_f16 (21 of 107)
25690112   (25683920 6192 0 0) 1.0 (2212.0000000000 2210.0000000000) 2.000000 0.000482 9.7e-04 9.7e-04 (2058.0000000000 2060.0000000000) 2.1e-07 1.1e-05 0 0 0 0 0 1 0 bwd_data conv2d_host_validation_f16_CHECK_RESNET101_NCHW_CONFIG8_BWD_f16 (22 of 107)
102760448  (102747781 12667 0 0) 1.0 (529.5000000000 529.0000000000) 0.500000 0.000059 9.8e-04 9.8e-04 (512.0000000000 512.5000000000) 1.0e-07 6.6e-06 0 0 0 0 0 1 0 fwd conv2d_host_validation_f16_CHECK_RESNET101_NCHW_CONFIG8_FWD_f16 (23 of 107)
16384      (16384 0 0 0) 0.0 (0.0000000000 0.0000000000) 0.000000 0.000000 0.0e+00 0.0e+00 (0.0000000000 0.0000000000) 0.0e+00 0.0e+00 0 0 0 0 0 1 0 bwd_weight conv2d_host_validation_f16_CHECK_RESNET101_NCHW_CONFIG8_WRW_f16 (24 of 107)
12845056   (12841318 3738 0 0) 1.0 (1126.0000000000 1125.0000000000) 2.000000 0.000506 9.6e-04 9.6e-04 (1038.0000000000 1037.0000000000) 2.1e-07 9.9e-06 0 0 0 0 0 1 0 fwd conv2d_host_validation_f16_CHECK_RESNET101_NHWC_CONFIG1_FWD_f16 (25 of 107)
12845056   (12841315 3741 0 0) 1.0 (1748.0000000000 1749.0000000000) 2.000000 0.000447 9.6e-04 9.6e-04 (1040.0000000000 1041.0000000000) 2.0e-07 9.1e-06 0 0 0 0 0 1 0 fwd conv2d_host_validation_f16_CHECK_RESNET101_NHWC_CONFIG2_FWD_f16 (26 of 107)
25690112   (25683801 6311 0 0) 1.0 (2078.0000000000 2080.0000000000) 2.000000 0.000490 9.7e-04 9.7e-04 (2052.0000000000 2054.0000000000) 2.1e-07 1.2e-05 0 0 0 0 0 1 0 bwd_data conv2d_host_validation_f16_CHECK_RESNET101_NHWC_CONFIG8_BWD_f16 (27 of 107)
102760448  (102747726 12722 0 0) 1.0 (604.5000000000 605.0000000000) 0.500000 0.000059 9.8e-04 9.8e-04 (512.0000000000 512.5000000000) 1.0e-07 6.7e-06 0 0 0 0 0 1 0 fwd conv2d_host_validation_f16_CHECK_RESNET101_NHWC_CONFIG8_FWD_f16 (28 of 107)
16384      (16384 0 0 0) 0.0 (0.0000000000 0.0000000000) 0.000000 0.000000 0.0e+00 0.0e+00 (0.0000000000 0.0000000000) 0.0e+00 0.0e+00 0 0 0 0 0 1 0 bwd_weight conv2d_host_validation_f16_CHECK_RESNET101_NHWC_CONFIG8_WRW_f16 (29 of 107)
4194304    (4194299 5 0 0) 1.0 (19.7031250000 19.7187500000) 0.031250 0.000000 7.9e-04 7.9e-04 (19.7031250000 19.7187500000) 9.0e-10 3.2e-07 0 1 1 0 1 0 1 fwd conv2d_host_validation_f16_fwd_CHECK_FILTER1_f16 (30 of 107)
4194304    (4194302 2 0 0) 1.0 (36.5625000000 36.5937500000) 0.031250 0.000000 8.5e-04 8.5e-04 (36.5625000000 36.5937500000) 3.8e-10 2.0e-07 0 1 1 0 1 0 1 fwd conv2d_host_validation_f16_fwd_CHECK_FILTER2_f16 (31 of 107)
16777216   (16776847 369 0 0) 1.0 (58.7812500000 58.8125000000) 0.062500 0.000001 9.8e-04 9.8e-04 (64.0625000000 64.1250000000) 1.6e-08 1.7e-06 0 1 1 0 1 0 1 fwd conv2d_host_validation_f16_fwd_CHECK_ISSUE_114_1_f16 (32 of 107)
16777216   (16776878 338 0 0) 1.0 (79.2500000000 79.3125000000) 0.062500 0.000001 9.8e-04 9.8e-04 (64.0000000000 64.0625000000) 1.4e-08 1.6e-06 0 1 1 0 1 0 1 fwd conv2d_host_validation_f16_fwd_CHECK_ISSUE_114_2_f16 (33 of 107)
4194304    (4194226 78 0 0) 1.0 (75.3750000000 75.4375000000) 0.062500 0.000001 9.4e-04 9.4e-04 (66.2500000000 66.3125000000) 1.3e-08 1.6e-06 0 1 1 0 1 0 1 fwd conv2d_host_validation_f16_fwd_CHECK_ISSUE_114_3_f16 (34 of 107)
4194304    (4194218 86 0 0) 1.0 (81.6875000000 81.6250000000) 0.062500 0.000001 9.6e-04 9.6e-04 (32.5000000000 32.4687500000) 1.5e-08 1.7e-06 0 1 1 0 1 0 1 fwd conv2d_host_validation_f16_fwd_CHECK_ISSUE_114_4_f16 (35 of 107)
16777216   (16776865 351 0 0) 1.0 (63.6875000000 63.7187500000) 0.062500 0.000001 9.7e-04 9.7e-04 (64.2500000000 64.1875000000) 1.5e-08 1.8e-06 0 1 1 0 1 0 1 fwd conv2d_host_validation_f16_fwd_CHECK_ISSUE_114_5_f16 (36 of 107)
16777216   (16776909 307 0 0) 1.0 (82.0625000000 82.0000000000) 0.062500 0.000001 9.6e-04 9.6e-04 (64.8750000000 64.8125000000) 1.3e-08 1.6e-06 0 1 1 0 1 0 1 fwd conv2d_host_validation_f16_fwd_CHECK_ISSUE_114_6_f16 (37 of 107)
4194304    (4194213 91 0 0) 1.0 (54.0000000000 54.0312500000) 0.062500 0.000001 9.7e-04 9.7e-04 (64.1875000000 64.2500000000) 1.5e-08 1.6e-06 0 1 1 0 1 0 1 fwd conv2d_host_validation_f16_fwd_CHECK_ISSUE_114_7_f16 (38 of 107)
4194304    (4194229 75 0 0) 1.0 (92.6875000000 92.6250000000) 0.062500 0.000001 9.5e-04 9.5e-04 (65.9375000000 66.0000000000) 1.2e-08 1.4e-06 0 1 1 0 1 0 1 fwd conv2d_host_validation_f16_fwd_CHECK_ISSUE_114_8_f16 (39 of 107)
12845056   (12834121 10935 0 0) 1.0 (9304.0000000000 9312.0000000000) 16.000000 0.012669 9.0e-04 9.0e-04 (8848.0000000000 8840.0000000000) 6.3e-07 2.0e-05 0 1 1 0 1 0 1 fwd conv2d_host_validation_f16_fwd_CHECK_ISSUE_127_11_f16 (40 of 107)
12845056   (12834135 10921 0 0) 1.0 (14008.0000000000 14016.0000000000) 16.000000 0.011807 9.0e-04 9.0e-04 (8848.0000000000 8840.0000000000) 6.2e-07 1.9e-05 0 1 1 0 1 0 1 fwd conv2d_host_validation_f16_fwd_CHECK_ISSUE_127_12_f16 (41 of 107)
12845056   (12834534 10522 0 0) 1.0 (13848.0000000000 13840.0000000000) 16.000000 0.010022 9.2e-04 9.2e-04 (8664.0000000000 8656.0000000000) 5.7e-07 1.6e-05 0 1 1 0 1 0 1 fwd conv2d_host_validation_f16_fwd_CHECK_ISSUE_127_13_f16 (42 of 107)
12845056   (12834100 10956 0 0) 1.0 (13672.0000000000 13664.0000000000) 16.000000 0.013176 8.9e-04 8.9e-04 (9024.0000000000 9032.0000000000) 6.5e-07 2.0e-05 0 1 1 0 1 0 1 fwd conv2d_host_validation_f16_fwd_CHECK_ISSUE_127_14_f16 (43 of 107)
12845056   (12834193 10863 0 0) 1.0 (20960.0000000000 20944.0000000000) 16.000000 0.013531 8.0e-04 8.0e-04 (19904.0000000000 19888.0000000000) 6.5e-07 2.1e-05 0 1 1 0 1 0 1 fwd conv2d_host_validation_f16_fwd_CHECK_ISSUE_127_1_f16 (44 of 107)
6422528    (6414786 7742 0 0) 1.0 (41184.0000000000 41152.0000000000) 32.000000 0.038574 8.0e-04 8.0e-04 (40160.0000000000 40192.0000000000) 9.3e-07 2.5e-05 0 1 1 0 1 0 1 fwd conv2d_host_validation_f16_fwd_CHECK_ISSUE_127_2_f16 (45 of 107)
25690112   (25674590 15522 0 0) 1.0 (10568.0000000000 10560.0000000000) 8.000000 0.004834 8.3e-04 8.3e-04 (9696.0000000000 9704.0000000000) 4.7e-07 1.8e-05 0 1 1 0 1 0 1 fwd conv2d_host_validation_f16_fwd_CHECK_ISSUE_127_3_f16 (46 of 107)
12845056   (12834112 10944 0 0) 1.0 (21152.0000000000 21136.0000000000) 16.000000 0.013632 8.0e-04 8.0e-04 (19888.0000000000 19904.0000000000) 6.6e-07 2.1e-05 0 1 1 0 1 0 1 fwd conv2d_host_validation_f16_fwd_CHECK_ISSUE_127_4_f16 (47 of 107)
12845056   (12834006 11050 0 0) 1.0 (20848.0000000000 20832.0000000000) 16.000000 0.011915 9.2e-04 9.2e-04 (8720.0000000000 8712.0000000000) 6.2e-07 1.9e-05 0 1 1 0 1 0 1 fwd conv2d_host_validation_f16_fwd_CHECK_ISSUE_127_5_f16 (48 of 107)
7372800    (7371722 1078 0 0) 1.0 (563.5000000000 564.0000000000) 0.500000 0.000073 9.3e-04 9.3e-04 (535.0000000000 534.5000000000) 1.1e-07 6.9e-06 0 1 1 0 1 0 1 fwd conv2d_host_validation_f16_fwd_CHECK_ISSUE_40_1_f16 (49 of 107)
3440640    (3439905 735 0 0) 1.0 (1284.0000000000 1285.0000000000) 1.000000 0.000214 8.9e-04 8.9e-04 (1128.0000000000 1129.0000000000) 1.6e-07 9.1e-06 0 1 1 0 1 0 1 fwd conv2d_host_validation_f16_fwd_CHECK_ISSUE_40_2_f16 (50 of 107)
6422528    (6419739 2789 0 0) 1.0 (3502.0000000000 3500.0000000000) 2.000000 0.000869 6.1e-04 6.1e-04 (3270.0000000000 3272.0000000000) 2.4e-07 1.0e-05 0 1 1 0 1 0 1 fwd conv2d_host_validation_f16_fwd_CHECK_ISSUE_40_3_f16 (51 of 107)
14745600   (14740932 4668 0 0) 1.0 (1899.0000000000 1900.0000000000) 2.000000 0.000317 9.7e-04 9.7e-04 (2066.0000000000 2068.0000000000) 1.8e-07 8.3e-06 0 1 1 0 1 0 1 fwd conv2d_host_validation_f16_fwd_CHECK_ISSUE_40_4_f16 (52 of 107)
6881280    (6880146 1134 0 0) 1.0 (1138.0000000000 1137.0000000000) 1.000000 0.000147 9.8e-04 9.8e-04 (1024.0000000000 1025.0000000000) 1.4e-07 8.5e-06 0 1 0 0 0 0 1 fwd conv2d_host_validation_f16_fwd_CHECK_ISSUE_40_5_f16 (53 of 107)
1048576    (1048242 334 0 0) 1.0 (1789.0000000000 1790.0000000000) 1.000000 0.000319 6.2e-04 6.2e-04 (1610.0000000000 1609.0000000000) 1.8e-07 8.3e-06 0 1 1 0 1 0 1 fwd conv2d_host_validation_f16_fwd_CHECK_ISSUE_41_10_f16 (54 of 107)
12845056   (12843074 1982 0 0) 1.0 (613.5000000000 614.0000000000) 0.500000 0.000077 9.7e-04 9.7e-04 (517.0000000000 516.5000000000) 1.2e-07 7.0e-06 0 1 1 0 1 0 1 fwd conv2d_host_validation_f16_fwd_CHECK_ISSUE_41_11_f16 (55 of 107)
9437184    (9434233 2951 0 0) 1.0 (1824.0000000000 1823.0000000000) 1.000000 0.000313 6.5e-04 6.5e-04 (1538.0000000000 1539.0000000000) 1.7e-07 8.2e-06 0 1 1 0 1 0 1 fwd conv2d_host_validation_f16_fwd_CHECK_ISSUE_41_12_f16 (56 of 107)
921600     (921455 145 0 0) 1.0 (726.5000000000 726.0000000000) 0.500000 0.000079 9.1e-04 9.1e-04 (547.0000000000 547.5000000000) 1.2e-07 7.4e-06 0 1 1 0 1 0 1 fwd conv2d_host_validation_f16_fwd_CHECK_ISSUE_41_2_f16 (57 of 107)
1605632    (1605410 222 0 0) 1.0 (651.0000000000 651.5000000000) 0.500000 0.000069 9.0e-04 9.0e-04 (556.0000000000 555.5000000000) 1.1e-07 6.9e-06 0 1 1 0 1 0 1 fwd conv2d_host_validation_f16_fwd_CHECK_ISSUE_41_3_f16 (58 of 107)
200704     (200668 36 0 0) 1.0 (653.5000000000 654.0000000000) 0.500000 0.000090 9.4e-04 9.4e-04 (534.0000000000 533.5000000000) 1.4e-07 8.1e-06 0 1 1 0 1 0 1 fwd conv2d_host_validation_f16_fwd_CHECK_ISSUE_41_4_f16 (59 of 107)
1605632    (1605302 330 0 0) 1.0 (1291.0000000000 1290.0000000000) 1.000000 0.000206 8.7e-04 8.7e-04 (1145.0000000000 1146.0000000000) 1.6e-07 9.1e-06 0 1 1 0 1 0 1 fwd conv2d_host_validation_f16_fwd_CHECK_ISSUE_41_5_f16 (60 of 107)
802816     (802701 115 0 0) 1.0 (631.5000000000 632.0000000000) 0.500000 0.000072 8.9e-04 8.9e-04 (560.5000000000 561.0000000000) 1.1e-07 7.0e-06 0 1 1 0 1 0 1 fwd conv2d_host_validation_f16_fwd_CHECK_ISSUE_41_6_f16 (61 of 107)
4194304    (4193693 611 0 0) 1.0 (666.5000000000 666.0000000000) 0.500000 0.000064 9.6e-04 9.6e-04 (520.0000000000 520.5000000000) 1.1e-07 6.4e-06 0 1 1 0 1 0 1 fwd conv2d_host_validation_f16_fwd_CHECK_ISSUE_41_7_f16 (62 of 107)
3211264    (3210325 939 0 0) 1.0 (1699.0000000000 1698.0000000000) 1.000000 0.000292 9.6e-04 9.6e-04 (1046.0000000000 1045.0000000000) 1.7e-07 8.1e-06 0 1 1 0 1 0 1 fwd conv2d_host_validation_f16_fwd_CHECK_ISSUE_41_8_f16 (63 of 107)
2359296    (2358972 324 0 0) 1.0 (656.0000000000 656.5000000000) 0.500000 0.000069 9.1e-04 9.1e-04 (546.5000000000 547.0000000000) 1.1e-07 6.8e-06 0 1 1 0 1 0 1 fwd conv2d_host_validation_f16_fwd_CHECK_ISSUE_41_9_f16 (64 of 107)
25690112   (25677564 12548 0 0) 1.0 (9216.0000000000 9208.0000000000) 8.000000 0.003907 9.3e-04 9.3e-04 (8576.0000000000 8568.0000000000) 4.2e-07 1.8e-05 0 1 1 0 1 0 1 fwd conv2d_host_validation_f16_fwd_CHECK_KCYX_NCHW_NKHW1_f16 (65 of 107)
3686400    (3686050 350 0 0) 1.0 (340.7500000000 341.0000000000) 0.250000 0.000024 9.7e-04 9.7e-04 (258.2500000000 258.5000000000) 7.3e-08 5.2e-06 0 1 1 0 1 0 1 fwd conv2d_host_validation_f16_fwd_CHECK_KCYX_NCHW_NKHW2_f16 (66 of 107)
409600     (409557 43 0 0) 1.0 (325.0000000000 324.7500000000) 0.250000 0.000026 8.9e-04 8.9e-04 (280.2500000000 280.0000000000) 7.9e-08 5.5e-06 0 1 1 0 1 0 1 fwd conv2d_host_validation_f16_fwd_CHECK_KCYX_NCHW_NKHW3_f16 (67 of 107)
147456     (147438 18 0 0) 1.0 (350.5000000000 350.7500000000) 0.250000 0.000031 9.6e-04 9.6e-04 (259.5000000000 259.7500000000) 9.6e-08 5.6e-06 0 1 1 0 1 0 1 fwd conv2d_host_validation_f16_fwd_CHECK_KCYX_NCHW_NKHW4_f16 (68 of 107)
102400     (102392 8 0 0) 1.0 (353.0000000000 353.2500000000) 0.250000 0.000020 9.1e-04 9.1e-04 (275.2500000000 275.0000000000) 6.1e-08 4.9e-06 0 1 1 0 1 0 1 fwd conv2d_host_validation_f16_fwd_CHECK_KCYX_NCHW_NKHW5_f16 (69 of 107)
15745024   (15743732 1292 0 0) 1.0 (285.0000000000 285.2500000000) 0.250000 0.000018 9.8e-04 9.8e-04 (256.0000000000 256.2500000000) 6.4e-08 4.7e-06 0 1 1 0 1 0 1 fwd conv2d_host_validation_f16_fwd_CHECK_KCYX_NCHW_NKHW6_f16 (70 of 107)
13778944   (13776502 2442 0 0) 1.0 (1191.0000000000 1192.0000000000) 1.000000 0.000176 9.8e-04 9.8e-04 (1024.0000000000 1025.0000000000) 1.5e-07 9.1e-06 0 1 1 0 1 0 1 fwd conv2d_host_validation_f16_fwd_CHECK_KCYX_NCHW_NKHW7_f16 (71 of 107)
25690112   (25677431 12681 0 0) 1.0 (9384.0000000000 9376.0000000000) 8.000000 0.003949 9.3e-04 9.3e-04 (8592.0000000000 8600.0000000000) 4.3e-07 1.6e-05 0 1 1 0 1 0 1 fwd conv2d_host_validation_f16_fwd_CHECK_KYXC_NHWC_NHWK1_f16 (72 of 107)
3686400    (3686049 351 0 0) 1.0 (372.2500000000 372.0000000000) 0.250000 0.000024 9.6e-04 9.6e-04 (261.0000000000 260.7500000000) 7.3e-08 5.0e-06 0 1 1 0 1 0 1 fwd conv2d_host_validation_f16_fwd_CHECK_KYXC_NHWC_NHWK2_f16 (73 of 107)
409600     (409560 40 0 0) 1.0 (332.2500000000 332.0000000000) 0.250000 0.000024 9.6e-04 9.6e-04 (259.5000000000 259.7500000000) 7.6e-08 5.4e-06 0 1 1 0 1 0 1 fwd conv2d_host_validation_f16_fwd_CHECK_KYXC_NHWC_NHWK3_f16 (74 of 107)
147456     (147446 10 0 0) 1.0 (313.0000000000 313.2500000000) 0.250000 0.000017 8.8e-04 8.8e-04 (284.7500000000 284.5000000000) 5.2e-08 4.6e-06 0 1 1 0 1 0 1 fwd conv2d_host_validation_f16_fwd_CHECK_KYXC_NHWC_NHWK4_f16 (75 of 107)
102400     (102391 9 0 0) 1.0 (358.0000000000 357.7500000000) 0.250000 0.000021 8.1e-04 8.1e-04 (309.5000000000 309.7500000000) 6.3e-08 5.0e-06 0 1 1 0 1 0 1 fwd conv2d_host_validation_f16_fwd_CHECK_KYXC_NHWC_NHWK5_f16 (76 of 107)
15745024   (15743728 1296 0 0) 1.0 (370.0000000000 370.2500000000) 0.250000 0.000018 9.8e-04 9.8e-04 (256.2500000000 256.0000000000) 6.4e-08 4.7e-06 0 1 1 0 1 0 1 fwd conv2d_host_validation_f16_fwd_CHECK_KYXC_NHWC_NHWK6_f16 (77 of 107)
13778944   (13776572 2372 0 0) 1.0 (1115.0000000000 1114.0000000000) 1.000000 0.000169 9.8e-04 9.8e-04 (1025.0000000000 1026.0000000000) 1.5e-07 8.9e-06 0 1 1 0 1 0 1 fwd conv2d_host_validation_f16_fwd_CHECK_KYXC_NHWC_NHWK7_f16 (78 of 107)
802816     (802747 69 0 0) 1.0 (193.1250000000 193.2500000000) 0.250000 0.000019 9.2e-04 9.2e-04 (271.2500000000 271.0000000000) 6.2e-08 4.3e-06 0 1 1 0 1 0 1 fwd conv2d_host_validation_f16_fwd_CHECK_PADDING1_f16 (79 of 107)
802816     (802732 84 0 0) 1.0 (338.2500000000 338.5000000000) 0.250000 0.000023 9.5e-04 9.5e-04 (264.0000000000 264.2500000000) 7.5e-08 4.7e-06 0 1 1 0 1 0 1 fwd conv2d_host_validation_f16_fwd_CHECK_PADDING2_f16 (80 of 107)
2048       (2048 0 0 0) 0.0 (0.0000000000 0.0000000000) 0.000000 0.000000 0.0e+00 0.0e+00 (0.0000000000 0.0000000000) 0.0e+00 0.0e+00 0 1 1 0 1 0 1 fwd conv2d_host_validation_f16_fwd_CHECK_PADDING3_f16 (81 of 107)
205520896  (205495465 25431 0 0) 1.0 (647.5000000000 647.0000000000) 0.500000 0.000060 9.8e-04 9.8e-04 (512.0000000000 512.5000000000) 1.0e-07 6.7e-06 0 1 0 0 1 0 1 fwd conv2d_host_validation_f32_fwd_GROUP_NCHW_f16 (82 of 107)
51380224   (51373901 6323 0 0) 1.0 (502.0000000000 501.7500000000) 0.500000 0.000059 9.8e-04 9.8e-04 (512.0000000000 512.5000000000) 1.0e-07 6.7e-06 1 0 0 0 0 1 0 fwd conv2d_host_validation_random_CHECK_KCYX_NCHW_NKHW_5_f16 (83 of 107)
51380224   (51373933 6291 0 0) 1.0 (606.0000000000 606.5000000000) 0.500000 0.000058 9.8e-04 9.8e-04 (512.0000000000 512.5000000000) 1.0e-07 6.8e-06 1 0 0 0 0 1 0 fwd conv2d_host_validation_random_CHECK_KCYX_NCHW_NKHW_6_f16 (84 of 107)
47775744   (47755555 20189 0 0) 1.0 (5220.0000000000 5224.0000000000) 4.000000 0.001690 8.4e-04 8.4e-04 (4760.0000000000 4764.0000000000) 3.3e-07 1.4e-05 1 0 0 0 0 1 0 fwd conv2d_host_validation_random_CHECK_KCYX_NCHW_NKHW_7_f16 (85 of 107)
51380224   (51358373 21851 0 0) 1.0 (4996.0000000000 5000.0000000000) 4.000000 0.001639 9.2e-04 9.2e-04 (2184.0000000000 2182.0000000000) 3.2e-07 1.4e-05 1 0 0 0 0 1 0 fwd conv2d_host_validation_random_CHECK_KCYX_NCHW_NKHW_8_f16 (86 of 107)
16777216   (16776823 393 0 0) 1.0 (84.6875000000 84.7500000000) 0.062500 0.000001 9.7e-04 9.7e-04 (64.5625000000 64.6250000000) 1.7e-08 1.9e-06 1 0 0 0 0 1 0 fwd conv2d_host_validation_random_CHECK_KYXC_NHWC_NHWK_4_f16 (87 of 107)
16777216   (16776861 355 0 0) 1.0 (77.8125000000 77.7500000000) 0.062500 0.000001 9.7e-04 9.7e-04 (64.5000000000 64.5625000000) 1.5e-08 1.7e-06 1 0 0 0 0 1 0 fwd conv2d_host_validation_random_CHECK_KYXC_NHWC_NHWK_5_f16 (88 of 107)
25690112   (25677502 12610 0 0) 1.0 (9248.0000000000 9240.0000000000) 8.000000 0.003927 9.4e-04 9.4e-04 (8504.0000000000 8496.0000000000) 4.3e-07 1.8e-05 1 0 1 0 0 1 0 fwd conv2d_host_validation_random_CHECK_RAND_FLOAT_2_f16 (89 of 107)
205520896  (205495526 25370 0 0) 1.0 (523.5000000000 523.0000000000) 0.500000 0.000059 9.8e-04 9.8e-04 (512.0000000000 512.5000000000) 1.0e-07 6.6e-06 1 0 0 0 0 1 0 fwd conv2d_host_validation_random_GROUP_NHWC_f16 (90 of 107)
30720      (30710 10 0 0) 1.0 (713.5000000000 714.0000000000) 1.000000 0.000260 8.6e-04 8.6e-04 (1157.0000000000 1156.0000000000) 2.3e-07 9.6e-06 0 1 0 0 1 0 1 fwd padding_kernel_all_fwd_CHECK_RESNET50_CONFIG2_f16 (91 of 107)
30720      (30714 6 0 0) 1.0 (1346.0000000000 1345.0000000000) 1.000000 0.000179 7.4e-04 7.4e-04 (1346.0000000000 1345.0000000000) 1.4e-07 8.1e-06 0 1 0 0 1 0 1 fwd padding_kernel_all_fwd_CHECK_RESNET50_CONFIG4_f16 (92 of 107)
882        (880 2 0 0) 1.0 (45856.0000000000 45888.0000000000) 32.000000 0.072562 7.9e-04 7.9e-04 (40576.0000000000 40608.0000000000) 1.7e-06 3.3e-05 0 1 0 0 1 0 1 bwd_weight padding_kernel_all_wrw_CHECK_RESNET50_CONFIG2_f16 (93 of 107)
882        (881 1 0 0) 1.0 (40768.0000000000 40736.0000000000) 32.000000 0.036281 7.8e-04 7.8e-04 (40768.0000000000 40736.0000000000) 8.9e-07 2.3e-05 0 1 0 0 1 0 1 bwd_weight padding_kernel_all_wrw_CHECK_RESNET50_CONFIG4_f16 (94 of 107)
205520896  (205476179 44717 0 0) 1.0 (1217.0000000000 1218.0000000000) 1.000000 0.000214 9.8e-04 9.8e-04 (1024.0000000000 1025.0000000000) 1.6e-07 8.8e-06 0 1 1 0 1 0 1 fwd padding_kernel_gemmK_CHECK_RESNET50_F16_CONFIG1 (95 of 107)
205520896  (205475975 44921 0 0) 1.0 (1344.0000000000 1343.0000000000) 1.000000 0.000219 9.5e-04 9.5e-04 (1058.0000000000 1057.0000000000) 1.7e-07 8.8e-06 0 1 1 0 1 0 1 fwd padding_kernel_gemmK_CHECK_RESNET50_F16_CONFIG2 (96 of 107)
205520896  (205475875 45021 0 0) 1.0 (1312.0000000000 1311.0000000000) 1.000000 0.000219 8.9e-04 8.9e-04 (1122.0000000000 1123.0000000000) 1.7e-07 8.9e-06 0 1 1 0 1 0 1 fwd padding_kernel_gemmK_CHECK_RESNET50_F16_CONFIG4 (97 of 107)
9408       (9408 0 0 0) 0.0 (0.0000000000 0.0000000000) 0.000000 0.000000 0.0e+00 0.0e+00 (0.0000000000 0.0000000000) 0.0e+00 0.0e+00 0 1 1 0 1 0 1 bwd_weight padding_kernel_gemmN_CHECK_RESNET50_CONFIG2 (98 of 107)
9408       (9408 0 0 0) 0.0 (0.0000000000 0.0000000000) 0.000000 0.000000 0.0e+00 0.0e+00 (0.0000000000 0.0000000000) 0.0e+00 0.0e+00 0 1 1 0 1 0 1 bwd_weight padding_kernel_gemmN_CHECK_RESNET50_CONFIG4 (99 of 107)
6422528    (6418564 3964 0 0) 1.0 (10664.0000000000 10672.0000000000) 8.000000 0.004615 8.9e-04 8.9e-04 (4492.0000000000 4488.0000000000) 4.6e-07 1.7e-05 0 0 0 0 1 0 1 fwd Resnet50_validation_nchw_CHECK_NCHW_1_f16 (100 of 107)
25690112   (25685844 4268 0 0) 1.0 (1151.0000000000 1152.0000000000) 1.000000 0.000165 9.8e-04 9.8e-04 (1024.0000000000 1025.0000000000) 1.4e-07 8.9e-06 0 0 0 0 1 0 1 fwd Resnet50_validation_nchw_CHECK_NCHW_2_f16 (101 of 107)
147456     (147456 0 0 0) 0.0 (0.0000000000 0.0000000000) 0.000000 0.000000 0.0e+00 0.0e+00 (0.0000000000 0.0000000000) 0.0e+00 0.0e+00 0 0 0 0 1 0 1 bwd_weight Resnet50_validation_nchw_CHECK_NCHW_3_f16 (102 of 107)
65536      (65536 0 0 0) 0.0 (0.0000000000 0.0000000000) 0.000000 0.000000 0.0e+00 0.0e+00 (0.0000000000 0.0000000000) 0.0e+00 0.0e+00 0 0 0 0 1 0 1 bwd_weight Resnet50_validation_nchw_CHECK_NCHW_4_f16 (103 of 107)
6422528    (6418713 3815 0 0) 1.0 (6976.0000000000 6980.0000000000) 8.000000 0.004393 8.8e-04 8.8e-04 (4556.0000000000 4560.0000000000) 4.4e-07 1.6e-05 0 0 0 0 1 0 1 fwd Resnet50_validation_nhwc_CHECK_NHWC_1_f16 (104 of 107)
25690112   (25685721 4391 0 0) 1.0 (1213.0000000000 1212.0000000000) 1.000000 0.000169 9.8e-04 9.8e-04 (1025.0000000000 1026.0000000000) 1.5e-07 8.4e-06 0 0 0 0 1 0 1 fwd Resnet50_validation_nhwc_CHECK_NHWC_2_f16 (105 of 107)
147456     (147456 0 0 0) 0.0 (0.0000000000 0.0000000000) 0.000000 0.000000 0.0e+00 0.0e+00 (0.0000000000 0.0000000000) 0.0e+00 0.0e+00 0 0 0 0 1 0 1 bwd_weight Resnet50_validation_nhwc_CHECK_NHWC_3_f16 (106 of 107)
65536      (65536 0 0 0) 0.0 (0.0000000000 0.0000000000) 0.000000 0.000000 0.0e+00 0.0e+00 (0.0000000000 0.0000000000) 0.0e+00 0.0e+00 0 0 0 0 1 0 1 bwd_weight Resnet50_validation_nhwc_CHECK_NHWC_4_f16 (107 of 107)
