25690112   (25585224 95888 9000 0) 904.0 (-0.0000948310 -0.0000409484) 0.250000 0.000006 2.0e+01 5.1e-02 (-0.0010490417 -0.0009956360) 7.1e-06 6.0e-07 1 0 0 0 0 1 0 fwd conv2d_harness_cpu_verifier_kyxc_nhwc_nhwk_f16_E2E_f16 (1 of 107)
802816     (802157 611 48 0) 44.0 (-0.0002584457 -0.0002479553) 0.003906 0.000000 4.1e-02 1.3e-02 (0.0033512115 0.0033092499) 7.5e-07 1.8e-06 0 1 1 0 1 0 1 bwd_data conv2d_host_validation_f16_bwd_CHECK_BWD_DATA1 (2 of 107)
4096       (4070 24 2 0) 172.0 (-0.0003204346 -0.0002794266) 0.015625 0.000020 1.3e-01 8.8e-04 (2.2128906250 2.2109375000) 6.6e-05 4.1e-07 0 1 1 0 1 0 1 bwd_weight conv2d_host_validation_f16_bwd_CHECK_BWD_WEIGHT1 (3 of 107)
147456     (145157 2085 214 0) 2995.0 (-0.0000532269 -0.0002317429) 0.125000 0.000222 3.4e+00 6.4e-02 (-0.0023174286 -0.0024662018) 4.2e-05 1.1e-05 0 1 1 0 1 0 1 bwd_weight conv2d_host_validation_f16_bwd_CHECK_ISSUE_127_10 (4 of 107)
294912     (291329 3226 357 0) 1478.0 (0.0001748800 0.0000867844) 0.125000 0.000103 5.0e-01 8.3e-02 (-0.0015439987 -0.0014152527) 1.6e-05 7.3e-06 0 1 1 0 1 0 1 bwd_weight conv2d_host_validation_f16_bwd_CHECK_ISSUE_127_15 (5 of 107)
589824     (584289 5023 512 0) 568.0 (-0.0000829697 -0.0000491142) 4.000000 0.000062 4.1e-01 4.3e-02 (0.0014400482 0.0013780594) 1.2e-05 1.2e-06 0 1 1 0 1 0 1 bwd_weight conv2d_host_validation_f16_bwd_CHECK_ISSUE_127_16 (6 of 107)
1179648    (1171314 7636 698 0) 363.0 (-0.0001701117 -0.0001268387) 0.062500 0.000025 6.5e-01 4.9e-02 (-0.0010070801 -0.0009574890) 8.4e-06 5.6e-06 0 1 1 0 1 0 1 bwd_weight conv2d_host_validation_f16_bwd_CHECK_ISSUE_127_17 (7 of 107)
147456     (143360 3662 434 0) 18880.0 (-0.0011711121 -0.0000457764) 0.500000 0.000847 9.6e-01 9.6e-01 (-0.0011711121 -0.0000457764) 4.4e-05 1.4e-05 0 1 1 0 1 0 1 bwd_weight conv2d_host_validation_f16_bwd_CHECK_ISSUE_127_18 (8 of 107)
2097152    (2084419 11615 1118 0) 736.0 (-0.0000228882 -0.0000667572) 0.031250 0.000017 1.9e+00 3.6e-02 (-0.0013904572 -0.0014400482) 8.3e-06 4.7e-06 0 1 1 0 1 0 1 bwd_weight conv2d_host_validation_f16_bwd_CHECK_ISSUE_127_6 (9 of 107)
262144     (259604 2324 216 0) 260.0 (0.0004029274 0.0003409386) 0.125000 0.000059 1.5e-01 3.9e-02 (0.0015525818 0.0016136169) 1.0e-05 7.6e-06 0 1 1 0 1 0 1 bwd_weight conv2d_host_validation_f16_bwd_CHECK_ISSUE_127_7 (10 of 107)
147456     (145205 2057 194 0) 6751.0 (-0.0001015067 0.0003008842) 0.125000 0.000210 4.0e+00 6.3e-02 (0.0023326874 0.0024795532) 4.3e-05 1.0e-05 0 1 1 0 1 0 1 bwd_weight conv2d_host_validation_f16_bwd_CHECK_ISSUE_127_8 (11 of 107)
147456     (145145 2088 223 0) 72.0 (0.0013542175 0.0012855530) 16.000000 0.000314 5.1e-02 5.1e-02 (0.0013542175 0.0012855530) 1.6e-05 2.5e-06 0 1 1 0 1 0 1 bwd_weight conv2d_host_validation_f16_bwd_CHECK_ISSUE_127_9 (12 of 107)
1024       (1019 5 0 0) 1.0 (-1.5498046875 -1.5488281250) 0.015625 0.000020 6.5e-04 6.5e-04 (5.9765625000 5.9804687500) 2.9e-06 8.7e-06 0 1 1 0 1 0 1 bwd_weight conv2d_host_validation_f16_bwd_CHECK_ISSUE_70_1 (13 of 107)
65536      (64515 923 98 0) 223.0 (0.0010766983 0.0012893677) 16.000000 0.000715 2.0e-01 2.0e-01 (0.0010766983 0.0012893677) 2.4e-05 5.2e-06 0 1 1 0 1 0 1 bwd_weight conv2d_host_validation_f16_bwd_CHECK_ISSUE_70_2 (14 of 107)
4096       (4072 23 1 0) 3.0 (0.0104598999 0.0104370117) 0.007812 0.000009 2.2e-03 2.2e-03 (0.0104598999 0.0104370117) 4.2e-06 2.8e-06 0 1 1 0 1 0 1 bwd_weight conv2d_host_validation_f16_bwd_CHECK_ISSUE_70_3 (15 of 107)
1024       (1018 6 0 0) 1.0 (-6.6992187500 -6.7031250000) 0.015625 0.000038 7.7e-04 7.7e-04 (-0.1593017578 -0.1591796875) 4.1e-06 1.3e-06 0 1 1 0 1 0 1 bwd_weight conv2d_host_validation_f16_bwd_CHECK_ISSUE_71_1 (16 of 107)
1024       (1016 8 0 0) 1.0 (-0.2324218750 -0.2322998047) 0.003906 0.000010 8.9e-04 8.9e-04 (4.3710937500 4.3671875000) 5.4e-06 1.6e-07 0 1 1 0 1 0 1 bwd_weight conv2d_host_validation_f16_bwd_CHECK_ISSUE_71_2 (17 of 107)
1024       (1008 16 0 0) 1.0 (0.0824584961 0.0823974609) 0.007812 0.000032 9.0e-04 9.0e-04 (-0.5454101562 -0.5458984375) 1.0e-05 9.6e-08 0 1 1 0 1 0 1 bwd_weight conv2d_host_validation_f16_bwd_CHECK_ISSUE_71_3 (18 of 107)
1024       (1022 2 0 0) 1.0 (0.0437927246 0.0438232422) 0.007812 0.000008 7.0e-04 7.0e-04 (0.0437927246 0.0438232422) 1.2e-06 3.4e-06 0 1 1 0 1 0 1 bwd_weight conv2d_host_validation_f16_bwd_CHECK_ISSUE_71_4 (19 of 107)
12845056   (12816194 26353 2509 0) 722.0 (0.0000557899 0.0000127554) 0.015625 0.000002 4.3e+01 3.4e-02 (0.0012292862 0.0012712479) 6.2e-06 2.7e-06 0 0 0 0 0 1 0 fwd conv2d_host_validation_f16_CHECK_RESNET101_NCHW_CONFIG1_FWD_f16 (20 of 107)
12845056   (12820212 22750 2094 0) 445.0 (0.0000000000 0.0000265241) 0.015625 0.000001 3.3e+00 3.6e-02 (-0.0010976791 -0.0010576248) 2.9e-06 2.4e-06 0 0 0 0 0 1 0 fwd conv2d_host_validation_f16_CHECK_RESNET101_NCHW_CONFIG2_FWD_f16 (21 of 107)
25690112   (25644751 41892 3469 0) 835.0 (-0.0001186728 -0.0001684427) 0.015625 0.000001 3.3e+00 3.3e-02 (-0.0014657974 -0.0015144348) 2.5e-06 2.5e-06 0 0 0 0 0 1 0 bwd_data conv2d_host_validation_f16_CHECK_RESNET101_NCHW_CONFIG8_BWD_f16 (22 of 107)
102760448  (102673997 80164 6287 0) 493.0 (-0.0000295043 -0.0000588894) 0.007812 0.000000 1.0e+00 3.8e-02 (0.0014410019 0.0014953613) 9.3e-07 1.6e-06 0 0 0 0 0 1 0 fwd conv2d_host_validation_f16_CHECK_RESNET101_NCHW_CONFIG8_FWD_f16 (23 of 107)
16384      (16056 298 30 0) 18.0 (-0.0329589844 -0.0324096680) 0.500000 0.000457 1.7e-02 1.7e-02 (-0.0329589844 -0.0324096680) 1.8e-05 5.4e-06 0 0 0 0 0 1 0 bwd_weight conv2d_host_validation_f16_CHECK_RESNET101_NCHW_CONFIG8_WRW_f16 (24 of 107)
12845056   (12819975 23081 2000 0) 549.0 (0.0000312924 0.0000640154) 0.015625 0.000002 1.0e+00 4.9e-02 (-0.0010089874 -0.0010585785) 2.3e-06 2.5e-06 0 0 0 0 0 1 0 fwd conv2d_host_validation_f16_CHECK_RESNET101_NHWC_CONFIG1_FWD_f16 (25 of 107)
12845056   (12820595 22417 2044 0) 522.0 (0.0000671148 0.0000360012) 0.015625 0.000001 1.4e+00 4.2e-02 (0.0013513565 0.0014076233) 2.3e-06 2.5e-06 0 0 0 0 0 1 0 fwd conv2d_host_validation_f16_CHECK_RESNET101_NHWC_CONFIG2_FWD_f16 (26 of 107)
25690112   (25644183 42204 3725 0) 748.0 (-0.0000386238 0.0000059605) 0.015625 0.000001 1.2e+00 4.3e-02 (0.0012760162 0.0013313293) 2.3e-06 2.5e-06 0 0 0 0 0 1 0 bwd_data conv2d_host_validation_f16_CHECK_RESNET101_NHWC_CONFIG8_BWD_f16 (27 of 107)
102760448  (102630771 117301 12376 0) 968.0 (0.0001404285 0.0000827312) 0.007812 0.000000 3.7e+00 5.1e-02 (-0.0010757446 -0.0010204315) 1.7e-06 9.7e-07 0 0 0 0 0 1 0 fwd conv2d_host_validation_f16_CHECK_RESNET101_NHWC_CONFIG8_FWD_f16 (28 of 107)
16384      (16075 278 31 0) 95.0 (-0.0042915344 -0.0046539307) 0.125000 0.000347 8.4e-02 8.4e-02 (-0.0042915344 -0.0046539307) 2.5e-05 1.1e-05 0 0 0 0 0 1 0 bwd_weight conv2d_host_validation_f16_CHECK_RESNET101_NHWC_CONFIG8_WRW_f16 (29 of 107)
4194304    (4193951 330 23 0) 53.0 (-0.0008692741 -0.0008440018) 0.000977 0.000000 2.9e-02 1.2e-02 (0.0025234222 0.0024929047) 8.8e-08 6.0e-07 0 1 1 0 1 0 1 fwd conv2d_host_validation_f16_fwd_CHECK_FILTER1_f16 (30 of 107)
4194304    (4194022 265 17 0) 25.0 (-0.0025348663 -0.0025825500) 0.000977 0.000000 1.9e-02 1.9e-02 (-0.0025348663 -0.0025825500) 5.9e-08 5.8e-07 0 1 1 0 1 0 1 fwd conv2d_host_validation_f16_fwd_CHECK_FILTER2_f16 (31 of 107)
16777216   (16773817 3259 140 0) 120.0 (-0.0007424355 -0.0006852150) 0.001953 0.000000 2.5e-01 3.9e-02 (0.0012350082 0.0011873245) 2.3e-07 7.7e-07 0 1 1 0 1 0 1 fwd conv2d_host_validation_f16_fwd_CHECK_ISSUE_114_1_f16 (32 of 107)
16777216   (16773874 3187 155 0) 458.0 (0.0000827312 0.0001100302) 0.001953 0.000000 3.3e-01 2.0e-02 (0.0016775131 0.0017108917) 2.1e-07 8.9e-07 0 1 1 0 1 0 1 fwd conv2d_host_validation_f16_fwd_CHECK_ISSUE_114_2_f16 (33 of 107)
4194304    (4193420 846 38 0) 109.0 (0.0004510880 0.0004251003) 0.001953 0.000000 5.8e-02 1.3e-02 (-0.0024528503 -0.0024204254) 2.1e-07 9.7e-07 0 1 1 0 1 0 1 fwd conv2d_host_validation_f16_fwd_CHECK_ISSUE_114_3_f16 (34 of 107)
4194304    (4193458 806 40 0) 499.0 (-0.0001146197 -0.0001443624) 0.001953 0.000000 2.6e-01 1.9e-02 (-0.0023498535 -0.0023937225) 2.6e-07 8.1e-07 0 1 1 0 1 0 1 fwd conv2d_host_validation_f16_fwd_CHECK_ISSUE_114_4_f16 (35 of 107)
16777216   (16774052 3067 97 0) 615.0 (0.0000458956 0.0000092387) 0.001953 0.000000 8.0e-01 3.4e-02 (-0.0011281967 -0.0011663437) 2.4e-07 7.9e-07 0 1 1 0 1 0 1 fwd conv2d_host_validation_f16_fwd_CHECK_ISSUE_114_5_f16 (36 of 107)
16777216   (16764817 11055 1344 0) 382.0 (0.0000782013 0.0000554323) 0.001953 0.000000 7.9e-01 2.0e-02 (0.0011034012 0.0010814667) 1.1e-06 1.7e-06 0 1 1 0 1 0 1 fwd conv2d_host_validation_f16_fwd_CHECK_ISSUE_114_6_f16 (37 of 107)
4194304    (4193431 841 32 0) 268.0 (-0.0000044107 -0.0000203848) 0.001953 0.000000 3.6e+00 1.4e-02 (0.0033683777 0.0034141541) 1.1e-06 8.3e-07 0 1 1 0 1 0 1 fwd conv2d_host_validation_f16_fwd_CHECK_ISSUE_114_7_f16 (38 of 107)
4194304    (4193456 816 32 0) 519.0 (0.0000904202 0.0001213551) 0.001953 0.000000 3.4e-01 1.8e-02 (0.0023899078 0.0023479462) 2.9e-07 9.8e-07 0 1 1 0 1 0 1 fwd conv2d_host_validation_f16_fwd_CHECK_ISSUE_114_8_f16 (39 of 107)
12845056   (12772547 66324 6185 0) 808.0 (-0.0001449585 -0.0000967979) 0.031250 0.000013 7.5e+00 6.3e-02 (-0.0011501312 -0.0010776520) 9.5e-06 4.4e-06 0 1 1 0 1 0 1 fwd conv2d_host_validation_f16_fwd_CHECK_ISSUE_127_11_f16 (40 of 107)
12845056   (12778754 60708 5594 0) 674.0 (0.0000878572 0.0001280308) 0.062500 0.000012 1.1e+01 5.0e-02 (0.0012359619 0.0011739731) 7.4e-06 1.2e-06 0 1 1 0 1 0 1 fwd conv2d_host_validation_f16_fwd_CHECK_ISSUE_127_12_f16 (41 of 107)
12845056   (12778962 60447 5647 0) 933.0 (0.0000790954 0.0001347065) 0.125000 0.000011 9.3e+00 5.1e-02 (-0.0013284683 -0.0012607574) 7.1e-06 1.1e-06 0 1 1 0 1 0 1 fwd conv2d_host_validation_f16_fwd_CHECK_ISSUE_127_13_f16 (42 of 107)
12845056   (12774337 64653 6066 0) 646.0 (0.0000609159 0.0000224113) 0.062500 0.000013 2.4e+01 5.8e-02 (0.0012474060 0.0013198853) 1.1e-05 1.3e-06 0 1 1 0 1 0 1 fwd conv2d_host_validation_f16_fwd_CHECK_ISSUE_127_14_f16 (43 of 107)
12845056   (12773596 65353 6107 0) 516.0 (-0.0002424717 -0.0001809597) 0.031250 0.000013 2.3e+01 5.3e-02 (-0.0012865067 -0.0012187958) 8.7e-06 1.3e-06 0 1 1 0 1 0 1 fwd conv2d_host_validation_f16_fwd_CHECK_ISSUE_127_1_f16 (44 of 107)
6422528    (6376995 41405 4128 0) 1144.0 (-0.0000588894 -0.0001270771) 0.062500 0.000025 1.4e+01 6.6e-02 (-0.0012598038 -0.0013427734) 1.3e-05 1.1e-06 0 1 1 0 1 0 1 fwd conv2d_host_validation_f16_fwd_CHECK_ISSUE_127_2_f16 (45 of 107)
25690112   (25581894 98999 9219 0) 800.0 (-0.0000839829 -0.0000362992) 0.031250 0.000007 5.6e+00 5.2e-02 (-0.0012722015 -0.0012063980) 5.4e-06 3.7e-06 0 1 1 0 1 0 1 fwd conv2d_host_validation_f16_fwd_CHECK_ISSUE_127_3_f16 (46 of 107)
12845056   (12771610 66986 6460 0) 992.0 (-0.0000687838 -0.0001279116) 0.031250 0.000013 5.0e+00 5.0e-02 (-0.0014743805 -0.0013999939) 8.0e-06 4.5e-06 0 1 1 0 1 0 1 fwd conv2d_host_validation_f16_fwd_CHECK_ISSUE_127_4_f16 (47 of 107)
12845056   (12774602 64285 6169 0) 1100.0 (-0.0001751184 -0.0001095533) 0.062500 0.000012 1.4e+01 4.9e-02 (0.0011472702 0.0012035370) 9.1e-06 4.2e-06 0 1 1 0 1 0 1 fwd conv2d_host_validation_f16_fwd_CHECK_ISSUE_127_5_f16 (48 of 107)
7372800    (7366261 6083 456 0) 186.0 (-0.0001846552 -0.0002068281) 0.007812 0.000000 2.5e-01 4.5e-02 (-0.0010643005 -0.0011119843) 9.8e-07 1.8e-06 0 1 1 0 1 0 1 fwd conv2d_host_validation_f16_fwd_CHECK_ISSUE_40_1_f16 (49 of 107)
3440640    (3432198 7524 918 0) 522.0 (0.0001299381 0.0000988245) 0.007812 0.000002 1.2e+00 4.4e-02 (0.0010108948 0.0009660721) 3.5e-06 3.0e-06 0 1 1 0 1 0 1 fwd conv2d_host_validation_f16_fwd_CHECK_ISSUE_40_2_f16 (50 of 107)
6422528    (6405732 15390 1406 0) 389.0 (0.0001079440 0.0001311302) 0.015625 0.000002 9.2e+00 4.1e-02 (0.0014228821 0.0013647079) 5.4e-06 3.1e-06 0 1 1 0 1 0 1 fwd conv2d_host_validation_f16_fwd_CHECK_ISSUE_40_3_f16 (51 of 107)
14745600   (14722647 21135 1818 0) 572.0 (0.0000998974 0.0001339912) 0.015625 0.000001 6.5e+00 5.4e-02 (-0.0010700226 -0.0011281967) 2.4e-06 2.2e-06 0 1 1 0 1 0 1 fwd conv2d_host_validation_f16_fwd_CHECK_ISSUE_40_4_f16 (52 of 107)
6881280    (6869268 10898 1114 0) 379.0 (-0.0001076460 -0.0000850558) 0.007812 0.000001 6.7e-01 5.1e-02 (0.0010557175 0.0011100769) 2.3e-06 2.4e-06 0 1 0 0 0 0 1 fwd conv2d_host_validation_f16_fwd_CHECK_ISSUE_40_5_f16 (53 of 107)
1048576    (1046954 1481 141 0) 134.0 (-0.0004723072 -0.0004403591) 0.007812 0.000001 8.4e-02 2.8e-02 (0.0015764236 0.0016202927) 1.6e-06 2.3e-06 0 1 1 0 1 0 1 fwd conv2d_host_validation_f16_fwd_CHECK_ISSUE_41_10_f16 (54 of 107)
12845056   (12829035 14566 1455 0) 688.0 (0.0000954866 0.0000544786) 0.007812 0.000001 1.1e+00 4.1e-02 (0.0010652542 0.0011091232) 1.7e-06 2.2e-06 0 1 1 0 1 0 1 fwd conv2d_host_validation_f16_fwd_CHECK_ISSUE_41_11_f16 (55 of 107)
9437184    (9419364 16341 1479 0) 754.0 (-0.0000799894 -0.0001249313) 0.015625 0.000001 6.5e-01 2.0e-02 (-0.0012226105 -0.0011978149) 2.2e-06 2.4e-06 0 1 1 0 1 0 1 fwd conv2d_host_validation_f16_fwd_CHECK_ISSUE_41_12_f16 (56 of 107)
921600     (920646 885 69 0) 276.0 (0.0001236200 0.0001071692) 0.003906 0.000000 1.4e-01 1.9e-02 (0.0020046234 0.0019664764) 1.4e-06 1.9e-06 0 1 1 0 1 0 1 fwd conv2d_host_validation_f16_fwd_CHECK_ISSUE_41_2_f16 (57 of 107)
1605632    (1603978 1529 125 0) 99.0 (0.0004618168 0.0004382133) 0.007812 0.000000 5.7e-02 1.5e-02 (0.0029754639 0.0029296875) 1.0e-06 1.8e-06 0 1 1 0 1 0 1 fwd conv2d_host_validation_f16_fwd_CHECK_ISSUE_41_3_f16 (58 of 107)
200704     (200518 169 17 0) 9.0 (0.0017251968 0.0017166138) 0.003906 0.000000 1.2e-02 5.0e-03 (0.0017251968 0.0017166138) 8.4e-07 2.0e-06 0 1 1 0 1 0 1 fwd conv2d_host_validation_f16_fwd_CHECK_ISSUE_41_4_f16 (59 of 107)
1605632    (1602765 2603 264 0) 808.0 (0.0000066757 0.0000548363) 0.007812 0.000001 7.2e+00 2.6e-02 (-0.0014438629 -0.0014066696) 8.5e-06 2.4e-06 0 1 1 0 1 0 1 fwd conv2d_host_validation_f16_fwd_CHECK_ISSUE_41_5_f16 (60 of 107)
802816     (802162 609 45 0) 10.0 (-0.0015306473 -0.0015211105) 0.007812 0.000000 4.5e-02 6.4e-03 (-0.0053405762 -0.0053749084) 8.0e-07 1.7e-06 0 1 1 0 1 0 1 fwd conv2d_host_validation_f16_fwd_CHECK_ISSUE_41_6_f16 (61 of 107)
4194304    (4189741 4195 368 0) 312.0 (-0.0002479553 -0.0002107620) 0.007812 0.000000 2.6e-01 2.4e-02 (0.0010604858 0.0010862350) 1.1e-06 2.1e-06 0 1 1 0 1 0 1 fwd conv2d_host_validation_f16_fwd_CHECK_ISSUE_41_7_f16 (62 of 107)
3211264    (3205102 5610 552 0) 748.0 (-0.0000452399 -0.0000898242) 0.007812 0.000001 9.9e-01 2.1e-02 (-0.0011415482 -0.0011653900) 2.4e-06 2.6e-06 0 1 1 0 1 0 1 fwd conv2d_host_validation_f16_fwd_CHECK_ISSUE_41_8_f16 (63 of 107)
2359296    (2356960 2146 190 0) 204.0 (-0.0004212856 -0.0003726482) 0.003906 0.000000 1.2e-01 2.8e-02 (-0.0012540817 -0.0012893677) 1.0e-06 2.0e-06 0 1 1 0 1 0 1 fwd conv2d_host_validation_f16_fwd_CHECK_ISSUE_41_9_f16 (64 of 107)
25690112   (25590610 91033 8469 0) 1011.0 (-0.0000358224 0.0000244379) 0.031250 0.000006 9.0e+00 5.7e-02 (0.0012445450 0.0011739731) 6.1e-06 3.8e-06 0 1 1 0 1 0 1 fwd conv2d_host_validation_f16_fwd_CHECK_KCYX_NCHW_NKHW1_f16 (65 of 107)
3686400    (3684376 1907 117 0) 40.0 (0.0016212463 0.0016593933) 0.003906 0.000000 6.5e-02 2.4e-02 (0.0016212463 0.0016593933) 5.2e-07 1.6e-06 0 1 1 0 1 0 1 fwd conv2d_host_validation_f16_fwd_CHECK_KCYX_NCHW_NKHW2_f16 (66 of 107)
409600     (409380 205 15 0) 4.0 (0.0001969337 0.0001974106) 0.001953 0.000000 6.0e-03 9.8e-04 (0.2502441406 0.2500000000) 4.6e-07 1.2e-06 0 1 1 0 1 0 1 fwd conv2d_host_validation_f16_fwd_CHECK_KCYX_NCHW_NKHW3_f16 (67 of 107)
147456     (147382 70 4 0) 4.0 (-0.0000654459 -0.0000656843) 0.003906 0.000000 6.3e-03 9.7e-04 (-0.5009765625 -0.5014648438) 4.4e-07 1.7e-06 0 1 1 0 1 0 1 fwd conv2d_host_validation_f16_fwd_CHECK_KCYX_NCHW_NKHW4_f16 (68 of 107)
102400     (102349 48 3 0) 2.0 (-0.0001854897 -0.0001857281) 0.001953 0.000000 8.1e-03 9.6e-04 (-0.0317077637 -0.0317382812) 4.7e-07 1.4e-06 0 1 1 0 1 0 1 fwd conv2d_host_validation_f16_fwd_CHECK_KCYX_NCHW_NKHW5_f16 (69 of 107)
15745024   (15725361 17410 2253 0) 816.0 (0.0000783205 0.0000296831) 0.003906 0.000000 2.6e+00 5.1e-02 (-0.0011281967 -0.0011854172) 2.2e-06 2.1e-06 0 1 1 0 1 0 1 fwd conv2d_host_validation_f16_fwd_CHECK_KCYX_NCHW_NKHW6_f16 (70 of 107)
13778944   (13756098 20804 2042 0) 920.0 (0.0000699759 0.0001248121) 0.007812 0.000001 2.6e+00 4.2e-02 (0.0011110306 0.0010643005) 2.7e-06 2.5e-06 0 1 1 0 1 0 1 fwd conv2d_host_validation_f16_fwd_CHECK_KCYX_NCHW_NKHW7_f16 (71 of 107)
25690112   (25583400 97631 9081 0) 703.0 (-0.0000060797 0.0000358224) 0.250000 0.000006 7.5e+00 5.0e-02 (0.0010986328 0.0011539459) 6.2e-06 6.2e-07 0 1 1 0 1 0 1 fwd conv2d_host_validation_f16_fwd_CHECK_KYXC_NHWC_NHWK1_f16 (72 of 107)
3686400    (3684278 1994 128 0) 31.0 (-0.0009250641 -0.0009102821) 0.003906 0.000000 4.3e-02 1.0e-02 (-0.0040893555 -0.0041313171) 5.1e-07 1.6e-06 0 1 1 0 1 0 1 fwd conv2d_host_validation_f16_fwd_CHECK_KYXC_NHWC_NHWK2_f16 (73 of 107)
409600     (409124 426 50 0) 609.0 (-0.0001416206 -0.0001053214) 0.003906 0.000000 2.6e-01 1.2e-02 (-0.0019798279 -0.0020027161) 1.7e-06 1.9e-06 0 1 1 0 1 0 1 fwd conv2d_host_validation_f16_fwd_CHECK_KYXC_NHWC_NHWK3_f16 (74 of 107)
147456     (147389 64 3 0) 4.0 (0.0000541806 0.0000539422) 0.003906 0.000000 8.7e-02 1.6e-03 (-0.0070724487 -0.0070610046) 9.2e-07 1.7e-06 0 1 1 0 1 0 1 fwd conv2d_host_validation_f16_fwd_CHECK_KYXC_NHWC_NHWK4_f16 (75 of 107)
102400     (102349 49 2 0) 2.0 (-0.0004088879 -0.0004093647) 0.001953 0.000000 3.2e-03 9.1e-04 (-0.5375976562 -0.5371093750) 3.6e-07 1.3e-06 0 1 1 0 1 0 1 fwd conv2d_host_validation_f16_fwd_CHECK_KYXC_NHWC_NHWK5_f16 (76 of 107)
15745024   (15727257 15864 1903 0) 682.0 (0.0000253320 0.0000659823) 0.003906 0.000000 6.7e+00 4.4e-02 (0.0011930466 0.0011405945) 2.2e-06 1.8e-06 0 1 1 0 1 0 1 fwd conv2d_host_validation_f16_fwd_CHECK_KYXC_NHWC_NHWK6_f16 (77 of 107)
13778944   (13758628 18609 1707 0) 772.0 (-0.0000675321 -0.0001135468) 0.007812 0.000001 6.8e-01 3.7e-02 (0.0014276505 0.0013751984) 1.8e-06 2.0e-06 0 1 1 0 1 0 1 fwd conv2d_host_validation_f16_fwd_CHECK_KYXC_NHWC_NHWK7_f16 (78 of 107)
802816     (802435 359 22 0) 6.0 (0.0124664307 0.0125122070) 0.003906 0.000000 3.6e-01 3.7e-03 (0.0124664307 0.0125122070) 9.9e-07 1.4e-06 0 1 1 0 1 0 1 fwd conv2d_host_validation_f16_fwd_CHECK_PADDING1_f16 (79 of 107)
802816     (802433 363 20 0) 8.0 (-0.0000090599 -0.0000085831) 0.003906 0.000000 1.0e+00 9.7e-04 (0.0157165527 0.0157012939) 1.8e-06 1.3e-06 0 1 1 0 1 0 1 fwd conv2d_host_validation_f16_fwd_CHECK_PADDING2_f16 (80 of 107)
2048       (2046 2 0 0) 1.0 (-0.0001451969 -0.0001450777) 0.000977 0.000000 8.2e-04 5.8e-04 (1.6894531250 1.6884765625) 6.8e-07 3.9e-06 0 1 1 0 1 0 1 fwd conv2d_host_validation_f16_fwd_CHECK_PADDING3_f16 (81 of 107)
205520896  (205346779 161296 12821 0) 804.0 (0.0000227690 0.0000706911) 0.007812 0.000000 3.5e+02 4.3e-02 (-0.0011177063 -0.0011653900) 2.8e-06 1.5e-06 0 1 0 0 1 0 1 fwd conv2d_host_validation_f32_fwd_GROUP_NCHW_f16 (82 of 107)
51380224   (51336607 40395 3222 0) 572.0 (0.0000910759 0.0000569820) 0.007812 0.000000 1.2e+00 4.2e-02 (0.0010175705 0.0009746552) 1.0e-06 1.6e-06 1 0 0 0 0 1 0 fwd conv2d_host_validation_random_CHECK_KCYX_NCHW_NKHW_5_f16 (83 of 107)
51380224   (51336985 40089 3150 0) 479.0 (0.0001502037 0.0001216531) 0.007812 0.000000 1.5e+00 3.7e-02 (0.0012521744 0.0012989044) 1.0e-06 1.6e-06 1 0 0 0 0 1 0 fwd conv2d_host_validation_random_CHECK_KCYX_NCHW_NKHW_6_f16 (84 of 107)
47775744   (47626840 136418 12486 0) 972.0 (0.0000490546 -0.0000088811) 0.015625 0.000004 3.1e+01 5.6e-02 (0.0010433197 0.0009851456) 5.7e-06 3.1e-06 1 0 0 0 0 1 0 fwd conv2d_host_validation_random_CHECK_KCYX_NCHW_NKHW_7_f16 (85 of 107)
51380224   (51237497 131269 11458 0) 992.0 (0.0000814199 0.0000222921) 0.015625 0.000003 5.5e+00 5.2e-02 (0.0010404587 0.0009860992) 3.7e-06 2.9e-06 1 0 0 0 0 1 0 fwd conv2d_host_validation_random_CHECK_KCYX_NCHW_NKHW_8_f16 (86 of 107)
16777216   (16751718 21206 4292 0) 987.0 (0.0000485778 -0.0000102520) 0.001953 0.000000 6.3e+00 5.2e-02 (0.0010452271 0.0010995865) 3.5e-06 2.1e-06 1 0 0 0 0 1 0 fwd conv2d_host_validation_random_CHECK_KYXC_NHWC_NHWK_4_f16 (87 of 107)
16777216   (16773780 3261 175 0) 94.0 (0.0004324913 0.0004100800) 0.001953 0.000000 1.0e-01 2.9e-02 (0.0014257431 0.0014667511) 2.0e-07 7.8e-07 1 0 0 0 0 1 0 fwd conv2d_host_validation_random_CHECK_KYXC_NHWC_NHWK_5_f16 (88 of 107)
25690112   (25585820 95397 8895 0) 859.0 (0.0000085235 -0.0000426769) 0.031250 0.000006 7.1e+00 6.5e-02 (0.0010147095 0.0010805130) 6.7e-06 3.8e-06 1 0 1 0 0 1 0 fwd conv2d_host_validation_random_CHECK_RAND_FLOAT_2_f16 (89 of 107)
205520896  (205296478 204494 19924 0) 988.0 (-0.0000830889 -0.0000241995) 0.007812 0.000000 1.0e+01 5.1e-02 (0.0011539459 0.0010948181) 1.6e-06 1.0e-06 1 0 0 0 0 1 0 fwd conv2d_host_validation_random_GROUP_NHWC_f16 (90 of 107)
30720      (30676 42 2 0) 2.0 (-0.0012645721 -0.0012626648) 0.003906 0.000001 1.5e-03 1.5e-03 (-0.0012645721 -0.0012626648) 1.0e-06 2.2e-06 0 1 0 0 1 0 1 fwd padding_kernel_all_fwd_CHECK_RESNET50_CONFIG2_f16 (91 of 107)
30720      (30687 30 3 0) 9.0 (0.0034236908 0.0034065247) 0.003906 0.000000 5.0e-03 5.0e-03 (0.0034236908 0.0034065247) 9.8e-07 1.8e-06 0 1 0 0 1 0 1 fwd padding_kernel_all_fwd_CHECK_RESNET50_CONFIG4_f16 (92 of 107)
882        (877 5 0 0) 1.0 (-11.3046875000 -11.3125000000) 0.007812 0.000009 9.4e-04 9.4e-04 (0.1293945312 0.1295166016) 4.0e-06 3.7e-06 0 1 0 0 1 0 1 bwd_weight padding_kernel_all_wrw_CHECK_RESNET50_CONFIG2_f16 (93 of 107)
882        (876 4 2 0) 2.0 (0.0083847046 0.0083694458) 0.015625 0.000023 1.8e-03 1.8e-03 (0.0083847046 0.0083694458) 6.1e-06 7.5e-06 0 1 0 0 1 0 1 bwd_weight padding_kernel_all_wrw_CHECK_RESNET50_CONFIG4_f16 (94 of 107)
205520896  (205071542 407024 42330 0) 904.0 (-0.0001459122 -0.0000920296) 0.015625 0.000001 2.8e+01 4.8e-02 (-0.0010385513 -0.0009889603) 3.3e-06 2.4e-06 0 1 1 0 1 0 1 fwd padding_kernel_gemmK_CHECK_RESNET50_F16_CONFIG1 (95 of 107)
205520896  (205245357 254398 21141 0) 750.0 (-0.0000985861 -0.0000538826) 0.015625 0.000001 4.6e+00 5.0e-02 (0.0010471344 0.0010995865) 1.7e-06 1.9e-06 0 1 1 0 1 0 1 fwd padding_kernel_gemmK_CHECK_RESNET50_F16_CONFIG2 (96 of 107)
205520896  (205247822 252234 20840 0) 870.0 (0.0000107884 -0.0000410676) 0.007812 0.000001 1.5e+01 4.6e-02 (0.0010137558 0.0009670258) 1.9e-06 2.0e-06 0 1 1 0 1 0 1 fwd padding_kernel_gemmK_CHECK_RESNET50_F16_CONFIG4 (97 of 107)
9408       (8884 464 60 0) 77.0 (-0.0358276367 -0.0334777832) 0.500000 0.004583 6.6e-02 6.6e-02 (-0.0358276367 -0.0334777832) 6.2e-05 2.6e-05 0 1 1 0 1 0 1 bwd_weight padding_kernel_gemmN_CHECK_RESNET50_CONFIG2 (98 of 107)
9408       (8910 434 64 0) 166.0 (-0.0340881348 -0.0391540527) 0.500000 0.003936 1.5e-01 1.5e-01 (-0.0340881348 -0.0391540527) 8.0e-05 2.7e-05 0 1 1 0 1 0 1 bwd_weight padding_kernel_gemmN_CHECK_RESNET50_CONFIG4 (99 of 107)
6422528    (6397139 23213 2176 0) 552.0 (0.0000567436 0.0000238419) 0.031250 0.000006 1.6e+01 4.1e-02 (0.0012674332 0.0013189316) 7.4e-06 3.9e-06 0 0 0 0 1 0 1 fwd Resnet50_validation_nchw_CHECK_NCHW_1_f16 (100 of 107)
25690112   (25649423 37241 3448 0) 640.0 (0.0000556707 0.0000938177) 0.007812 0.000001 1.6e+01 4.7e-02 (-0.0010271072 -0.0009784698) 3.3e-06 2.2e-06 0 0 0 0 1 0 1 fwd Resnet50_validation_nchw_CHECK_NCHW_2_f16 (101 of 107)
147456     (145221 2005 230 0) 792.0 (0.0001292229 0.0000820160) 16.000000 0.000289 3.7e-01 7.4e-02 (0.0029258728 0.0027084351) 2.0e-05 2.5e-06 0 0 0 0 1 0 1 bwd_weight Resnet50_validation_nchw_CHECK_NCHW_3_f16 (102 of 107)
65536      (64498 941 97 0) 93.0 (-0.0022945404 -0.0024719238) 0.125000 0.000213 7.7e-02 7.7e-02 (-0.0022945404 -0.0024719238) 1.7e-05 8.1e-06 0 0 0 0 1 0 1 bwd_weight Resnet50_validation_nchw_CHECK_NCHW_4_f16 (103 of 107)
6422528    (6395502 24756 2270 0) 276.0 (-0.0002605915 -0.0002276897) 0.031250 0.000007 1.9e+01 3.1e-02 (0.0013065338 0.0012655258) 7.6e-06 1.4e-06 0 0 0 0 1 0 1 fwd Resnet50_validation_nhwc_CHECK_NHWC_1_f16 (104 of 107)
25690112   (25650916 35843 3353 0) 649.0 (0.0000059605 -0.0000327229) 0.007812 0.000001 6.5e+00 2.8e-02 (-0.0013685226 -0.0013303757) 2.4e-06 8.2e-07 0 0 0 0 1 0 1 fwd Resnet50_validation_nhwc_CHECK_NHWC_2_f16 (105 of 107)
147456     (145095 2143 218 0) 404.0 (0.0003633499 0.0004596710) 16.000000 0.000668 2.7e-01 4.0e-02 (-0.0044517517 -0.0046310425) 2.0e-05 4.9e-06 0 0 0 0 1 0 1 bwd_weight Resnet50_validation_nhwc_CHECK_NHWC_3_f16 (106 of 107)
65536      (64472 958 106 0) 427.0 (0.0009074211 0.0011110306) 0.125000 0.000214 2.2e-01 4.9e-02 (0.0023956299 0.0025119781) 2.3e-05 9.8e-06 0 0 0 0 1 0 1 bwd_weight Resnet50_validation_nhwc_CHECK_NHWC_4_f16 (107 of 107)
