25690112   (25681951 8161 0 0) 1.0 (56640.0000000000 56672.0000000000) 32.000000 0.010165 5.7e-04 5.7e-04 (55840.0000000000 55872.0000000000) 1.8e-07 9.1e-06 1 0 0 0 0 1 0 fwd conv2d_harness_cpu_verifier_kyxc_nhwc_nhwk_f16_E2E_f16 (1 of 107)
802816     (802752 64 0 0) 1.0 (3734.0000000000 3736.0000000000) 2.000000 0.000159 6.1e-04 6.1e-04 (3260.0000000000 3262.0000000000) 4.4e-08 4.3e-06 0 1 1 0 1 0 1 bwd_data conv2d_host_validation_f16_bwd_CHECK_BWD_DATA1 (2 of 107)
4096       (4096 0 0 0) 0.0 (0.0000000000 0.0000000000) 0.000000 0.000000 0.0e+00 0.0e+00 (0.0000000000 0.0000000000) 0.0e+00 0.0e+00 0 1 1 0 1 0 1 bwd_weight conv2d_host_validation_f16_bwd_CHECK_BWD_WEIGHT1 (3 of 107)
147456     (147456 0 0 0) 0.0 (0.0000000000 0.0000000000) 0.000000 0.000000 0.0e+00 0.0e+00 (0.0000000000 0.0000000000) 0.0e+00 0.0e+00 0 1 1 0 1 0 1 bwd_weight conv2d_host_validation_f16_bwd_CHECK_ISSUE_127_10 (4 of 107)
294912     (294912 0 0 0) 0.0 (0.0000000000 0.0000000000) 0.000000 0.000000 0.0e+00 0.0e+00 (0.0000000000 0.0000000000) 0.0e+00 0.0e+00 0 1 1 0 1 0 1 bwd_weight conv2d_host_validation_f16_bwd_CHECK_ISSUE_127_15 (5 of 107)
589824     (589824 0 0 0) 0.0 (0.0000000000 0.0000000000) 0.000000 0.000000 0.0e+00 0.0e+00 (0.0000000000 0.0000000000) 0.0e+00 0.0e+00 0 1 1 0 1 0 1 bwd_weight conv2d_host_validation_f16_bwd_CHECK_ISSUE_127_16 (6 of 107)
1179648    (1179648 0 0 0) 0.0 (0.0000000000 0.0000000000) 0.000000 0.000000 0.0e+00 0.0e+00 (0.0000000000 0.0000000000) 0.0e+00 0.0e+00 0 1 1 0 1 0 1 bwd_weight conv2d_host_validation_f16_bwd_CHECK_ISSUE_127_17 (7 of 107)
147456     (147456 0 0 0) 0.0 (0.0000000000 0.0000000000) 0.000000 0.000000 0.0e+00 0.0e+00 (0.0000000000 0.0000000000) 0.0e+00 0.0e+00 0 1 1 0 1 0 1 bwd_weight conv2d_host_validation_f16_bwd_CHECK_ISSUE_127_18 (8 of 107)
2097152    (2097152 0 0 0) 0.0 (0.0000000000 0.0000000000) 0.000000 0.000000 0.0e+00 0.0e+00 (0.0000000000 0.0000000000) 0.0e+00 0.0e+00 0 1 1 0 1 0 1 bwd_weight conv2d_host_validation_f16_bwd_CHECK_ISSUE_127_6 (9 of 107)
262144     (262144 0 0 0) 0.0 (0.0000000000 0.0000000000) 0.000000 0.000000 0.0e+00 0.0e+00 (0.0000000000 0.0000000000) 0.0e+00 0.0e+00 0 1 1 0 1 0 1 bwd_weight conv2d_host_validation_f16_bwd_CHECK_ISSUE_127_7 (10 of 107)
147456     (147456 0 0 0) 0.0 (0.0000000000 0.0000000000) 0.000000 0.000000 0.0e+00 0.0e+00 (0.0000000000 0.0000000000) 0.0e+00 0.0e+00 0 1 1 0 1 0 1 bwd_weight conv2d_host_validation_f16_bwd_CHECK_ISSUE_127_8 (11 of 107)
147456     (147456 0 0 0) 0.0 (0.0000000000 0.0000000000) 0.000000 0.000000 0.0e+00 0.0e+00 (0.0000000000 0.0000000000) 0.0e+00 0.0e+00 0 1 1 0 1 0 1 bwd_weight conv2d_host_validation_f16_bwd_CHECK_ISSUE_127_9 (12 of 107)
1024       (1024 0 0 0) 0.0 (0.0000000000 0.0000000000) 0.000000 0.000000 0.0e+00 0.0e+00 (0.0000000000 0.0000000000) 0.0e+00 0.0e+00 0 1 1 0 1 0 1 bwd_weight conv2d_host_validation_f16_bwd_CHECK_ISSUE_70_1 (13 of 107)
65536      (65536 0 0 0) 0.0 (0.0000000000 0.0000000000) 0.000000 0.000000 0.0e+00 0.0e+00 (0.0000000000 0.0000000000) 0.0e+00 0.0e+00 0 1 1 0 1 0 1 bwd_weight conv2d_host_validation_f16_bwd_CHECK_ISSUE_70_2 (14 of 107)
4096       (4096 0 0 0) 0.0 (0.0000000000 0.0000000000) 0.000000 0.000000 0.0e+00 0.0e+00 (0.0000000000 0.0000000000) 0.0e+00 0.0e+00 0 1 1 0 1 0 1 bwd_weight conv2d_host_validation_f16_bwd_CHECK_ISSUE_70_3 (15 of 107)
1024       (1024 0 0 0) 0.0 (0.0000000000 0.0000000000) 0.000000 0.000000 0.0e+00 0.0e+00 (0.0000000000 0.0000000000) 0.0e+00 0.0e+00 0 1 1 0 1 0 1 bwd_weight conv2d_host_validation_f16_bwd_CHECK_ISSUE_71_1 (16 of 107)
1024       (1024 0 0 0) 0.0 (0.0000000000 0.0000000000) 0.000000 0.000000 0.0e+00 0.0e+00 (0.0000000000 0.0000000000) 0.0e+00 0.0e+00 0 1 1 0 1 0 1 bwd_weight conv2d_host_validation_f16_bwd_CHECK_ISSUE_71_2 (17 of 107)
1024       (1024 0 0 0) 0.0 (0.0000000000 0.0000000000) 0.000000 0.000000 0.0e+00 0.0e+00 (0.0000000000 0.0000000000) 0.0e+00 0.0e+00 0 1 1 0 1 0 1 bwd_weight conv2d_host_validation_f16_bwd_CHECK_ISSUE_71_3 (18 of 107)
1024       (1024 0 0 0) 0.0 (0.0000000000 0.0000000000) 0.000000 0.000000 0.0e+00 0.0e+00 (0.0000000000 0.0000000000) 0.0e+00 0.0e+00 0 1 1 0 1 0 1 bwd_weight conv2d_host_validation_f16_bwd_CHECK_ISSUE_71_4 (19 of 107)
12845056   (12843041 2015 0 0) 1.0 (10584.0000000000 10576.0000000000) 16.000000 0.001368 9.8e-04 9.8e-04 (16384.0000000000 16400.0000000000) 9.5e-08 6.5e-06 0 0 0 0 0 1 0 fwd conv2d_host_validation_f16_CHECK_RESNET101_NCHW_CONFIG1_FWD_f16 (20 of 107)
12845056   (12843123 1933 0 0) 1.0 (10872.0000000000 10864.0000000000) 16.000000 0.001231 9.8e-04 9.8e-04 (16384.0000000000 16400.0000000000) 9.4e-08 5.9e-06 0 0 0 0 0 1 0 fwd conv2d_host_validation_f16_CHECK_RESNET101_NCHW_CONFIG2_FWD_f16 (21 of 107)
25690112   (25685821 4291 0 0) 1.0 (14080.0000000000 14088.0000000000) 8.000000 0.001336 5.9e-04 5.9e-04 (13512.0000000000 13504.0000000000) 9.3e-08 6.6e-06 0 0 0 0 0 1 0 bwd_data conv2d_host_validation_f16_CHECK_RESNET101_NCHW_CONFIG8_BWD_f16 (22 of 107)
102760448  (102752304 8144 0 0) 1.0 (3632.0000000000 3634.0000000000) 2.000000 0.000159 6.2e-04 6.2e-04 (3208.0000000000 3206.0000000000) 4.4e-08 4.2e-06 0 0 0 0 0 1 0 fwd conv2d_host_validation_f16_CHECK_RESNET101_NCHW_CONFIG8_FWD_f16 (23 of 107)
16384      (16384 0 0 0) 0.0 (0.0000000000 0.0000000000) 0.000000 0.000000 0.0e+00 0.0e+00 (0.0000000000 0.0000000000) 0.0e+00 0.0e+00 0 0 0 0 0 1 0 bwd_weight conv2d_host_validation_f16_CHECK_RESNET101_NCHW_CONFIG8_WRW_f16 (24 of 107)
12845056   (12843164 1892 0 0) 1.0 (16312.0000000000 16304.0000000000) 16.000000 0.001309 9.8e-04 9.8e-04 (16384.0000000000 16400.0000000000) 8.8e-08 6.4e-06 0 0 0 0 0 1 0 fwd conv2d_host_validation_f16_CHECK_RESNET101_NHWC_CONFIG1_FWD_f16 (25 of 107)
12845056   (12843342 1714 0 0) 1.0 (10968.0000000000 10976.0000000000) 16.000000 0.001123 9.8e-04 9.8e-04 (16384.0000000000 16400.0000000000) 8.3e-08 5.8e-06 0 0 0 0 0 1 0 fwd conv2d_host_validation_f16_CHECK_RESNET101_NHWC_CONFIG2_FWD_f16 (26 of 107)
25690112   (25686005 4107 0 0) 1.0 (14720.0000000000 14712.0000000000) 8.000000 0.001279 5.9e-04 5.9e-04 (13464.0000000000 13472.0000000000) 8.9e-08 6.4e-06 0 0 0 0 0 1 0 bwd_data conv2d_host_validation_f16_CHECK_RESNET101_NHWC_CONFIG8_BWD_f16 (27 of 107)
102760448  (102752375 8073 0 0) 1.0 (3466.0000000000 3464.0000000000) 4.000000 0.000157 9.7e-04 9.7e-04 (4140.0000000000 4144.0000000000) 4.4e-08 4.1e-06 0 0 0 0 0 1 0 fwd conv2d_host_validation_f16_CHECK_RESNET101_NHWC_CONFIG8_FWD_f16 (28 of 107)
16384      (16384 0 0 0) 0.0 (0.0000000000 0.0000000000) 0.000000 0.000000 0.0e+00 0.0e+00 (0.0000000000 0.0000000000) 0.0e+00 0.0e+00 0 0 0 0 0 1 0 bwd_weight conv2d_host_validation_f16_CHECK_RESNET101_NHWC_CONFIG8_WRW_f16 (29 of 107)
4194304    (4194304 0 0 0) 0.0 (0.0000000000 0.0000000000) 0.000000 0.000000 0.0e+00 0.0e+00 (0.0000000000 0.0000000000) 0.0e+00 0.0e+00 0 1 1 0 1 0 1 fwd conv2d_host_validation_f16_fwd_CHECK_FILTER1_f16 (30 of 107)
4194304    (4194304 0 0 0) 0.0 (0.0000000000 0.0000000000) 0.000000 0.000000 0.0e+00 0.0e+00 (0.0000000000 0.0000000000) 0.0e+00 0.0e+00 0 1 1 0 1 0 1 fwd conv2d_host_validation_f16_fwd_CHECK_FILTER2_f16 (31 of 107)
16777216   (16777180 36 0 0) 1.0 (509.0000000000 508.7500000000) 0.500000 0.000001 9.6e-04 9.6e-04 (520.0000000000 520.5000000000) 1.2e-09 6.2e-07 0 1 1 0 1 0 1 fwd conv2d_host_validation_f16_fwd_CHECK_ISSUE_114_1_f16 (32 of 107)
16777216   (16777180 36 0 0) 1.0 (459.5000000000 459.7500000000) 0.500000 0.000001 9.4e-04 9.4e-04 (530.5000000000 530.0000000000) 1.2e-09 6.5e-07 0 1 1 0 1 0 1 fwd conv2d_host_validation_f16_fwd_CHECK_ISSUE_114_2_f16 (33 of 107)
4194304    (4194297 7 0 0) 1.0 (479.2500000000 479.5000000000) 0.250000 0.000000 5.4e-04 5.4e-04 (463.7500000000 464.0000000000) 8.6e-10 4.9e-07 0 1 1 0 1 0 1 fwd conv2d_host_validation_f16_fwd_CHECK_ISSUE_114_3_f16 (34 of 107)
4194304    (4194289 15 0 0) 1.0 (562.5000000000 563.0000000000) 0.500000 0.000001 9.2e-04 9.2e-04 (543.5000000000 544.0000000000) 2.1e-09 8.8e-07 0 1 1 0 1 0 1 fwd conv2d_host_validation_f16_fwd_CHECK_ISSUE_114_4_f16 (35 of 107)
16777216   (16777175 41 0 0) 1.0 (516.0000000000 516.5000000000) 0.500000 0.000001 9.7e-04 9.7e-04 (516.0000000000 516.5000000000) 1.4e-09 6.5e-07 0 1 1 0 1 0 1 fwd conv2d_host_validation_f16_fwd_CHECK_ISSUE_114_5_f16 (36 of 107)
16777216   (16777194 22 0 0) 1.0 (493.2500000000 493.5000000000) 0.500000 0.000000 9.7e-04 9.7e-04 (517.5000000000 517.0000000000) 7.3e-10 4.9e-07 0 1 1 0 1 0 1 fwd conv2d_host_validation_f16_fwd_CHECK_ISSUE_114_6_f16 (37 of 107)
4194304    (4194293 11 0 0) 1.0 (443.5000000000 443.2500000000) 0.500000 0.000001 9.4e-04 9.4e-04 (529.5000000000 530.0000000000) 1.5e-09 6.8e-07 0 1 1 0 1 0 1 fwd conv2d_host_validation_f16_fwd_CHECK_ISSUE_114_7_f16 (38 of 107)
4194304    (4194293 11 0 0) 1.0 (476.5000000000 476.7500000000) 0.500000 0.000001 9.7e-04 9.7e-04 (516.5000000000 517.0000000000) 1.5e-09 7.6e-07 0 1 1 0 1 0 1 fwd conv2d_host_validation_f16_fwd_CHECK_ISSUE_114_8_f16 (39 of 107)
12845056   (12845029 27 0 0) 1.0 (57984.0000000000 57952.0000000000) 32.000000 0.000067 5.6e-04 5.6e-04 (56768.0000000000 56800.0000000000) 1.2e-09 0.0e+00 0 1 1 0 1 0 1 fwd conv2d_host_validation_f16_fwd_CHECK_ISSUE_127_11_f16 (40 of 107)
12845056   (12844977 79 0 0) 1.0 (57216.0000000000 57184.0000000000) 32.000000 0.000197 5.7e-04 5.7e-04 (56224.0000000000 56192.0000000000) 3.4e-09 0.0e+00 0 1 1 0 1 0 1 fwd conv2d_host_validation_f16_fwd_CHECK_ISSUE_127_12_f16 (41 of 107)
12845056   (12844728 328 0 0) 1.0 (57856.0000000000 57824.0000000000) 32.000000 0.000817 5.7e-04 5.7e-04 (56000.0000000000 55968.0000000000) 1.4e-08 0.0e+00 0 1 1 0 1 0 1 fwd conv2d_host_validation_f16_fwd_CHECK_ISSUE_127_13_f16 (42 of 107)
12845056   (12845053 3 0 0) 1.0 (56480.0000000000 56448.0000000000) 32.000000 0.000007 5.7e-04 5.7e-04 (56480.0000000000 56448.0000000000) 1.3e-10 0.0e+00 0 1 1 0 1 0 1 fwd conv2d_host_validation_f16_fwd_CHECK_ISSUE_127_14_f16 (43 of 107)
12845056   (12845056 0 0 0) 0.0 (0.0000000000 0.0000000000) 0.000000 0.000000 0.0e+00 0.0e+00 (0.0000000000 0.0000000000) 0.0e+00 0.0e+00 0 1 1 0 1 0 1 fwd conv2d_host_validation_f16_fwd_CHECK_ISSUE_127_1_f16 (44 of 107)
6422528    (6422528 0 0 0) 0.0 (0.0000000000 0.0000000000) 0.000000 0.000000 0.0e+00 0.0e+00 (0.0000000000 0.0000000000) 0.0e+00 0.0e+00 0 1 1 0 1 0 1 fwd conv2d_host_validation_f16_fwd_CHECK_ISSUE_127_2_f16 (45 of 107)
25690112   (25681385 8647 80 0) inf (65504.0000000000 inf) inf inf inf inf (65504.0000000000 inf) -nan -nan 0 1 1 0 1 0 1 fwd conv2d_host_validation_f16_fwd_CHECK_ISSUE_127_3_f16 (46 of 107)
12845056   (12845056 0 0 0) 0.0 (0.0000000000 0.0000000000) 0.000000 0.000000 0.0e+00 0.0e+00 (0.0000000000 0.0000000000) 0.0e+00 0.0e+00 0 1 1 0 1 0 1 fwd conv2d_host_validation_f16_fwd_CHECK_ISSUE_127_4_f16 (47 of 107)
12845056   (12844931 125 0 0) 1.0 (57504.0000000000 57472.0000000000) 32.000000 0.000311 5.7e-04 5.7e-04 (56416.0000000000 56448.0000000000) 5.4e-09 0.0e+00 0 1 1 0 1 0 1 fwd conv2d_host_validation_f16_fwd_CHECK_ISSUE_127_5_f16 (48 of 107)
7372800    (7372259 541 0 0) 1.0 (4240.0000000000 4244.0000000000) 4.000000 0.000181 9.8e-04 9.8e-04 (4096.0000000000 4100.0000000000) 4.5e-08 4.8e-06 0 1 1 0 1 0 1 fwd conv2d_host_validation_f16_fwd_CHECK_ISSUE_40_1_f16 (49 of 107)
3440640    (3440268 372 0 0) 1.0 (8128.0000000000 8132.0000000000) 8.000000 0.000509 9.8e-04 9.8e-04 (8192.0000000000 8200.0000000000) 6.3e-08 5.7e-06 0 1 1 0 1 0 1 fwd conv2d_host_validation_f16_fwd_CHECK_ISSUE_40_2_f16 (50 of 107)
6422528    (6421416 1112 0 0) 1.0 (22816.0000000000 22832.0000000000) 16.000000 0.002770 7.5e-04 7.5e-04 (21328.0000000000 21344.0000000000) 1.2e-07 8.7e-06 0 1 1 0 1 0 1 fwd conv2d_host_validation_f16_fwd_CHECK_ISSUE_40_3_f16 (51 of 107)
14745600   (14743803 1797 0 0) 1.0 (9168.0000000000 9160.0000000000) 8.000000 0.000973 9.4e-04 9.4e-04 (8512.0000000000 8504.0000000000) 8.8e-08 7.2e-06 0 1 1 0 1 0 1 fwd conv2d_host_validation_f16_fwd_CHECK_ISSUE_40_4_f16 (52 of 107)
6881280    (6880536 744 0 0) 1.0 (6700.0000000000 6704.0000000000) 4.000000 0.000432 6.5e-04 6.5e-04 (6172.0000000000 6168.0000000000) 6.4e-08 5.5e-06 0 1 0 0 0 0 1 fwd conv2d_host_validation_f16_fwd_CHECK_ISSUE_40_5_f16 (53 of 107)
1048576    (1048436 140 0 0) 1.0 (11112.0000000000 11104.0000000000) 8.000000 0.001068 7.5e-04 7.5e-04 (10688.0000000000 10696.0000000000) 9.6e-08 7.5e-06 0 1 1 0 1 0 1 fwd conv2d_host_validation_f16_fwd_CHECK_ISSUE_41_10_f16 (54 of 107)
12845056   (12844152 904 0 0) 1.0 (3996.0000000000 3994.0000000000) 4.000000 0.000175 9.8e-04 9.8e-04 (4096.0000000000 4100.0000000000) 4.3e-08 4.7e-06 0 1 1 0 1 0 1 fwd conv2d_host_validation_f16_fwd_CHECK_ISSUE_41_11_f16 (55 of 107)
9437184    (9436090 1094 0 0) 1.0 (11432.0000000000 11440.0000000000) 8.000000 0.000927 7.7e-04 7.7e-04 (10456.0000000000 10448.0000000000) 8.2e-08 7.0e-06 0 1 1 0 1 0 1 fwd conv2d_host_validation_f16_fwd_CHECK_ISSUE_41_12_f16 (56 of 107)
921600     (921528 72 0 0) 1.0 (3944.0000000000 3946.0000000000) 4.000000 0.000184 9.7e-04 9.7e-04 (4104.0000000000 4100.0000000000) 4.6e-08 4.8e-06 0 1 1 0 1 0 1 fwd conv2d_host_validation_f16_fwd_CHECK_ISSUE_41_2_f16 (57 of 107)
1605632    (1605499 133 0 0) 1.0 (3934.0000000000 3936.0000000000) 4.000000 0.000206 9.8e-04 9.8e-04 (4096.0000000000 4100.0000000000) 5.0e-08 5.0e-06 0 1 1 0 1 0 1 fwd conv2d_host_validation_f16_fwd_CHECK_ISSUE_41_3_f16 (58 of 107)
200704     (200685 19 0 0) 1.0 (3790.0000000000 3788.0000000000) 4.000000 0.000219 9.8e-04 9.8e-04 (4100.0000000000 4104.0000000000) 5.5e-08 5.1e-06 0 1 1 0 1 0 1 fwd conv2d_host_validation_f16_fwd_CHECK_ISSUE_41_4_f16 (59 of 107)
1605632    (1605424 208 0 0) 1.0 (7988.0000000000 7992.0000000000) 8.000000 0.000608 9.8e-04 9.8e-04 (8200.0000000000 8192.0000000000) 7.5e-08 6.3e-06 0 1 1 0 1 0 1 fwd conv2d_host_validation_f16_fwd_CHECK_ISSUE_41_5_f16 (60 of 107)
802816     (802756 60 0 0) 1.0 (4088.0000000000 4090.0000000000) 4.000000 0.000179 9.7e-04 9.7e-04 (4120.0000000000 4116.0000000000) 4.4e-08 4.8e-06 0 1 1 0 1 0 1 fwd conv2d_host_validation_f16_fwd_CHECK_ISSUE_41_6_f16 (61 of 107)
4194304    (4194012 292 0 0) 1.0 (2816.0000000000 2814.0000000000) 4.000000 0.000169 9.8e-04 9.8e-04 (4096.0000000000 4100.0000000000) 4.5e-08 4.6e-06 0 1 1 0 1 0 1 fwd conv2d_host_validation_f16_fwd_CHECK_ISSUE_41_7_f16 (62 of 107)
3211264    (3210892 372 0 0) 1.0 (11048.0000000000 11040.0000000000) 8.000000 0.000918 9.4e-04 9.4e-04 (8496.0000000000 8504.0000000000) 8.7e-08 7.0e-06 0 1 1 0 1 0 1 fwd conv2d_host_validation_f16_fwd_CHECK_ISSUE_41_8_f16 (63 of 107)
2359296    (2359119 177 0 0) 1.0 (3948.0000000000 3950.0000000000) 4.000000 0.000179 9.7e-04 9.7e-04 (4112.0000000000 4108.0000000000) 4.4e-08 4.6e-06 0 1 1 0 1 0 1 fwd conv2d_host_validation_f16_fwd_CHECK_ISSUE_41_9_f16 (64 of 107)
25690112   (25681874 8238 0 0) 1.0 (57568.0000000000 57600.0000000000) 32.000000 0.010261 5.7e-04 5.7e-04 (55744.0000000000 55776.0000000000) 1.8e-07 9.5e-06 0 1 1 0 1 0 1 fwd conv2d_host_validation_f16_fwd_CHECK_KCYX_NCHW_NKHW1_f16 (65 of 107)
3686400    (3686219 181 0 0) 1.0 (2062.0000000000 2064.0000000000) 2.000000 0.000066 9.7e-04 9.7e-04 (2052.0000000000 2050.0000000000) 3.2e-08 4.1e-06 0 1 1 0 1 0 1 fwd conv2d_host_validation_f16_fwd_CHECK_KCYX_NCHW_NKHW2_f16 (66 of 107)
409600     (409580 20 0 0) 1.0 (2043.0000000000 2042.0000000000) 2.000000 0.000071 9.7e-04 9.7e-04 (2058.0000000000 2056.0000000000) 3.4e-08 4.5e-06 0 1 1 0 1 0 1 fwd conv2d_host_validation_f16_fwd_CHECK_KCYX_NCHW_NKHW3_f16 (67 of 107)
147456     (147448 8 0 0) 1.0 (2012.0000000000 2013.0000000000) 2.000000 0.000075 9.7e-04 9.7e-04 (2064.0000000000 2062.0000000000) 3.6e-08 4.4e-06 0 1 1 0 1 0 1 fwd conv2d_host_validation_f16_fwd_CHECK_KCYX_NCHW_NKHW4_f16 (68 of 107)
102400     (102394 6 0 0) 1.0 (1876.0000000000 1875.0000000000) 2.000000 0.000078 9.5e-04 9.5e-04 (2102.0000000000 2100.0000000000) 3.8e-08 4.5e-06 0 1 1 0 1 0 1 fwd conv2d_host_validation_f16_fwd_CHECK_KCYX_NCHW_NKHW5_f16 (69 of 107)
15745024   (15744163 861 0 0) 1.0 (1903.0000000000 1904.0000000000) 2.000000 0.000055 9.7e-04 9.7e-04 (2054.0000000000 2052.0000000000) 3.0e-08 3.3e-06 0 1 1 0 1 0 1 fwd conv2d_host_validation_f16_fwd_CHECK_KCYX_NCHW_NKHW6_f16 (70 of 107)
13778944   (13777366 1578 0 0) 1.0 (7088.0000000000 7084.0000000000) 4.000000 0.000458 6.2e-04 6.2e-04 (6488.0000000000 6492.0000000000) 6.4e-08 5.2e-06 0 1 1 0 1 0 1 fwd conv2d_host_validation_f16_fwd_CHECK_KCYX_NCHW_NKHW7_f16 (71 of 107)
25690112   (25681797 8315 0 0) 1.0 (56544.0000000000 56512.0000000000) 32.000000 0.010357 5.8e-04 5.8e-04 (55520.0000000000 55552.0000000000) 1.8e-07 9.3e-06 0 1 1 0 1 0 1 fwd conv2d_host_validation_f16_fwd_CHECK_KYXC_NHWC_NHWK1_f16 (72 of 107)
3686400    (3686228 172 0 0) 1.0 (2080.0000000000 2078.0000000000) 2.000000 0.000057 9.7e-04 9.7e-04 (2054.0000000000 2052.0000000000) 2.8e-08 3.6e-06 0 1 1 0 1 0 1 fwd conv2d_host_validation_f16_fwd_CHECK_KYXC_NHWC_NHWK2_f16 (73 of 107)
409600     (409587 13 0 0) 1.0 (2006.0000000000 2005.0000000000) 2.000000 0.000039 9.7e-04 9.7e-04 (2052.0000000000 2054.0000000000) 1.9e-08 3.0e-06 0 1 1 0 1 0 1 fwd conv2d_host_validation_f16_fwd_CHECK_KYXC_NHWC_NHWK3_f16 (74 of 107)
147456     (147447 9 0 0) 1.0 (1965.0000000000 1964.0000000000) 2.000000 0.000081 9.7e-04 9.7e-04 (2056.0000000000 2058.0000000000) 4.0e-08 4.6e-06 0 1 1 0 1 0 1 fwd conv2d_host_validation_f16_fwd_CHECK_KYXC_NHWC_NHWK4_f16 (75 of 107)
102400     (102393 7 0 0) 1.0 (2000.0000000000 1999.0000000000) 2.000000 0.000088 9.6e-04 9.6e-04 (2076.0000000000 2074.0000000000) 4.3e-08 4.7e-06 0 1 1 0 1 0 1 fwd conv2d_host_validation_f16_fwd_CHECK_KYXC_NHWC_NHWK5_f16 (76 of 107)
15745024   (15744075 949 0 0) 1.0 (1723.0000000000 1722.0000000000) 1.000000 0.000060 6.5e-04 6.5e-04 (1542.0000000000 1541.0000000000) 3.3e-08 3.5e-06 0 1 1 0 1 0 1 fwd conv2d_host_validation_f16_fwd_CHECK_KYXC_NHWC_NHWK6_f16 (77 of 107)
13778944   (13777346 1598 0 0) 1.0 (6876.0000000000 6872.0000000000) 4.000000 0.000464 6.0e-04 6.0e-04 (6664.0000000000 6668.0000000000) 6.4e-08 5.4e-06 0 1 1 0 1 0 1 fwd conv2d_host_validation_f16_fwd_CHECK_KYXC_NHWC_NHWK7_f16 (78 of 107)
802816     (802780 36 0 0) 1.0 (1999.0000000000 2000.0000000000) 2.000000 0.000054 9.7e-04 9.7e-04 (2068.0000000000 2070.0000000000) 3.0e-08 3.5e-06 0 1 1 0 1 0 1 fwd conv2d_host_validation_f16_fwd_CHECK_PADDING1_f16 (79 of 107)
802816     (802769 47 0 0) 1.0 (1880.0000000000 1879.0000000000) 2.000000 0.000070 9.7e-04 9.7e-04 (2054.0000000000 2052.0000000000) 3.9e-08 4.0e-06 0 1 1 0 1 0 1 fwd conv2d_host_validation_f16_fwd_CHECK_PADDING2_f16 (80 of 107)
2048       (2048 0 0 0) 0.0 (0.0000000000 0.0000000000) 0.000000 0.000000 0.0e+00 0.0e+00 (0.0000000000 0.0000000000) 0.0e+00 0.0e+00 0 1 1 0 1 0 1 fwd conv2d_host_validation_f16_fwd_CHECK_PADDING3_f16 (81 of 107)
205520896  (205504700 16196 0 0) 1.0 (3664.0000000000 3666.0000000000) 2.000000 0.000158 6.3e-04 6.3e-04 (3182.0000000000 3184.0000000000) 4.4e-08 4.2e-06 0 1 0 0 1 0 1 fwd conv2d_host_validation_f32_fwd_GROUP_NCHW_f16 (82 of 107)
51380224   (51376050 4174 0 0) 1.0 (3854.0000000000 3856.0000000000) 2.000000 0.000162 6.3e-04 6.3e-04 (3154.0000000000 3152.0000000000) 4.5e-08 4.3e-06 1 0 0 0 0 1 0 fwd conv2d_host_validation_random_CHECK_KCYX_NCHW_NKHW_5_f16 (83 of 107)
51380224   (51376107 4117 0 0) 1.0 (3566.0000000000 3564.0000000000) 2.000000 0.000160 6.2e-04 6.2e-04 (3202.0000000000 3204.0000000000) 4.4e-08 4.2e-06 1 0 0 0 0 1 0 fwd conv2d_host_validation_random_CHECK_KCYX_NCHW_NKHW_6_f16 (84 of 107)
47775744   (47764772 10972 0 0) 1.0 (32720.0000000000 32736.0000000000) 32.000000 0.004004 9.8e-04 9.8e-04 (32768.0000000000 32800.0000000000) 1.2e-07 7.9e-06 1 0 0 0 0 1 0 fwd conv2d_host_validation_random_CHECK_KCYX_NCHW_NKHW_7_f16 (85 of 107)
51380224   (51368146 12078 0 0) 1.0 (32304.0000000000 32288.0000000000) 32.000000 0.004009 9.8e-04 9.8e-04 (32768.0000000000 32800.0000000000) 1.3e-07 7.9e-06 1 0 0 0 0 1 0 fwd conv2d_host_validation_random_CHECK_KCYX_NCHW_NKHW_8_f16 (86 of 107)
16777216   (16777182 34 0 0) 1.0 (406.0000000000 406.2500000000) 0.500000 0.000001 9.3e-04 9.3e-04 (535.5000000000 536.0000000000) 1.1e-09 5.8e-07 1 0 0 0 0 1 0 fwd conv2d_host_validation_random_CHECK_KYXC_NHWC_NHWK_4_f16 (87 of 107)
16777216   (16777179 37 0 0) 1.0 (505.7500000000 506.0000000000) 0.500000 0.000001 9.7e-04 9.7e-04 (518.0000000000 518.5000000000) 1.2e-09 6.3e-07 1 0 0 0 0 1 0 fwd conv2d_host_validation_random_CHECK_KYXC_NHWC_NHWK_5_f16 (88 of 107)
25690112   (25681941 8171 0 0) 1.0 (58112.0000000000 58144.0000000000) 32.000000 0.010178 5.8e-04 5.8e-04 (55488.0000000000 55456.0000000000) 1.8e-07 9.5e-06 1 0 1 0 0 1 0 fwd conv2d_host_validation_random_CHECK_RAND_FLOAT_2_f16 (89 of 107)
205520896  (205504469 16427 0 0) 1.0 (3870.0000000000 3868.0000000000) 4.000000 0.000160 9.7e-04 9.7e-04 (4128.0000000000 4124.0000000000) 4.4e-08 4.2e-06 1 0 0 0 0 1 0 fwd conv2d_host_validation_random_GROUP_NHWC_f16 (90 of 107)
30720      (30717 3 0 0) 1.0 (8408.0000000000 8416.0000000000) 8.000000 0.000781 9.7e-04 9.7e-04 (8248.0000000000 8240.0000000000) 9.3e-08 8.8e-06 0 1 0 0 1 0 1 fwd padding_kernel_all_fwd_CHECK_RESNET50_CONFIG2_f16 (91 of 107)
30720      (30716 4 0 0) 1.0 (7412.0000000000 7408.0000000000) 8.000000 0.000651 9.6e-04 9.6e-04 (8320.0000000000 8312.0000000000) 8.7e-08 6.6e-06 0 1 0 0 1 0 1 fwd padding_kernel_all_fwd_CHECK_RESNET50_CONFIG4_f16 (92 of 107)
882        (882 0 0 0) 0.0 (0.0000000000 0.0000000000) 0.000000 0.000000 0.0e+00 0.0e+00 (0.0000000000 0.0000000000) 0.0e+00 0.0e+00 0 1 0 0 1 0 1 bwd_weight padding_kernel_all_wrw_CHECK_RESNET50_CONFIG2_f16 (93 of 107)
882        (882 0 0 0) 0.0 (0.0000000000 0.0000000000) 0.000000 0.000000 0.0e+00 0.0e+00 (0.0000000000 0.0000000000) 0.0e+00 0.0e+00 0 1 0 0 1 0 1 bwd_weight padding_kernel_all_wrw_CHECK_RESNET50_CONFIG4_f16 (94 of 107)
205520896  (205501517 19379 0 0) 1.0 (4616.0000000000 4620.0000000000) 8.000000 0.000521 9.8e-04 9.8e-04 (8192.0000000000 8200.0000000000) 6.4e-08 6.2e-06 0 1 1 0 1 0 1 fwd padding_kernel_gemmK_CHECK_RESNET50_F16_CONFIG1 (95 of 107)
205520896  (205503140 17756 0 0) 1.0 (8124.0000000000 8128.0000000000) 8.000000 0.000531 9.8e-04 9.8e-04 (8192.0000000000 8200.0000000000) 6.4e-08 6.5e-06 0 1 1 0 1 0 1 fwd padding_kernel_gemmK_CHECK_RESNET50_F16_CONFIG2 (96 of 107)
205520896  (205502729 18167 0 0) 1.0 (8232.0000000000 8224.0000000000) 8.000000 0.000529 9.8e-04 9.8e-04 (8192.0000000000 8200.0000000000) 6.4e-08 6.4e-06 0 1 1 0 1 0 1 fwd padding_kernel_gemmK_CHECK_RESNET50_F16_CONFIG4 (97 of 107)
9408       (9408 0 0 0) 0.0 (0.0000000000 0.0000000000) 0.000000 0.000000 0.0e+00 0.0e+00 (0.0000000000 0.0000000000) 0.0e+00 0.0e+00 0 1 1 0 1 0 1 bwd_weight padding_kernel_gemmN_CHECK_RESNET50_CONFIG2 (98 of 107)
9408       (9408 0 0 0) 0.0 (0.0000000000 0.0000000000) 0.000000 0.000000 0.0e+00 0.0e+00 (0.0000000000 0.0000000000) 0.0e+00 0.0e+00 0 1 1 0 1 0 1 bwd_weight padding_kernel_gemmN_CHECK_RESNET50_CONFIG4 (99 of 107)
6422528    (6420365 2142 21 0) inf (inf 65504.0000000000) inf inf inf inf (65504.0000000000 inf) -nan -nan 0 0 0 0 1 0 1 fwd Resnet50_validation_nchw_CHECK_NCHW_1_f16 (100 of 107)
25690112   (25687269 2843 0 0) 1.0 (7300.0000000000 7296.0000000000) 4.000000 0.000443 6.1e-04 6.1e-04 (6584.0000000000 6588.0000000000) 6.2e-08 5.2e-06 0 0 0 0 1 0 1 fwd Resnet50_validation_nchw_CHECK_NCHW_2_f16 (101 of 107)
147456     (147456 0 0 0) 0.0 (0.0000000000 0.0000000000) 0.000000 0.000000 0.0e+00 0.0e+00 (0.0000000000 0.0000000000) 0.0e+00 0.0e+00 0 0 0 0 1 0 1 bwd_weight Resnet50_validation_nchw_CHECK_NCHW_3_f16 (102 of 107)
65536      (65536 0 0 0) 0.0 (0.0000000000 0.0000000000) 0.000000 0.000000 0.0e+00 0.0e+00 (0.0000000000 0.0000000000) 0.0e+00 0.0e+00 0 0 0 0 1 0 1 bwd_weight Resnet50_validation_nchw_CHECK_NCHW_4_f16 (103 of 107)
6422528    (6420468 2041 19 0) inf (65504.0000000000 inf) inf inf inf inf (65504.0000000000 inf) -nan -nan 0 0 0 0 1 0 1 fwd Resnet50_validation_nhwc_CHECK_NHWC_1_f16 (104 of 107)
25690112   (25687231 2881 0 0) 1.0 (7036.0000000000 7032.0000000000) 4.000000 0.000449 6.0e-04 6.0e-04 (6652.0000000000 6648.0000000000) 6.2e-08 5.3e-06 0 0 0 0 1 0 1 fwd Resnet50_validation_nhwc_CHECK_NHWC_2_f16 (105 of 107)
147456     (147456 0 0 0) 0.0 (0.0000000000 0.0000000000) 0.000000 0.000000 0.0e+00 0.0e+00 (0.0000000000 0.0000000000) 0.0e+00 0.0e+00 0 0 0 0 1 0 1 bwd_weight Resnet50_validation_nhwc_CHECK_NHWC_3_f16 (106 of 107)
65536      (65536 0 0 0) 0.0 (0.0000000000 0.0000000000) 0.000000 0.000000 0.0e+00 0.0e+00 (0.0000000000 0.0000000000) 0.0e+00 0.0e+00 0 0 0 0 1 0 1 bwd_weight Resnet50_validation_nhwc_CHECK_NHWC_4_f16 (107 of 107)
