25690112   (25671580 18532 0 0) 1.0 (57760.0000000000 57728.0000000000) 32.000000 0.023084 5.7e-04 5.7e-04 (55840.0000000000 55872.0000000000) 4.0e-07 1.4e-05 1 0 0 0 0 1 0 fwd conv2d_harness_cpu_verifier_kyxc_nhwc_nhwk_f16_E2E_f16 (1 of 107)
802816     (802691 125 0 0) 1.0 (3642.0000000000 3644.0000000000) 2.000000 0.000311 6.0e-04 6.0e-04 (3322.0000000000 3324.0000000000) 8.7e-08 6.0e-06 0 1 1 0 1 0 1 bwd_data conv2d_host_validation_f16_bwd_CHECK_BWD_DATA1 (2 of 107)
4096       (4096 0 0 0) 0.0 (0.0000000000 0.0000000000) 0.000000 0.000000 0.0e+00 0.0e+00 (0.0000000000 0.0000000000) 0.0e+00 0.0e+00 0 1 1 0 1 0 1 bwd_weight conv2d_host_validation_f16_bwd_CHECK_BWD_WEIGHT1 (3 of 107)
147456     (147456 0 0 0) 0.0 (0.0000000000 0.0000000000) 0.000000 0.000000 0.0e+00 0.0e+00 (0.0000000000 0.0000000000) 0.0e+00 0.0e+00 0 1 1 0 1 0 1 bwd_weight conv2d_host_validation_f16_bwd_CHECK_ISSUE_127_10 (4 of 107)
294912     (294912 0 0 0) 0.0 (0.0000000000 0.0000000000) 0.000000 0.000000 0.0e+00 0.0e+00 (0.0000000000 0.0000000000) 0.0e+00 0.0e+00 0 1 1 0 1 0 1 bwd_weight conv2d_host_validation_f16_bwd_CHECK_ISSUE_127_15 (5 of 107)
589824     (589824 0 0 0) 0.0 (0.0000000000 0.0000000000) 0.000000 0.000000 0.0e+00 0.0e+00 (0.0000000000 0.0000000000) 0.0e+00 0.0e+00 0 1 1 0 1 0 1 bwd_weight conv2d_host_validation_f16_bwd_CHECK_ISSUE_127_16 (6 of 107)
1179648    (1179648 0 0 0) 0.0 (0.0000000000 0.0000000000) 0.000000 0.000000 0.0e+00 0.0e+00 (0.0000000000 0.0000000000) 0.0e+00 0.0e+00 0 1 1 0 1 0 1 bwd_weight conv2d_host_validation_f16_bwd_CHECK_ISSUE_127_17 (7 of 107)
147456     (147456 0 0 0) 0.0 (0.0000000000 0.0000000000) 0.000000 0.000000 0.0e+00 0.0e+00 (0.0000000000 0.0000000000) 0.0e+00 0.0e+00 0 1 1 0 1 0 1 bwd_weight conv2d_host_validation_f16_bwd_CHECK_ISSUE_127_18 (8 of 107)
2097152    (2097152 0 0 0) 0.0 (0.0000000000 0.0000000000) 0.000000 0.000000 0.0e+00 0.0e+00 (0.0000000000 0.0000000000) 0.0e+00 0.0e+00 0 1 1 0 1 0 1 bwd_weight conv2d_host_validation_f16_bwd_CHECK_ISSUE_127_6 (9 of 107)
262144     (262144 0 0 0) 0.0 (0.0000000000 0.0000000000) 0.000000 0.000000 0.0e+00 0.0e+00 (0.0000000000 0.0000000000) 0.0e+00 0.0e+00 0 1 1 0 1 0 1 bwd_weight conv2d_host_validation_f16_bwd_CHECK_ISSUE_127_7 (10 of 107)
147456     (147456 0 0 0) 0.0 (0.0000000000 0.0000000000) 0.000000 0.000000 0.0e+00 0.0e+00 (0.0000000000 0.0000000000) 0.0e+00 0.0e+00 0 1 1 0 1 0 1 bwd_weight conv2d_host_validation_f16_bwd_CHECK_ISSUE_127_8 (11 of 107)
147456     (147456 0 0 0) 0.0 (0.0000000000 0.0000000000) 0.000000 0.000000 0.0e+00 0.0e+00 (0.0000000000 0.0000000000) 0.0e+00 0.0e+00 0 1 1 0 1 0 1 bwd_weight conv2d_host_validation_f16_bwd_CHECK_ISSUE_127_9 (12 of 107)
1024       (1024 0 0 0) 0.0 (0.0000000000 0.0000000000) 0.000000 0.000000 0.0e+00 0.0e+00 (0.0000000000 0.0000000000) 0.0e+00 0.0e+00 0 1 1 0 1 0 1 bwd_weight conv2d_host_validation_f16_bwd_CHECK_ISSUE_70_1 (13 of 107)
65536      (65536 0 0 0) 0.0 (0.0000000000 0.0000000000) 0.000000 0.000000 0.0e+00 0.0e+00 (0.0000000000 0.0000000000) 0.0e+00 0.0e+00 0 1 1 0 1 0 1 bwd_weight conv2d_host_validation_f16_bwd_CHECK_ISSUE_70_2 (14 of 107)
4096       (4096 0 0 0) 0.0 (0.0000000000 0.0000000000) 0.000000 0.000000 0.0e+00 0.0e+00 (0.0000000000 0.0000000000) 0.0e+00 0.0e+00 0 1 1 0 1 0 1 bwd_weight conv2d_host_validation_f16_bwd_CHECK_ISSUE_70_3 (15 of 107)
1024       (1024 0 0 0) 0.0 (0.0000000000 0.0000000000) 0.000000 0.000000 0.0e+00 0.0e+00 (0.0000000000 0.0000000000) 0.0e+00 0.0e+00 0 1 1 0 1 0 1 bwd_weight conv2d_host_validation_f16_bwd_CHECK_ISSUE_71_1 (16 of 107)
1024       (1024 0 0 0) 0.0 (0.0000000000 0.0000000000) 0.000000 0.000000 0.0e+00 0.0e+00 (0.0000000000 0.0000000000) 0.0e+00 0.0e+00 0 1 1 0 1 0 1 bwd_weight conv2d_host_validation_f16_bwd_CHECK_ISSUE_71_2 (17 of 107)
1024       (1024 0 0 0) 0.0 (0.0000000000 0.0000000000) 0.000000 0.000000 0.0e+00 0.0e+00 (0.0000000000 0.0000000000) 0.0e+00 0.0e+00 0 1 1 0 1 0 1 bwd_weight conv2d_host_validation_f16_bwd_CHECK_ISSUE_71_3 (18 of 107)
1024       (1024 0 0 0) 0.0 (0.0000000000 0.0000000000) 0.000000 0.000000 0.0e+00 0.0e+00 (0.0000000000 0.0000000000) 0.0e+00 0.0e+00 0 1 1 0 1 0 1 bwd_weight conv2d_host_validation_f16_bwd_CHECK_ISSUE_71_4 (19 of 107)
12845056   (12840801 4255 0 0) 1.0 (10776.0000000000 10768.0000000000) 16.000000 0.002886 9.8e-04 9.8e-04 (16384.0000000000 16400.0000000000) 2.0e-07 9.4e-06 0 0 0 0 0 1 0 fwd conv2d_host_validation_f16_CHECK_RESNET101_NCHW_CONFIG1_FWD_f16 (20 of 107)
12845056   (12841204 3852 0 0) 1.0 (16312.0000000000 16304.0000000000) 16.000000 0.002515 9.8e-04 9.8e-04 (16384.0000000000 16400.0000000000) 1.9e-07 8.7e-06 0 0 0 0 0 1 0 fwd conv2d_host_validation_f16_CHECK_RESNET101_NCHW_CONFIG2_FWD_f16 (21 of 107)
25690112   (25680794 9318 0 0) 1.0 (14112.0000000000 14104.0000000000) 8.000000 0.002902 6.0e-04 6.0e-04 (13376.0000000000 13368.0000000000) 2.0e-07 9.7e-06 0 0 0 0 0 1 0 bwd_data conv2d_host_validation_f16_CHECK_RESNET101_NCHW_CONFIG8_BWD_f16 (22 of 107)
102760448  (102742386 18062 0 0) 1.0 (3670.0000000000 3672.0000000000) 2.000000 0.000352 6.5e-04 6.5e-04 (3068.0000000000 3066.0000000000) 9.8e-08 6.2e-06 0 0 0 0 0 1 0 fwd conv2d_host_validation_f16_CHECK_RESNET101_NCHW_CONFIG8_FWD_f16 (23 of 107)
16384      (16384 0 0 0) 0.0 (0.0000000000 0.0000000000) 0.000000 0.000000 0.0e+00 0.0e+00 (0.0000000000 0.0000000000) 0.0e+00 0.0e+00 0 0 0 0 0 1 0 bwd_weight conv2d_host_validation_f16_CHECK_RESNET101_NCHW_CONFIG8_WRW_f16 (24 of 107)
12845056   (12840861 4195 0 0) 1.0 (6992.0000000000 6988.0000000000) 16.000000 0.002890 9.8e-04 9.8e-04 (16384.0000000000 16400.0000000000) 2.0e-07 9.5e-06 0 0 0 0 0 1 0 fwd conv2d_host_validation_f16_CHECK_RESNET101_NHWC_CONFIG1_FWD_f16 (25 of 107)
12845056   (12841037 4019 0 0) 1.0 (10688.0000000000 10680.0000000000) 16.000000 0.002602 9.8e-04 9.8e-04 (16384.0000000000 16400.0000000000) 1.9e-07 8.7e-06 0 0 0 0 0 1 0 fwd conv2d_host_validation_f16_CHECK_RESNET101_NHWC_CONFIG2_FWD_f16 (26 of 107)
25690112   (25680893 9219 0 0) 1.0 (14272.0000000000 14280.0000000000) 8.000000 0.002871 5.9e-04 5.9e-04 (13600.0000000000 13608.0000000000) 2.0e-07 9.7e-06 0 0 0 0 0 1 0 bwd_data conv2d_host_validation_f16_CHECK_RESNET101_NHWC_CONFIG8_BWD_f16 (27 of 107)
102760448  (102742578 17870 0 0) 1.0 (3574.0000000000 3576.0000000000) 2.000000 0.000348 6.7e-04 6.7e-04 (2996.0000000000 2994.0000000000) 9.7e-08 6.2e-06 0 0 0 0 0 1 0 fwd conv2d_host_validation_f16_CHECK_RESNET101_NHWC_CONFIG8_FWD_f16 (28 of 107)
16384      (16384 0 0 0) 0.0 (0.0000000000 0.0000000000) 0.000000 0.000000 0.0e+00 0.0e+00 (0.0000000000 0.0000000000) 0.0e+00 0.0e+00 0 0 0 0 0 1 0 bwd_weight conv2d_host_validation_f16_CHECK_RESNET101_NHWC_CONFIG8_WRW_f16 (29 of 107)
4194304    (4194304 0 0 0) 0.0 (0.0000000000 0.0000000000) 0.000000 0.000000 0.0e+00 0.0e+00 (0.0000000000 0.0000000000) 0.0e+00 0.0e+00 0 1 1 0 1 0 1 fwd conv2d_host_validation_f16_fwd_CHECK_FILTER1_f16 (30 of 107)
4194304    (4194304 0 0 0) 0.0 (0.0000000000 0.0000000000) 0.000000 0.000000 0.0e+00 0.0e+00 (0.0000000000 0.0000000000) 0.0e+00 0.0e+00 0 1 1 0 1 0 1 fwd conv2d_host_validation_f16_fwd_CHECK_FILTER2_f16 (31 of 107)
16777216   (16776938 278 0 0) 1.0 (474.0000000000 474.2500000000) 0.500000 0.000004 9.7e-04 9.7e-04 (513.0000000000 513.5000000000) 9.7e-09 1.5e-06 0 1 1 0 1 0 1 fwd conv2d_host_validation_f16_fwd_CHECK_ISSUE_114_1_f16 (32 of 107)
16777216   (16776833 383 0 0) 1.0 (461.0000000000 461.2500000000) 0.500000 0.000006 9.8e-04 9.8e-04 (512.5000000000 513.0000000000) 1.3e-08 1.9e-06 0 1 1 0 1 0 1 fwd conv2d_host_validation_f16_fwd_CHECK_ISSUE_114_2_f16 (33 of 107)
4194304    (4194211 93 0 0) 1.0 (436.2500000000 436.0000000000) 0.500000 0.000006 9.3e-04 9.3e-04 (540.0000000000 539.5000000000) 1.3e-08 1.8e-06 0 1 1 0 1 0 1 fwd conv2d_host_validation_f16_fwd_CHECK_ISSUE_114_3_f16 (34 of 107)
4194304    (4194230 74 0 0) 1.0 (436.2500000000 436.5000000000) 0.500000 0.000005 9.6e-04 9.6e-04 (521.5000000000 521.0000000000) 1.0e-08 1.7e-06 0 1 1 0 1 0 1 fwd conv2d_host_validation_f16_fwd_CHECK_ISSUE_114_4_f16 (35 of 107)
16777216   (16776885 331 0 0) 1.0 (392.5000000000 392.7500000000) 0.500000 0.000005 9.6e-04 9.6e-04 (521.0000000000 521.5000000000) 1.1e-08 1.7e-06 0 1 1 0 1 0 1 fwd conv2d_host_validation_f16_fwd_CHECK_ISSUE_114_5_f16 (36 of 107)
16777216   (16776861 355 0 0) 1.0 (410.0000000000 410.2500000000) 0.500000 0.000005 9.8e-04 9.8e-04 (512.0000000000 512.5000000000) 1.2e-08 1.7e-06 0 1 1 0 1 0 1 fwd conv2d_host_validation_f16_fwd_CHECK_ISSUE_114_6_f16 (37 of 107)
4194304    (4194200 104 0 0) 1.0 (380.7500000000 380.5000000000) 0.250000 0.000006 8.1e-04 8.1e-04 (309.7500000000 310.0000000000) 1.4e-08 1.9e-06 0 1 1 0 1 0 1 fwd conv2d_host_validation_f16_fwd_CHECK_ISSUE_114_7_f16 (38 of 107)
4194304    (4194216 88 0 0) 1.0 (383.5000000000 383.7500000000) 0.500000 0.000005 9.1e-04 9.1e-04 (552.0000000000 552.5000000000) 1.2e-08 1.8e-06 0 1 1 0 1 0 1 fwd conv2d_host_validation_f16_fwd_CHECK_ISSUE_114_8_f16 (39 of 107)
12845056   (12845011 45 0 0) 1.0 (58368.0000000000 58400.0000000000) 32.000000 0.000112 5.7e-04 5.7e-04 (56416.0000000000 56448.0000000000) 1.9e-09 0.0e+00 0 1 1 0 1 0 1 fwd conv2d_host_validation_f16_fwd_CHECK_ISSUE_127_11_f16 (40 of 107)
12845056   (12844877 179 0 0) 1.0 (56192.0000000000 56224.0000000000) 32.000000 0.000446 5.7e-04 5.7e-04 (56192.0000000000 56224.0000000000) 7.7e-09 0.0e+00 0 1 1 0 1 0 1 fwd conv2d_host_validation_f16_fwd_CHECK_ISSUE_127_12_f16 (41 of 107)
12845056   (12844303 753 0 0) 1.0 (57440.0000000000 57472.0000000000) 32.000000 0.001876 5.7e-04 5.7e-04 (56064.0000000000 56096.0000000000) 3.3e-08 0.0e+00 0 1 1 0 1 0 1 fwd conv2d_host_validation_f16_fwd_CHECK_ISSUE_127_13_f16 (42 of 107)
12845056   (12845045 11 0 0) 1.0 (58016.0000000000 57984.0000000000) 32.000000 0.000027 5.6e-04 5.6e-04 (56864.0000000000 56896.0000000000) 4.8e-10 0.0e+00 0 1 1 0 1 0 1 fwd conv2d_host_validation_f16_fwd_CHECK_ISSUE_127_14_f16 (43 of 107)
12845056   (12845056 0 0 0) 0.0 (0.0000000000 0.0000000000) 0.000000 0.000000 0.0e+00 0.0e+00 (0.0000000000 0.0000000000) 0.0e+00 0.0e+00 0 1 1 0 1 0 1 fwd conv2d_host_validation_f16_fwd_CHECK_ISSUE_127_1_f16 (44 of 107)
6422528    (6422528 0 0 0) 0.0 (0.0000000000 0.0000000000) 0.000000 0.000000 0.0e+00 0.0e+00 (0.0000000000 0.0000000000) 0.0e+00 0.0e+00 0 1 1 0 1 0 1 fwd conv2d_host_validation_f16_fwd_CHECK_ISSUE_127_2_f16 (45 of 107)
25690112   (25670888 19095 129 0) inf (inf 65504.0000000000) inf inf inf inf (65504.0000000000 inf) -nan -nan 0 1 1 0 1 0 1 fwd conv2d_host_validation_f16_fwd_CHECK_ISSUE_127_3_f16 (46 of 107)
12845056   (12845056 0 0 0) 0.0 (0.0000000000 0.0000000000) 0.000000 0.000000 0.0e+00 0.0e+00 (0.0000000000 0.0000000000) 0.0e+00 0.0e+00 0 1 1 0 1 0 1 fwd conv2d_host_validation_f16_fwd_CHECK_ISSUE_127_4_f16 (47 of 107)
12845056   (12844848 208 0 0) 1.0 (58688.0000000000 58656.0000000000) 32.000000 0.000518 5.7e-04 5.7e-04 (56000.0000000000 56032.0000000000) 9.0e-09 0.0e+00 0 1 1 0 1 0 1 fwd conv2d_host_validation_f16_fwd_CHECK_ISSUE_127_5_f16 (48 of 107)
7372800    (7371589 1211 0 0) 1.0 (4016.0000000000 4018.0000000000) 4.000000 0.000403 9.8e-04 9.8e-04 (4096.0000000000 4100.0000000000) 1.0e-07 7.1e-06 0 1 1 0 1 0 1 fwd conv2d_host_validation_f16_fwd_CHECK_ISSUE_40_1_f16 (49 of 107)
3440640    (3439837 803 0 0) 1.0 (8376.0000000000 8368.0000000000) 8.000000 0.001114 9.8e-04 9.8e-04 (8192.0000000000 8200.0000000000) 1.4e-07 8.6e-06 0 1 1 0 1 0 1 fwd conv2d_host_validation_f16_fwd_CHECK_ISSUE_40_2_f16 (50 of 107)
6422528    (6420131 2397 0 0) 1.0 (22528.0000000000 22544.0000000000) 16.000000 0.005971 7.5e-04 7.5e-04 (21328.0000000000 21344.0000000000) 2.7e-07 1.3e-05 0 1 1 0 1 0 1 fwd conv2d_host_validation_f16_fwd_CHECK_ISSUE_40_3_f16 (51 of 107)
14745600   (14741803 3797 0 0) 1.0 (8720.0000000000 8712.0000000000) 8.000000 0.002057 9.6e-04 9.6e-04 (8360.0000000000 8368.0000000000) 1.9e-07 1.0e-05 0 1 1 0 1 0 1 fwd conv2d_host_validation_f16_fwd_CHECK_ISSUE_40_4_f16 (52 of 107)
6881280    (6879577 1703 0 0) 1.0 (6644.0000000000 6648.0000000000) 4.000000 0.000990 6.4e-04 6.4e-04 (6228.0000000000 6224.0000000000) 1.5e-07 8.3e-06 0 1 0 0 0 0 1 fwd conv2d_host_validation_f16_fwd_CHECK_ISSUE_40_5_f16 (53 of 107)
1048576    (1048299 277 0 0) 1.0 (11016.0000000000 11008.0000000000) 8.000000 0.002113 7.6e-04 7.6e-04 (10568.0000000000 10576.0000000000) 1.9e-07 1.1e-05 0 1 1 0 1 0 1 fwd conv2d_host_validation_f16_fwd_CHECK_ISSUE_41_10_f16 (54 of 107)
12845056   (12843040 2016 0 0) 1.0 (3930.0000000000 3928.0000000000) 4.000000 0.000390 9.8e-04 9.8e-04 (4096.0000000000 4100.0000000000) 9.6e-08 7.0e-06 0 1 1 0 1 0 1 fwd conv2d_host_validation_f16_fwd_CHECK_ISSUE_41_11_f16 (55 of 107)
9437184    (9434597 2587 0 0) 1.0 (11312.0000000000 11304.0000000000) 8.000000 0.002193 7.6e-04 7.6e-04 (10472.0000000000 10480.0000000000) 2.0e-07 1.1e-05 0 1 1 0 1 0 1 fwd conv2d_host_validation_f16_fwd_CHECK_ISSUE_41_12_f16 (56 of 107)
921600     (921440 160 0 0) 1.0 (4204.0000000000 4200.0000000000) 4.000000 0.000438 9.7e-04 9.7e-04 (4104.0000000000 4100.0000000000) 1.1e-07 7.4e-06 0 1 1 0 1 0 1 fwd conv2d_host_validation_f16_fwd_CHECK_ISSUE_41_2_f16 (57 of 107)
1605632    (1605378 254 0 0) 1.0 (4030.0000000000 4028.0000000000) 4.000000 0.000400 9.8e-04 9.8e-04 (4100.0000000000 4096.0000000000) 9.8e-08 7.3e-06 0 1 1 0 1 0 1 fwd conv2d_host_validation_f16_fwd_CHECK_ISSUE_41_3_f16 (58 of 107)
200704     (200676 28 0 0) 1.0 (3932.0000000000 3930.0000000000) 4.000000 0.000319 9.7e-04 9.7e-04 (4128.0000000000 4124.0000000000) 7.9e-08 6.2e-06 0 1 1 0 1 0 1 fwd conv2d_host_validation_f16_fwd_CHECK_ISSUE_41_4_f16 (59 of 107)
1605632    (1605220 412 0 0) 1.0 (8020.0000000000 8024.0000000000) 8.000000 0.001168 9.8e-04 9.8e-04 (8192.0000000000 8200.0000000000) 1.5e-07 8.5e-06 0 1 1 0 1 0 1 fwd conv2d_host_validation_f16_fwd_CHECK_ISSUE_41_5_f16 (60 of 107)
802816     (802690 126 0 0) 1.0 (3970.0000000000 3968.0000000000) 4.000000 0.000401 9.7e-04 9.7e-04 (4104.0000000000 4100.0000000000) 9.9e-08 7.3e-06 0 1 1 0 1 0 1 fwd conv2d_host_validation_f16_fwd_CHECK_ISSUE_41_6_f16 (61 of 107)
4194304    (4193662 642 0 0) 1.0 (3854.0000000000 3852.0000000000) 4.000000 0.000357 9.8e-04 9.8e-04 (4100.0000000000 4096.0000000000) 9.6e-08 6.5e-06 0 1 1 0 1 0 1 fwd conv2d_host_validation_f16_fwd_CHECK_ISSUE_41_7_f16 (62 of 107)
3211264    (3210495 769 0 0) 1.0 (11312.0000000000 11320.0000000000) 8.000000 0.001893 9.5e-04 9.5e-04 (8456.0000000000 8464.0000000000) 1.8e-07 1.0e-05 0 1 1 0 1 0 1 fwd conv2d_host_validation_f16_fwd_CHECK_ISSUE_41_8_f16 (63 of 107)
2359296    (2358938 358 0 0) 1.0 (3868.0000000000 3866.0000000000) 4.000000 0.000367 9.8e-04 9.8e-04 (4096.0000000000 4100.0000000000) 9.1e-08 6.8e-06 0 1 1 0 1 0 1 fwd conv2d_host_validation_f16_fwd_CHECK_ISSUE_41_9_f16 (64 of 107)
25690112   (25671742 18370 0 0) 1.0 (58752.0000000000 58720.0000000000) 32.000000 0.022882 5.8e-04 5.8e-04 (55648.0000000000 55616.0000000000) 4.0e-07 1.4e-05 0 1 1 0 1 0 1 fwd conv2d_host_validation_f16_fwd_CHECK_KCYX_NCHW_NKHW1_f16 (65 of 107)
3686400    (3685997 403 0 0) 1.0 (2076.0000000000 2078.0000000000) 2.000000 0.000141 9.8e-04 9.8e-04 (2048.0000000000 2050.0000000000) 7.0e-08 5.8e-06 0 1 1 0 1 0 1 fwd conv2d_host_validation_f16_fwd_CHECK_KCYX_NCHW_NKHW2_f16 (66 of 107)
409600     (409556 44 0 0) 1.0 (1990.0000000000 1991.0000000000) 2.000000 0.000122 9.7e-04 9.7e-04 (2056.0000000000 2058.0000000000) 6.1e-08 5.1e-06 0 1 1 0 1 0 1 fwd conv2d_host_validation_f16_fwd_CHECK_KCYX_NCHW_NKHW3_f16 (67 of 107)
147456     (147435 21 0 0) 1.0 (2102.0000000000 2104.0000000000) 2.000000 0.000190 9.7e-04 9.7e-04 (2054.0000000000 2052.0000000000) 9.3e-08 7.0e-06 0 1 1 0 1 0 1 fwd conv2d_host_validation_f16_fwd_CHECK_KCYX_NCHW_NKHW4_f16 (68 of 107)
102400     (102387 13 0 0) 1.0 (2013.0000000000 2014.0000000000) 2.000000 0.000156 9.6e-04 9.6e-04 (2094.0000000000 2092.0000000000) 7.8e-08 6.0e-06 0 1 1 0 1 0 1 fwd conv2d_host_validation_f16_fwd_CHECK_KCYX_NCHW_NKHW5_f16 (69 of 107)
15745024   (15743142 1882 0 0) 1.0 (1848.0000000000 1847.0000000000) 2.000000 0.000120 9.7e-04 9.7e-04 (2066.0000000000 2068.0000000000) 6.6e-08 4.8e-06 0 1 1 0 1 0 1 fwd conv2d_host_validation_f16_fwd_CHECK_KCYX_NCHW_NKHW6_f16 (70 of 107)
13778944   (13775478 3466 0 0) 1.0 (7088.0000000000 7084.0000000000) 4.000000 0.001006 6.1e-04 6.1e-04 (6584.0000000000 6588.0000000000) 1.4e-07 7.9e-06 0 1 1 0 1 0 1 fwd conv2d_host_validation_f16_fwd_CHECK_KCYX_NCHW_NKHW7_f16 (71 of 107)
25690112   (25671533 18579 0 0) 1.0 (57440.0000000000 57408.0000000000) 32.000000 0.023142 5.7e-04 5.7e-04 (55712.0000000000 55744.0000000000) 4.0e-07 1.4e-05 0 1 1 0 1 0 1 fwd conv2d_host_validation_f16_fwd_CHECK_KYXC_NHWC_NHWK1_f16 (72 of 107)
3686400    (3686016 384 0 0) 1.0 (2170.0000000000 2172.0000000000) 2.000000 0.000130 9.8e-04 9.8e-04 (2048.0000000000 2050.0000000000) 6.4e-08 5.3e-06 0 1 1 0 1 0 1 fwd conv2d_host_validation_f16_fwd_CHECK_KYXC_NHWC_NHWK2_f16 (73 of 107)
409600     (409559 41 0 0) 1.0 (2088.0000000000 2086.0000000000) 2.000000 0.000125 9.7e-04 9.7e-04 (2056.0000000000 2058.0000000000) 6.1e-08 5.5e-06 0 1 1 0 1 0 1 fwd conv2d_host_validation_f16_fwd_CHECK_KYXC_NHWC_NHWK3_f16 (74 of 107)
147456     (147440 16 0 0) 1.0 (2013.0000000000 2012.0000000000) 2.000000 0.000163 9.8e-04 9.8e-04 (2050.0000000000 2052.0000000000) 7.9e-08 6.9e-06 0 1 1 0 1 0 1 fwd conv2d_host_validation_f16_fwd_CHECK_KYXC_NHWC_NHWK4_f16 (75 of 107)
102400     (102377 23 0 0) 1.0 (2100.0000000000 2102.0000000000) 2.000000 0.000283 9.7e-04 9.7e-04 (2064.0000000000 2062.0000000000) 1.4e-07 8.3e-06 0 1 1 0 1 0 1 fwd conv2d_host_validation_f16_fwd_CHECK_KYXC_NHWC_NHWK5_f16 (76 of 107)
15745024   (15743271 1753 0 0) 1.0 (1906.0000000000 1907.0000000000) 2.000000 0.000111 9.7e-04 9.7e-04 (2066.0000000000 2064.0000000000) 6.2e-08 4.7e-06 0 1 1 0 1 0 1 fwd conv2d_host_validation_f16_fwd_CHECK_KYXC_NHWC_NHWK6_f16 (77 of 107)
13778944   (13775556 3388 0 0) 1.0 (7348.0000000000 7344.0000000000) 4.000000 0.000984 6.0e-04 6.0e-04 (6668.0000000000 6664.0000000000) 1.4e-07 7.8e-06 0 1 1 0 1 0 1 fwd conv2d_host_validation_f16_fwd_CHECK_KYXC_NHWC_NHWK7_f16 (78 of 107)
802816     (802741 75 0 0) 1.0 (1411.0000000000 1410.0000000000) 2.000000 0.000106 9.7e-04 9.7e-04 (2054.0000000000 2052.0000000000) 5.7e-08 4.7e-06 0 1 1 0 1 0 1 fwd conv2d_host_validation_f16_fwd_CHECK_PADDING1_f16 (79 of 107)
802816     (802744 72 0 0) 1.0 (1859.0000000000 1858.0000000000) 2.000000 0.000111 9.7e-04 9.7e-04 (2060.0000000000 2058.0000000000) 5.8e-08 5.1e-06 0 1 1 0 1 0 1 fwd conv2d_host_validation_f16_fwd_CHECK_PADDING2_f16 (80 of 107)
2048       (2048 0 0 0) 0.0 (0.0000000000 0.0000000000) 0.000000 0.000000 0.0e+00 0.0e+00 (0.0000000000 0.0000000000) 0.0e+00 0.0e+00 0 1 1 0 1 0 1 fwd conv2d_host_validation_f16_fwd_CHECK_PADDING3_f16 (81 of 107)
205520896  (205484888 36008 0 0) 1.0 (3722.0000000000 3724.0000000000) 2.000000 0.000350 6.4e-04 6.4e-04 (3130.0000000000 3132.0000000000) 9.8e-08 6.1e-06 0 1 0 0 1 0 1 fwd conv2d_host_validation_f32_fwd_GROUP_NCHW_f16 (82 of 107)
51380224   (51371189 9035 0 0) 1.0 (3406.0000000000 3404.0000000000) 4.000000 0.000352 9.8e-04 9.8e-04 (4100.0000000000 4096.0000000000) 9.8e-08 6.2e-06 1 0 0 0 0 1 0 fwd conv2d_host_validation_random_CHECK_KCYX_NCHW_NKHW_5_f16 (83 of 107)
51380224   (51371105 9119 0 0) 1.0 (3768.0000000000 3766.0000000000) 4.000000 0.000355 9.7e-04 9.7e-04 (4124.0000000000 4128.0000000000) 9.8e-08 6.2e-06 1 0 0 0 0 1 0 fwd conv2d_host_validation_random_CHECK_KCYX_NCHW_NKHW_6_f16 (84 of 107)
47775744   (47750515 25229 0 0) 1.0 (32704.0000000000 32688.0000000000) 32.000000 0.009066 9.8e-04 9.8e-04 (32768.0000000000 32800.0000000000) 2.8e-07 1.2e-05 1 0 0 0 0 1 0 fwd conv2d_host_validation_random_CHECK_KCYX_NCHW_NKHW_7_f16 (85 of 107)
51380224   (51353513 26711 0 0) 1.0 (32032.0000000000 32048.0000000000) 32.000000 0.008910 9.8e-04 9.8e-04 (32768.0000000000 32800.0000000000) 2.8e-07 1.2e-05 1 0 0 0 0 1 0 fwd conv2d_host_validation_random_CHECK_KCYX_NCHW_NKHW_8_f16 (86 of 107)
16777216   (16776843 373 0 0) 1.0 (426.5000000000 426.7500000000) 0.500000 0.000006 9.4e-04 9.4e-04 (532.0000000000 532.5000000000) 1.3e-08 1.8e-06 1 0 0 0 0 1 0 fwd conv2d_host_validation_random_CHECK_KYXC_NHWC_NHWK_4_f16 (87 of 107)
16777216   (16776879 337 0 0) 1.0 (544.5000000000 544.0000000000) 0.500000 0.000005 9.7e-04 9.7e-04 (514.0000000000 513.5000000000) 1.2e-08 1.7e-06 1 0 0 0 0 1 0 fwd conv2d_host_validation_random_CHECK_KYXC_NHWC_NHWK_5_f16 (88 of 107)
25690112   (25671763 18349 0 0) 1.0 (58016.0000000000 57984.0000000000) 32.000000 0.022856 5.8e-04 5.8e-04 (55648.0000000000 55680.0000000000) 4.0e-07 1.4e-05 1 0 1 0 0 1 0 fwd conv2d_host_validation_random_CHECK_RAND_FLOAT_2_f16 (89 of 107)
205520896  (205484802 36094 0 0) 1.0 (3644.0000000000 3646.0000000000) 4.000000 0.000351 9.8e-04 9.8e-04 (4100.0000000000 4096.0000000000) 9.8e-08 6.2e-06 1 0 0 0 0 1 0 fwd conv2d_host_validation_random_GROUP_NHWC_f16 (90 of 107)
30720      (30712 8 0 0) 1.0 (8092.0000000000 8088.0000000000) 8.000000 0.001563 9.6e-04 9.6e-04 (8368.0000000000 8376.0000000000) 1.9e-07 1.1e-05 0 1 0 0 1 0 1 fwd padding_kernel_all_fwd_CHECK_RESNET50_CONFIG2_f16 (91 of 107)
30720      (30709 11 0 0) 1.0 (8480.0000000000 8472.0000000000) 8.000000 0.002083 9.8e-04 9.8e-04 (8200.0000000000 8208.0000000000) 2.8e-07 1.3e-05 0 1 0 0 1 0 1 fwd padding_kernel_all_fwd_CHECK_RESNET50_CONFIG4_f16 (92 of 107)
882        (882 0 0 0) 0.0 (0.0000000000 0.0000000000) 0.000000 0.000000 0.0e+00 0.0e+00 (0.0000000000 0.0000000000) 0.0e+00 0.0e+00 0 1 0 0 1 0 1 bwd_weight padding_kernel_all_wrw_CHECK_RESNET50_CONFIG2_f16 (93 of 107)
882        (882 0 0 0) 0.0 (0.0000000000 0.0000000000) 0.000000 0.000000 0.0e+00 0.0e+00 (0.0000000000 0.0000000000) 0.0e+00 0.0e+00 0 1 0 0 1 0 1 bwd_weight padding_kernel_all_wrw_CHECK_RESNET50_CONFIG4_f16 (94 of 107)
205520896  (205479480 41416 0 0) 1.0 (8000.0000000000 7996.0000000000) 8.000000 0.001170 9.8e-04 9.8e-04 (8192.0000000000 8200.0000000000) 1.4e-07 9.5e-06 0 1 1 0 1 0 1 fwd padding_kernel_gemmK_CHECK_RESNET50_F16_CONFIG1 (95 of 107)
205520896  (205480031 40865 0 0) 1.0 (7952.0000000000 7948.0000000000) 8.000000 0.001188 9.8e-04 9.8e-04 (8192.0000000000 8200.0000000000) 1.4e-07 9.6e-06 0 1 1 0 1 0 1 fwd padding_kernel_gemmK_CHECK_RESNET50_F16_CONFIG2 (96 of 107)
205520896  (205478959 41937 0 0) 1.0 (8152.0000000000 8148.0000000000) 8.000000 0.001166 9.8e-04 9.8e-04 (8192.0000000000 8200.0000000000) 1.4e-07 9.3e-06 0 1 1 0 1 0 1 fwd padding_kernel_gemmK_CHECK_RESNET50_F16_CONFIG4 (97 of 107)
9408       (9408 0 0 0) 0.0 (0.0000000000 0.0000000000) 0.000000 0.000000 0.0e+00 0.0e+00 (0.0000000000 0.0000000000) 0.0e+00 0.0e+00 0 1 1 0 1 0 1 bwd_weight padding_kernel_gemmN_CHECK_RESNET50_CONFIG2 (98 of 107)
9408       (9408 0 0 0) 0.0 (0.0000000000 0.0000000000) 0.000000 0.000000 0.0e+00 0.0e+00 (0.0000000000 0.0000000000) 0.0e+00 0.0e+00 0 1 1 0 1 0 1 bwd_weight padding_kernel_gemmN_CHECK_RESNET50_CONFIG4 (99 of 107)
6422528    (6418046 4446 36 0) inf (inf 65504.0000000000) inf inf inf inf (65504.0000000000 inf) -nan -nan 0 0 0 0 1 0 1 fwd Resnet50_validation_nchw_CHECK_NCHW_1_f16 (100 of 107)
25690112   (25683678 6434 0 0) 1.0 (7392.0000000000 7396.0000000000) 4.000000 0.001002 6.1e-04 6.1e-04 (6600.0000000000 6604.0000000000) 1.4e-07 7.8e-06 0 0 0 0 1 0 1 fwd Resnet50_validation_nchw_CHECK_NCHW_2_f16 (101 of 107)
147456     (147456 0 0 0) 0.0 (0.0000000000 0.0000000000) 0.000000 0.000000 0.0e+00 0.0e+00 (0.0000000000 0.0000000000) 0.0e+00 0.0e+00 0 0 0 0 1 0 1 bwd_weight Resnet50_validation_nchw_CHECK_NCHW_3_f16 (102 of 107)
65536      (65536 0 0 0) 0.0 (0.0000000000 0.0000000000) 0.000000 0.000000 0.0e+00 0.0e+00 (0.0000000000 0.0000000000) 0.0e+00 0.0e+00 0 0 0 0 1 0 1 bwd_weight Resnet50_validation_nchw_CHECK_NCHW_4_f16 (103 of 107)
6422528    (6417944 4540 44 0) inf (inf 65504.0000000000) inf inf inf inf (65504.0000000000 inf) -nan -nan 0 0 0 0 1 0 1 fwd Resnet50_validation_nhwc_CHECK_NHWC_1_f16 (104 of 107)
25690112   (25683768 6344 0 0) 1.0 (7100.0000000000 7096.0000000000) 4.000000 0.000988 6.1e-04 6.1e-04 (6608.0000000000 6604.0000000000) 1.4e-07 7.7e-06 0 0 0 0 1 0 1 fwd Resnet50_validation_nhwc_CHECK_NHWC_2_f16 (105 of 107)
147456     (147456 0 0 0) 0.0 (0.0000000000 0.0000000000) 0.000000 0.000000 0.0e+00 0.0e+00 (0.0000000000 0.0000000000) 0.0e+00 0.0e+00 0 0 0 0 1 0 1 bwd_weight Resnet50_validation_nhwc_CHECK_NHWC_3_f16 (106 of 107)
65536      (65536 0 0 0) 0.0 (0.0000000000 0.0000000000) 0.000000 0.000000 0.0e+00 0.0e+00 (0.0000000000 0.0000000000) 0.0e+00 0.0e+00 0 0 0 0 1 0 1 bwd_weight Resnet50_validation_nhwc_CHECK_NHWC_4_f16 (107 of 107)
