25690112   (25616523 68102 5487 0) 5504.0 (-0.0000762939 -0.0004043579) 4.000000 0.000475 4.3e+00 7.2e-01 (-0.0016336441 -0.0028076172) 3.9e-06 5.2e-07 1 0 0 0 0 1 0 fwd conv2d_harness_cpu_verifier_kyxc_nhwc_nhwk_f16_E2E_f16 (1 of 107)
802816     (802244 545 27 0) 48.0 (-0.0005531311 -0.0005302429) 0.500000 0.000028 4.1e-02 1.9e-02 (0.0028343201 0.0027809143) 6.2e-07 1.9e-06 0 1 1 0 1 0 1 bwd_data conv2d_host_validation_f16_bwd_CHECK_BWD_DATA1 (2 of 107)
4096       (4082 14 0 0) 1.0 (-8.0156250000 -8.0078125000) 0.500000 0.000406 9.7e-04 9.7e-04 (-8.0156250000 -8.0078125000) 2.8e-06 0.0e+00 0 1 1 0 1 0 1 bwd_weight conv2d_host_validation_f16_bwd_CHECK_BWD_WEIGHT1 (3 of 107)
147456     (145313 1951 192 0) 251.0 (0.2188720703 0.2495117188) 16.000000 0.021697 1.4e-01 1.4e-01 (0.2188720703 0.2495117188) 1.7e-05 1.1e-05 0 1 1 0 1 0 1 bwd_weight conv2d_host_validation_f16_bwd_CHECK_ISSUE_127_10 (4 of 107)
294912     (291685 2926 301 0) 1080.0 (0.0347900391 0.0183105469) 16.000000 0.010356 4.7e-01 4.7e-01 (0.0347900391 0.0183105469) 1.2e-05 7.5e-06 0 1 1 0 1 0 1 bwd_weight conv2d_host_validation_f16_bwd_CHECK_ISSUE_127_15 (5 of 107)
589824     (585105 4305 414 0) 696.0 (0.0098266602 0.0151367188) 8.000000 0.005125 5.4e-01 5.4e-01 (0.0098266602 0.0151367188) 1.0e-05 0.0e+00 0 1 1 0 1 0 1 bwd_weight conv2d_host_validation_f16_bwd_CHECK_ISSUE_127_16 (6 of 107)
1179648    (1173035 6062 551 0) 862.0 (-0.0025310516 -0.0017089844) 4.000000 0.002156 3.2e-01 3.2e-01 (-0.0025310516 -0.0017089844) 6.9e-06 4.6e-06 0 1 1 0 1 0 1 bwd_weight conv2d_host_validation_f16_bwd_CHECK_ISSUE_127_17 (7 of 107)
147456     (143391 3646 419 0) 7356.0 (0.0946655273 -0.0175781250) 32.000000 0.084773 1.2e+00 1.2e+00 (0.0946655273 -0.0175781250) 3.9e-05 0.0e+00 0 1 1 0 1 0 1 bwd_weight conv2d_host_validation_f16_bwd_CHECK_ISSUE_127_18 (8 of 107)
2097152    (2087376 8991 785 0) 972.0 (-0.0043869019 -0.0025329590) 4.000000 0.001342 4.2e-01 4.2e-01 (-0.0043869019 -0.0025329590) 5.3e-06 4.8e-06 0 1 1 0 1 0 1 bwd_weight conv2d_host_validation_f16_bwd_CHECK_ISSUE_127_6 (9 of 107)
262144     (259960 2004 180 0) 106.0 (-0.1838378906 -0.1967773438) 8.000000 0.005263 7.0e-02 7.0e-02 (-0.1838378906 -0.1967773438) 8.2e-06 7.0e-06 0 1 1 0 1 0 1 bwd_weight conv2d_host_validation_f16_bwd_CHECK_ISSUE_127_7 (10 of 107)
147456     (145278 1938 240 0) 3016.0 (-0.0013198853 0.0015563965) 16.000000 0.020188 2.2e+00 2.2e+00 (-0.0013198853 0.0015563965) 3.3e-05 9.7e-06 0 1 1 0 1 0 1 bwd_weight conv2d_host_validation_f16_bwd_CHECK_ISSUE_127_8 (11 of 107)
147456     (145238 2005 213 0) 52.0 (0.4665527344 0.4538574219) 16.000000 0.020861 4.4e-02 4.4e-02 (-0.2634277344 -0.2749023438) 1.5e-05 0.0e+00 0 1 1 0 1 0 1 bwd_weight conv2d_host_validation_f16_bwd_CHECK_ISSUE_127_9 (12 of 107)
1024       (1018 6 0 0) 1.0 (46.8750000000 46.9062500000) 2.000000 0.003086 8.6e-04 8.6e-04 (-145.7500000000 -145.8750000000) 4.0e-06 8.8e-06 0 1 1 0 1 0 1 bwd_weight conv2d_host_validation_f16_bwd_CHECK_ISSUE_70_1 (13 of 107)
65536      (64535 919 82 0) 340.0 (0.0199584961 0.0251464844) 16.000000 0.022036 2.6e-01 2.6e-01 (0.0199584961 0.0251464844) 1.8e-05 1.0e-05 0 1 1 0 1 0 1 bwd_weight conv2d_host_validation_f16_bwd_CHECK_ISSUE_70_2 (14 of 107)
4096       (4081 15 0 0) 1.0 (1371.0000000000 1372.0000000000) 2.000000 0.001767 9.1e-04 9.1e-04 (-34.2500000000 -34.2812500000) 2.5e-06 6.4e-06 0 1 1 0 1 0 1 bwd_weight conv2d_host_validation_f16_bwd_CHECK_ISSUE_70_3 (15 of 107)
1024       (1020 4 0 0) 1.0 (-50.3437500000 -50.3750000000) 0.250000 0.000549 9.3e-04 9.3e-04 (-269.0000000000 -269.2500000000) 3.0e-06 2.1e-07 0 1 1 0 1 0 1 bwd_weight conv2d_host_validation_f16_bwd_CHECK_ISSUE_71_1 (16 of 107)
1024       (1018 6 0 0) 1.0 (-5.5468750000 -5.5429687500) 0.003906 0.000019 9.7e-04 9.7e-04 (-4.0156250000 -4.0195312500) 4.3e-06 0.0e+00 0 1 1 0 1 0 1 bwd_weight conv2d_host_validation_f16_bwd_CHECK_ISSUE_71_2 (17 of 107)
1024       (1014 8 2 0) 3.0 (-7.4140625000 -7.4023437500) 1.000000 0.003319 1.6e-03 1.6e-03 (-7.4140625000 -7.4023437500) 8.4e-06 0.0e+00 0 1 1 0 1 0 1 bwd_weight conv2d_host_validation_f16_bwd_CHECK_ISSUE_71_3 (18 of 107)
1024       (1023 1 0 0) 1.0 (-966.5000000000 -966.0000000000) 0.500000 0.000488 5.2e-04 5.2e-04 (-966.5000000000 -966.0000000000) 5.1e-07 2.2e-06 0 1 1 0 1 0 1 bwd_weight conv2d_host_validation_f16_bwd_CHECK_ISSUE_71_4 (19 of 107)
12845056   (12826388 17340 1328 0) 944.0 (0.0003414154 0.0002288818) 1.000000 0.000111 8.1e-01 7.8e-02 (0.0011215210 0.0012092590) 1.7e-06 2.2e-06 0 0 0 0 0 1 0 fwd conv2d_host_validation_f16_CHECK_RESNET101_NCHW_CONFIG1_FWD_f16 (20 of 107)
12845056   (12827334 16534 1188 0) 1024.0 (0.0001163483 0.0000553131) 1.000000 0.000103 2.0e+00 2.2e-01 (-0.0018882751 -0.0023117065) 1.6e-06 1.9e-06 0 0 0 0 0 1 0 fwd conv2d_host_validation_f16_CHECK_RESNET101_NCHW_CONFIG2_FWD_f16 (21 of 107)
25690112   (25652531 34926 2655 0) 2816.0 (-0.0002479553 -0.0000801086) 1.000000 0.000113 4.7e+00 1.1e-01 (-0.0011711121 -0.0010414124) 2.0e-06 2.3e-06 0 0 0 0 0 1 0 bwd_data conv2d_host_validation_f16_CHECK_RESNET101_NCHW_CONFIG8_BWD_f16 (22 of 107)
102760448  (102688712 66943 4793 0) 896.0 (-0.0001678467 -0.0001144409) 1.000000 0.000025 2.1e+00 5.9e-02 (0.0010585785 0.0009956360) 7.7e-07 1.5e-06 0 0 0 0 0 1 0 fwd conv2d_host_validation_f16_CHECK_RESNET101_NCHW_CONFIG8_FWD_f16 (23 of 107)
16384      (16076 271 37 0) 49.0 (0.9111328125 0.9350585938) 16.000000 0.040818 3.4e-02 3.4e-02 (-2.0292968750 -2.0976562500) 2.1e-05 0.0e+00 0 0 0 0 0 1 0 bwd_weight conv2d_host_validation_f16_CHECK_RESNET101_NCHW_CONFIG8_WRW_f16 (24 of 107)
12845056   (12826345 17422 1289 0) 2816.0 (-0.0000381470 0.0001296997) 2.000000 0.000112 4.4e+00 1.8e-01 (0.0012664795 0.0010375977) 2.0e-06 2.2e-06 0 0 0 0 0 1 0 fwd conv2d_host_validation_f16_CHECK_RESNET101_NHWC_CONFIG1_FWD_f16 (25 of 107)
12845056   (12827223 16620 1213 0) 1280.0 (0.0000762939 0.0000000000) 1.000000 0.000101 2.8e+00 8.1e-02 (0.0018119812 0.0016651154) 1.9e-06 1.9e-06 0 0 0 0 0 1 0 fwd conv2d_host_validation_f16_CHECK_RESNET101_NHWC_CONFIG2_FWD_f16 (26 of 107)
25690112   (25652399 35046 2667 0) 1728.0 (-0.0001754761 -0.0000724792) 1.000000 0.000112 1.8e+00 2.0e-01 (0.0010910034 0.0008773804) 1.7e-06 2.4e-06 0 0 0 0 0 1 0 bwd_data conv2d_host_validation_f16_CHECK_RESNET101_NHWC_CONFIG8_BWD_f16 (27 of 107)
102760448  (102688881 66722 4845 0) 1152.0 (-0.0001525879 -0.0000839233) 1.000000 0.000025 5.0e+00 7.6e-02 (0.0010776520 0.0011596680) 8.4e-07 8.1e-07 0 0 0 0 0 1 0 fwd conv2d_host_validation_f16_CHECK_RESNET101_NHWC_CONFIG8_FWD_f16 (28 of 107)
16384      (16047 305 32 0) 32.0 (-5.8710937500 -5.9960937500) 32.000000 0.046042 2.1e-02 2.1e-02 (-5.8710937500 -5.9960937500) 2.0e-05 1.6e-05 0 0 0 0 0 1 0 bwd_weight conv2d_host_validation_f16_CHECK_RESNET101_NHWC_CONFIG8_WRW_f16 (29 of 107)
4194304    (4194120 176 8 0) 64.0 (-0.0000762939 -0.0000724792) 0.062500 0.000000 5.0e-02 1.6e-03 (0.0012226105 0.0012245178) 4.4e-08 3.3e-07 0 1 1 0 1 0 1 fwd conv2d_host_validation_f16_fwd_CHECK_FILTER1_f16 (30 of 107)
4194304    (4194102 194 8 0) 14.0 (-0.0002474785 -0.0002441406) 0.125000 0.000000 1.9e-02 1.1e-03 (-0.0017375946 -0.0017395020) 4.7e-08 4.9e-07 0 1 1 0 1 0 1 fwd conv2d_host_validation_f16_fwd_CHECK_FILTER2_f16 (31 of 107)
16777216   (16774638 2469 109 0) 128.0 (0.0000762939 0.0000686646) 0.250000 0.000002 1.0e-01 4.9e-03 (0.0558776855 0.0556030273) 1.3e-07 7.6e-07 0 1 1 0 1 0 1 fwd conv2d_host_validation_f16_fwd_CHECK_ISSUE_114_1_f16 (32 of 107)
16777216   (16774426 2649 141 0) 32.0 (-0.0001106262 -0.0001087189) 0.250000 0.000002 5.0e-02 6.8e-03 (0.0011138916 0.0011215210) 1.4e-07 7.0e-07 0 1 1 0 1 0 1 fwd conv2d_host_validation_f16_fwd_CHECK_ISSUE_114_2_f16 (33 of 107)
4194304    (4193667 592 45 0) 64.0 (-0.0000762939 -0.0000801086) 0.125000 0.000002 5.0e-02 3.4e-03 (0.0011100769 0.0011138916) 1.4e-07 7.0e-07 0 1 1 0 1 0 1 fwd conv2d_host_validation_f16_fwd_CHECK_ISSUE_114_3_f16 (34 of 107)
4194304    (4193626 647 31 0) 32.0 (0.0001106262 0.0001087189) 0.125000 0.000002 2.0e-02 3.5e-03 (-0.0021972656 -0.0022048950) 1.4e-07 7.3e-07 0 1 1 0 1 0 1 fwd conv2d_host_validation_f16_fwd_CHECK_ISSUE_114_4_f16 (35 of 107)
16777216   (16774340 2734 142 0) 72.0 (-0.0000720024 -0.0000762939) 0.250000 0.000002 1.1e-01 7.6e-03 (-0.0010070801 -0.0010147095) 1.6e-07 7.9e-07 0 1 1 0 1 0 1 fwd conv2d_host_validation_f16_fwd_CHECK_ISSUE_114_5_f16 (36 of 107)
16777216   (16774570 2513 133 0) 64.0 (0.0002288818 0.0002365112) 0.250000 0.000002 4.0e-02 8.3e-03 (-0.0011444092 -0.0011539459) 1.4e-07 6.8e-07 0 1 1 0 1 0 1 fwd conv2d_host_validation_f16_fwd_CHECK_ISSUE_114_6_f16 (37 of 107)
4194304    (4193577 697 30 0) 128.0 (0.0001144409 0.0001068115) 0.250000 0.000002 6.7e-02 1.1e-02 (0.0010032654 0.0010147095) 1.9e-07 8.7e-07 0 1 1 0 1 0 1 fwd conv2d_host_validation_f16_fwd_CHECK_ISSUE_114_7_f16 (38 of 107)
4194304    (4193641 638 25 0) 24.0 (0.0004787445 0.0004844666) 0.250000 0.000002 1.2e-02 3.4e-03 (0.0011062622 0.0011024475) 1.3e-07 7.3e-07 0 1 1 0 1 0 1 fwd conv2d_host_validation_f16_fwd_CHECK_ISSUE_114_8_f16 (39 of 107)
12845056   (12792551 48411 4094 0) 26304.0 (0.0015144348 -0.0000534058) 4.000000 0.001016 2.4e+00 1.0e+00 (-0.0014877319 0.0000534058) 5.5e-06 1.1e-06 0 1 1 0 1 0 1 fwd conv2d_host_validation_f16_fwd_CHECK_ISSUE_127_11_f16 (40 of 107)
12845056   (12794636 46390 4030 0) 4592.0 (0.0002174377 -0.0003299713) 16.000000 0.000954 2.5e+00 2.4e+00 (-0.0010814667 -0.0037212372) 5.4e-06 1.1e-06 0 1 1 0 1 0 1 fwd conv2d_host_validation_f16_fwd_CHECK_ISSUE_127_12_f16 (41 of 107)
12845056   (12796826 44497 3733 0) 22592.0 (-0.0000762939 -0.0014228821) 16.000000 0.000855 1.8e+01 1.2e+00 (-0.0021972656 -0.0048675537) 6.7e-06 9.9e-07 0 1 1 0 1 0 1 fwd conv2d_host_validation_f16_fwd_CHECK_ISSUE_127_13_f16 (42 of 107)
12845056   (12791927 48918 4211 0) 20608.0 (0.0001373291 -0.0023193359) 4.000000 0.001041 1.8e+01 1.5e+00 (0.0012588501 -0.0006027222) 6.4e-06 1.2e-06 0 1 1 0 1 0 1 fwd conv2d_host_validation_f16_fwd_CHECK_ISSUE_127_14_f16 (43 of 107)
12845056   (12791915 48889 4252 0) 5664.0 (0.0003738403 -0.0009765625) 4.000000 0.001053 3.6e+00 1.7e+00 (-0.0014791489 0.0010223389) 5.6e-06 1.1e-06 0 1 1 0 1 0 1 fwd conv2d_host_validation_f16_fwd_CHECK_ISSUE_127_1_f16 (44 of 107)
6422528    (6385963 33708 2857 0) 26816.0 (-0.0001296997 0.0030670166) 32.000000 0.002141 2.5e+01 4.8e-01 (0.0040206909 0.0059661865) 1.0e-05 1.1e-06 0 1 1 0 1 0 1 fwd conv2d_host_validation_f16_fwd_CHECK_ISSUE_127_2_f16 (45 of 107)
25690112   (25612436 71945 5731 0) 4864.0 (-0.0004310608 0.0001487732) 4.000000 0.000524 6.0e+00 7.5e-01 (-0.0010461807 -0.0018281937) 4.0e-06 3.3e-06 0 1 1 0 1 0 1 fwd conv2d_host_validation_f16_fwd_CHECK_ISSUE_127_3_f16 (46 of 107)
12845056   (12791597 49282 4177 0) 10752.0 (0.0010833740 -0.0001983643) 4.000000 0.001051 3.1e+01 1.4e+00 (0.0014972687 0.0036640167) 8.1e-06 4.2e-06 0 1 1 0 1 0 1 fwd conv2d_host_validation_f16_fwd_CHECK_ISSUE_127_4_f16 (47 of 107)
12845056   (12794276 46814 3966 0) 42688.0 (0.0000572205 0.0026016235) 4.000000 0.000977 4.4e+01 9.3e-01 (-0.0011606216 -0.0022354126) 8.5e-06 4.0e-06 0 1 1 0 1 0 1 fwd conv2d_host_validation_f16_fwd_CHECK_ISSUE_127_5_f16 (48 of 107)
7372800    (7367277 5151 372 0) 256.0 (-0.0000152588 0.0000000000) 0.500000 0.000029 1.0e+00 2.3e-02 (0.0013275146 0.0013580322) 9.7e-07 1.6e-06 0 1 1 0 1 0 1 fwd conv2d_host_validation_f16_fwd_CHECK_ISSUE_40_1_f16 (49 of 107)
3440640    (3436819 3546 275 0) 160.0 (-0.0006484985 -0.0007247925) 1.000000 0.000063 1.2e-01 6.3e-02 (-0.0019302368 -0.0018081665) 1.2e-06 2.1e-06 0 1 1 0 1 0 1 fwd conv2d_host_validation_f16_fwd_CHECK_ISSUE_40_2_f16 (50 of 107)
6422528    (6410867 10816 845 0) 3904.0 (0.0002632141 0.0000305176) 2.000000 0.000182 5.8e+00 5.0e-01 (-0.0010528564 -0.0015754700) 3.1e-06 2.8e-06 0 1 1 0 1 0 1 fwd conv2d_host_validation_f16_fwd_CHECK_ISSUE_40_3_f16 (51 of 107)
14745600   (14726838 17463 1299 0) 4104.0 (-0.0001149178 0.0001296997) 1.000000 0.000084 4.6e+00 1.7e-01 (-0.0015640259 -0.0018310547) 2.0e-06 2.2e-06 0 1 1 0 1 0 1 fwd conv2d_host_validation_f16_fwd_CHECK_ISSUE_40_4_f16 (52 of 107)
6881280    (6874545 6312 423 0) 392.0 (-0.0002145767 -0.0001678467) 1.000000 0.000050 2.2e-01 1.0e-01 (0.0012054443 0.0010833740) 1.0e-06 2.0e-06 0 1 0 0 0 0 1 fwd conv2d_host_validation_f16_fwd_CHECK_ISSUE_40_5_f16 (53 of 107)
1048576    (1047250 1228 98 0) 96.0 (0.0018234253 0.0017318726) 1.000000 0.000082 5.0e-02 5.0e-02 (0.0018234253 0.0017318726) 1.2e-06 2.6e-06 0 1 1 0 1 0 1 fwd conv2d_host_validation_f16_fwd_CHECK_ISSUE_41_10_f16 (54 of 107)
12845056   (12835556 8894 606 0) 640.0 (-0.0001373291 -0.0000991821) 1.000000 0.000029 1.2e+00 9.1e-02 (0.0010070801 0.0010986328) 1.0e-06 1.7e-06 0 1 1 0 1 0 1 fwd conv2d_host_validation_f16_fwd_CHECK_ISSUE_41_11_f16 (55 of 107)
9437184    (9424985 11330 869 0) 1088.0 (-0.0005111694 -0.0002517700) 1.000000 0.000089 1.3e+00 1.2e-01 (0.0011596680 0.0013046265) 1.6e-06 1.9e-06 0 1 1 0 1 0 1 fwd conv2d_host_validation_f16_fwd_CHECK_ISSUE_41_12_f16 (56 of 107)
921600     (920948 610 42 0) 20.0 (0.0068626404 0.0069389343) 0.500000 0.000024 1.1e-02 1.1e-02 (0.0026741028 0.0027046204) 5.7e-07 1.6e-06 0 1 1 0 1 0 1 fwd conv2d_host_validation_f16_fwd_CHECK_ISSUE_41_2_f16 (57 of 107)
1605632    (1604359 1196 77 0) 704.0 (0.0000267029 -0.0000152588) 0.500000 0.000032 1.6e+00 2.9e-02 (0.0013351440 0.0012969971) 1.6e-06 1.8e-06 0 1 1 0 1 0 1 fwd conv2d_host_validation_f16_fwd_CHECK_ISSUE_41_3_f16 (58 of 107)
200704     (200554 136 14 0) 48.0 (-0.0022659302 -0.0023574829) 0.500000 0.000027 4.0e-02 4.0e-02 (-0.0022659302 -0.0023574829) 1.0e-06 1.5e-06 0 1 1 0 1 0 1 fwd conv2d_host_validation_f16_fwd_CHECK_ISSUE_41_4_f16 (59 of 107)
1605632    (1603847 1667 118 0) 38.0 (-0.0025024414 -0.0025749207) 1.000000 0.000062 2.9e-02 2.9e-02 (-0.0025024414 -0.0025749207) 9.6e-07 2.1e-06 0 1 1 0 1 0 1 fwd conv2d_host_validation_f16_fwd_CHECK_ISSUE_41_5_f16 (60 of 107)
802816     (802228 548 40 0) 10.0 (-0.0056076050 -0.0055694580) 0.500000 0.000033 6.8e-03 6.8e-03 (-0.0056076050 -0.0055694580) 5.7e-07 1.6e-06 0 1 1 0 1 0 1 fwd conv2d_host_validation_f16_fwd_CHECK_ISSUE_41_6_f16 (61 of 107)
4194304    (4191382 2722 200 0) 128.0 (-0.0001182556 -0.0001258850) 0.500000 0.000025 6.5e-02 3.7e-02 (-0.0020751953 -0.0021514893) 6.2e-07 1.5e-06 0 1 1 0 1 0 1 fwd conv2d_host_validation_f16_fwd_CHECK_ISSUE_41_7_f16 (62 of 107)
3211264    (3207196 3766 302 0) 832.0 (0.0002593994 0.0001602173) 1.000000 0.000083 3.8e-01 1.3e-01 (0.0025405884 0.0028762817) 1.5e-06 2.1e-06 0 1 1 0 1 0 1 fwd conv2d_host_validation_f16_fwd_CHECK_ISSUE_41_8_f16 (63 of 107)
2359296    (2357524 1664 108 0) 128.0 (0.0000457764 0.0000534058) 0.500000 0.000029 1.7e-01 2.3e-02 (0.0020294189 0.0019836426) 7.2e-07 1.6e-06 0 1 1 0 1 0 1 fwd conv2d_host_validation_f16_fwd_CHECK_ISSUE_41_9_f16 (64 of 107)
25690112   (25616571 68166 5375 0) 6752.0 (0.0010414124 0.0002365112) 4.000000 0.000468 2.8e+00 7.7e-01 (0.0010414124 0.0002365112) 3.4e-06 3.1e-06 0 1 1 0 1 0 1 fwd conv2d_host_validation_f16_fwd_CHECK_KCYX_NCHW_NKHW1_f16 (65 of 107)
3686400    (3684606 1668 126 0) 256.0 (0.0000610352 0.0000457764) 0.500000 0.000012 2.5e-01 3.3e-02 (-0.0011520386 -0.0011901855) 5.2e-07 1.4e-06 0 1 1 0 1 0 1 fwd conv2d_host_validation_f16_fwd_CHECK_KCYX_NCHW_NKHW2_f16 (66 of 107)
409600     (409399 188 13 0) 96.0 (0.0001564026 0.0001678467) 0.500000 0.000020 7.3e-02 1.3e-02 (-0.0024185181 -0.0023880005) 6.1e-07 2.0e-06 0 1 1 0 1 0 1 fwd conv2d_host_validation_f16_fwd_CHECK_KCYX_NCHW_NKHW3_f16 (67 of 107)
147456     (147375 78 3 0) 48.0 (0.0034637451 0.0033721924) 0.250000 0.000016 2.6e-02 2.6e-02 (0.0034637451 0.0033721924) 5.4e-07 1.6e-06 0 1 1 0 1 0 1 fwd conv2d_host_validation_f16_fwd_CHECK_KCYX_NCHW_NKHW4_f16 (68 of 107)
102400     (102356 41 3 0) 4.0 (-0.0059356689 -0.0059509277) 0.250000 0.000005 2.6e-03 2.6e-03 (-0.0059356689 -0.0059509277) 3.2e-07 9.5e-07 0 1 1 0 1 0 1 fwd conv2d_host_validation_f16_fwd_CHECK_KCYX_NCHW_NKHW5_f16 (69 of 107)
15745024   (15737780 6750 494 0) 384.0 (-0.0000762939 -0.0000534058) 0.500000 0.000012 3.0e-01 1.8e-02 (-0.0010643005 -0.0010833740) 4.8e-07 1.3e-06 0 1 1 0 1 0 1 fwd conv2d_host_validation_f16_fwd_CHECK_KCYX_NCHW_NKHW6_f16 (70 of 107)
13778944   (13764861 13062 1021 0) 768.0 (-0.0000495911 -0.0000953674) 1.000000 0.000054 9.2e-01 8.2e-02 (0.0021514893 0.0019760132) 1.2e-06 1.9e-06 0 1 1 0 1 0 1 fwd conv2d_host_validation_f16_fwd_CHECK_KCYX_NCHW_NKHW7_f16 (71 of 107)
25690112   (25616867 67683 5562 0) 10240.0 (-0.0000343323 -0.0006446838) 32.000000 0.000464 1.8e+01 3.9e-01 (0.0015869141 0.0022125244) 4.3e-06 5.4e-07 0 1 1 0 1 0 1 fwd conv2d_host_validation_f16_fwd_CHECK_KYXC_NHWC_NHWK1_f16 (72 of 107)
3686400    (3684423 1862 115 0) 112.0 (0.0001964569 0.0001831055) 0.500000 0.000014 6.8e-02 1.2e-02 (-0.0013198853 -0.0013046265) 5.3e-07 1.3e-06 0 1 1 0 1 0 1 fwd conv2d_host_validation_f16_fwd_CHECK_KYXC_NHWC_NHWK2_f16 (73 of 107)
409600     (409402 179 19 0) 32.0 (-0.0000457764 -0.0000438690) 0.250000 0.000011 4.2e-02 5.4e-03 (-0.0012464523 -0.0012397766) 5.5e-07 1.1e-06 0 1 1 0 1 0 1 fwd conv2d_host_validation_f16_fwd_CHECK_KYXC_NHWC_NHWK3_f16 (74 of 107)
147456     (147382 64 10 0) 42.0 (-0.0001270771 -0.0001220703) 0.250000 0.000011 3.9e-02 1.4e-02 (0.0010528564 0.0010375977) 9.8e-07 1.4e-06 0 1 1 0 1 0 1 fwd conv2d_host_validation_f16_fwd_CHECK_KYXC_NHWC_NHWK4_f16 (75 of 107)
102400     (102337 58 5 0) 4.0 (0.0096588135 0.0096893311) 0.250000 0.000017 3.2e-03 3.2e-03 (0.0096588135 0.0096893311) 5.1e-07 1.5e-06 0 1 1 0 1 0 1 fwd conv2d_host_validation_f16_fwd_CHECK_KYXC_NHWC_NHWK5_f16 (76 of 107)
15745024   (15736955 7459 610 0) 256.0 (0.0000000000 -0.0000152588) 0.500000 0.000013 3.3e-01 1.2e-01 (-0.0025310516 -0.0022163391) 5.4e-07 1.2e-06 0 1 1 0 1 0 1 fwd conv2d_host_validation_f16_fwd_CHECK_KYXC_NHWC_NHWK6_f16 (77 of 107)
13778944   (13764944 13038 962 0) 2576.0 (0.0001344681 -0.0000190735) 1.000000 0.000054 1.1e+00 1.5e-01 (0.0011520386 0.0013275146) 1.2e-06 1.7e-06 0 1 1 0 1 0 1 fwd conv2d_host_validation_f16_fwd_CHECK_KYXC_NHWC_NHWK7_f16 (78 of 107)
802816     (802473 323 20 0) 8.0 (-0.0012283325 -0.0012359619) 0.250000 0.000012 6.2e-03 6.2e-03 (-0.0012283325 -0.0012359619) 3.3e-07 1.3e-06 0 1 1 0 1 0 1 fwd conv2d_host_validation_f16_fwd_CHECK_PADDING1_f16 (79 of 107)
802816     (802434 360 22 0) 164.0 (0.0001406670 0.0001602173) 0.250000 0.000013 1.4e-01 8.8e-03 (0.0010852814 0.0010757446) 5.5e-07 1.3e-06 0 1 1 0 1 0 1 fwd conv2d_host_validation_f16_fwd_CHECK_PADDING2_f16 (80 of 107)
2048       (2047 1 0 0) 1.0 (-4.0742187500 -4.0703125000) 0.003906 0.000002 9.6e-04 9.6e-04 (-4.0742187500 -4.0703125000) 4.7e-07 1.3e-07 0 1 1 0 1 0 1 fwd conv2d_host_validation_f16_fwd_CHECK_PADDING3_f16 (81 of 107)
205520896  (205378840 132456 9600 0) 1024.0 (-0.0000076294 -0.0000686646) 1.000000 0.000025 1.1e+01 1.0e-01 (0.0030708313 0.0033912659) 9.2e-07 1.4e-06 0 1 0 0 1 0 1 fwd conv2d_host_validation_f32_fwd_GROUP_NCHW_f16 (82 of 107)
51380224   (51344491 33209 2524 0) 800.0 (0.0003166199 0.0002212524) 1.000000 0.000025 5.0e+00 1.2e-01 (-0.0010452271 -0.0011672974) 9.4e-07 1.4e-06 1 0 0 0 0 1 0 fwd conv2d_host_validation_random_CHECK_KCYX_NCHW_NKHW_5_f16 (83 of 107)
51380224   (51344696 33068 2460 0) 1134.0 (-0.0001858473 -0.0001182556) 1.000000 0.000025 7.5e-01 9.9e-02 (-0.0012569427 -0.0013809204) 7.9e-07 1.6e-06 1 0 0 0 0 1 0 fwd conv2d_host_validation_random_CHECK_KCYX_NCHW_NKHW_6_f16 (84 of 107)
47775744   (47672278 96011 7455 0) 3904.0 (-0.0003356934 -0.0001029968) 2.000000 0.000260 3.0e+00 4.3e-01 (-0.0015106201 -0.0008654594) 2.6e-06 2.8e-06 1 0 0 0 0 1 0 fwd conv2d_host_validation_random_CHECK_KCYX_NCHW_NKHW_7_f16 (85 of 107)
51380224   (51269770 102412 8042 0) 5376.0 (-0.0003662109 -0.0000457764) 2.000000 0.000257 3.5e+00 4.0e-01 (0.0013198853 0.0007972717) 2.6e-06 2.8e-06 1 0 0 0 0 1 0 fwd conv2d_host_validation_random_CHECK_KCYX_NCHW_NKHW_8_f16 (86 of 107)
16777216   (16774484 2609 123 0) 64.0 (-0.0002136230 -0.0002059937) 0.250000 0.000002 1.1e-01 5.2e-03 (0.0014572144 0.0014648438) 1.4e-07 7.1e-07 1 0 0 0 0 1 0 fwd conv2d_host_validation_random_CHECK_KYXC_NHWC_NHWK_4_f16 (87 of 107)
16777216   (16774572 2517 127 0) 192.0 (-0.0000038147 0.0000076294) 0.250000 0.000002 3.0e+00 7.1e-03 (-0.0010757446 -0.0010833740) 3.1e-07 7.6e-07 1 0 0 0 0 1 0 fwd conv2d_host_validation_random_CHECK_KYXC_NHWC_NHWK_5_f16 (88 of 107)
25690112   (25616879 67702 5531 0) 19968.0 (0.0000991821 0.0012893677) 4.000000 0.000465 1.2e+01 4.6e-01 (0.0029792786 0.0016098022) 4.1e-06 3.3e-06 1 0 1 0 0 1 0 fwd conv2d_host_validation_random_CHECK_RAND_FLOAT_2_f16 (89 of 107)
205520896  (205377473 133692 9731 0) 1216.0 (0.0000648499 -0.0000076294) 1.000000 0.000025 2.0e+00 5.8e-02 (0.0011901855 0.0012588501) 7.8e-07 7.9e-07 1 0 0 0 0 1 0 fwd conv2d_host_validation_random_GROUP_NHWC_f16 (90 of 107)
30720      (30693 26 1 0) 14.0 (0.0068359375 0.0067825317) 0.250000 0.000051 7.8e-03 7.8e-03 (0.0068359375 0.0067825317) 8.4e-07 2.1e-06 0 1 0 0 1 0 1 fwd padding_kernel_all_fwd_CHECK_RESNET50_CONFIG2_f16 (91 of 107)
30720      (30676 40 4 0) 16.0 (-0.0011672974 -0.0011520386) 0.500000 0.000083 1.3e-02 1.3e-02 (-0.0011672974 -0.0011520386) 1.4e-06 2.9e-06 0 1 0 0 1 0 1 fwd padding_kernel_all_fwd_CHECK_RESNET50_CONFIG4_f16 (92 of 107)
882        (875 7 0 0) 1.0 (-2.7421875000 -2.7441406250) 2.000000 0.003209 9.6e-04 9.6e-04 (-16.2812500000 -16.2968750000) 5.5e-06 9.8e-06 0 1 0 0 1 0 1 bwd_weight padding_kernel_all_wrw_CHECK_RESNET50_CONFIG2_f16 (93 of 107)
882        (874 6 2 0) 5.0 (0.8090820312 0.8066406250) 1.000000 0.003131 3.0e-03 3.0e-03 (0.8090820312 0.8066406250) 1.0e-05 6.4e-06 0 1 0 0 1 0 1 bwd_weight padding_kernel_all_wrw_CHECK_RESNET50_CONFIG4_f16 (94 of 107)
205520896  (205296654 208728 15514 0) 3072.0 (0.0001029968 0.0002861023) 1.000000 0.000062 2.1e+01 1.4e-01 (0.0015296936 0.0017509460) 1.6e-06 1.9e-06 0 1 1 0 1 0 1 fwd padding_kernel_gemmK_CHECK_RESNET50_F16_CONFIG1 (95 of 107)
205520896  (205295636 209794 15466 0) 2768.0 (-0.0005321503 -0.0002021790) 1.000000 0.000062 8.0e+00 1.9e-01 (0.0016098022 0.0013046265) 1.4e-06 1.8e-06 0 1 1 0 1 0 1 fwd padding_kernel_gemmK_CHECK_RESNET50_F16_CONFIG2 (96 of 107)
205520896  (205295665 209860 15371 0) 3840.0 (0.0000305176 -0.0001983643) 1.000000 0.000063 9.8e+00 1.5e-01 (-0.0010395050 -0.0011978149) 1.4e-06 1.9e-06 0 1 1 0 1 0 1 fwd padding_kernel_gemmK_CHECK_RESNET50_F16_CONFIG4 (97 of 107)
9408       (8910 437 61 0) 1294.0 (0.3134765625 0.1555175781) 32.000000 0.353642 5.0e-01 5.0e-01 (0.3134765625 0.1555175781) 1.1e-04 0.0e+00 0 1 1 0 1 0 1 bwd_weight padding_kernel_gemmN_CHECK_RESNET50_CONFIG2 (98 of 107)
9408       (8902 450 56 0) 33.0 (-11.6718750000 -11.9296875000) 32.000000 0.320671 2.2e-02 2.2e-02 (-11.6718750000 -11.9296875000) 5.1e-05 0.0e+00 0 1 1 0 1 0 1 bwd_weight padding_kernel_gemmN_CHECK_RESNET50_CONFIG4 (99 of 107)
6422528    (6403604 17515 1409 0) 3584.0 (0.0000000000 0.0002136230) 4.000000 0.000514 9.3e-01 4.8e-01 (0.0011596680 0.0006065369) 3.5e-06 3.4e-06 0 0 0 0 1 0 1 fwd Resnet50_validation_nchw_CHECK_NCHW_1_f16 (100 of 107)
25690112   (25663612 24672 1828 0) 5600.0 (-0.0003032684 0.0000305176) 1.000000 0.000055 2.3e+00 1.2e-01 (0.0012359619 0.0010833740) 1.3e-06 1.7e-06 0 0 0 0 1 0 1 fwd Resnet50_validation_nchw_CHECK_NCHW_2_f16 (101 of 107)
147456     (145308 1954 194 0) 10001.0 (-0.0029888153 -0.0220642090) 16.000000 0.019872 6.4e+00 6.4e+00 (-0.0029888153 -0.0220642090) 9.9e-05 0.0e+00 0 0 0 0 1 0 1 bwd_weight Resnet50_validation_nchw_CHECK_NCHW_3_f16 (102 of 107)
65536      (64538 900 98 0) 489.0 (-0.0974731445 -0.1273193359) 16.000000 0.020342 3.1e-01 3.1e-01 (-0.0974731445 -0.1273193359) 2.2e-05 6.9e-06 0 0 0 0 1 0 1 bwd_weight Resnet50_validation_nchw_CHECK_NCHW_4_f16 (103 of 107)
6422528    (6403711 17435 1382 0) 1984.0 (-0.0008354187 -0.0017814636) 4.000000 0.000497 1.4e+00 6.8e-01 (0.0010757446 0.0018081665) 3.8e-06 1.3e-06 0 0 0 0 1 0 1 fwd Resnet50_validation_nhwc_CHECK_NHWC_1_f16 (104 of 107)
25690112   (25663940 24421 1751 0) 1088.0 (0.0000038147 0.0000686646) 1.000000 0.000054 1.7e+01 9.2e-02 (0.0010414124 0.0011367798) 1.7e-06 7.3e-07 0 0 0 0 1 0 1 fwd Resnet50_validation_nhwc_CHECK_NHWC_2_f16 (105 of 107)
147456     (145286 1969 201 0) 388.0 (0.1240234375 0.1477050781) 16.000000 0.019998 1.9e-01 1.9e-01 (0.1240234375 0.1477050781) 2.0e-05 0.0e+00 0 0 0 0 1 0 1 bwd_weight Resnet50_validation_nhwc_CHECK_NHWC_3_f16 (106 of 107)
65536      (64612 842 82 0) 560.0 (0.0379333496 0.0293884277) 16.000000 0.021447 2.3e-01 2.3e-01 (0.0379333496 0.0293884277) 1.9e-05 1.1e-05 0 0 0 0 1 0 1 bwd_weight Resnet50_validation_nhwc_CHECK_NHWC_4_f16 (107 of 107)
