25690112   (25652441 35097 2574 0) 133.0 (-0.0000110865 -0.0000190139)  0.031250  0.000002  1.7e+01  6.3e-03  2.6e-06  3.5e-07 1 0 0 0 0 1 0 fwd conv2d_harness_cpu_verifier_kyxc_nhwc_nhwk_f16_E2E_f16 (1 of 107)
802816     (802485 321 10 0) 4.0 (-0.0001223087 -0.0001220703)  0.003906  0.000000  3.0e-02  9.7e-04  3.7e-07  1.4e-06 0 1 1 0 1 0 1 bwd_data conv2d_host_validation_f16_bwd_CHECK_BWD_DATA1 (2 of 107)
4096       (4088 8 0 0) 1.0 (0.0105361938 0.0105438232)  0.003906  0.000002  7.3e-04  7.2e-04  1.2e-06  8.1e-08 0 1 1 0 1 0 1 bwd_weight conv2d_host_validation_f16_bwd_CHECK_BWD_WEIGHT1 (3 of 107)
147456     (147124 308 24 0) 111.0 (-0.0002228022 -0.0002095699)  0.125000  0.000016  5.9e-02  2.3e-02  2.4e-06  2.3e-06 0 1 1 0 1 0 1 bwd_weight conv2d_host_validation_f16_bwd_CHECK_ISSUE_127_10 (4 of 107)
294912     (294350 517 45 0) 21.0 (-0.0013685226 -0.0013885498)  0.062500  0.000010  1.5e-02  1.3e-02  1.7e-06  2.3e-06 0 1 1 0 1 0 1 bwd_weight conv2d_host_validation_f16_bwd_CHECK_ISSUE_127_15 (5 of 107)
589824     (588642 1084 98 0) 218.0 (-0.0000935793 -0.0000805855)  0.062500  0.000007  1.4e-01  5.9e-03  2.2e-06  8.9e-08 0 1 1 0 1 0 1 bwd_weight conv2d_host_validation_f16_bwd_CHECK_ISSUE_127_16 (6 of 107)
1179648    (1177327 2134 187 0) 234.0 (-0.0000666380 -0.0000805855)  0.031250  0.000005  2.1e-01  8.0e-03  2.1e-06  2.0e-06 0 1 1 0 1 0 1 bwd_weight conv2d_host_validation_f16_bwd_CHECK_ISSUE_127_17 (7 of 107)
147456     (146054 1264 138 0) 2012.0 (0.0001351833 0.0000152588)  0.250000  0.000180  8.9e-01  3.1e-02  1.6e-05  5.8e-06 0 1 1 0 1 0 1 bwd_weight conv2d_host_validation_f16_bwd_CHECK_ISSUE_127_18 (8 of 107)
2097152    (2093139 3705 308 0) 118.0 (-0.0000327826 -0.0000398159)  0.031250  0.000004  6.9e-01  9.3e-03  2.5e-06  2.1e-06 0 1 1 0 1 0 1 bwd_weight conv2d_host_validation_f16_bwd_CHECK_ISSUE_127_6 (9 of 107)
262144     (261628 476 40 0) 64.0 (0.0004539490 0.0004692078)  0.062500  0.000008  4.7e-02  8.6e-03  2.1e-06  2.5e-06 0 1 1 0 1 0 1 bwd_weight conv2d_host_validation_f16_bwd_CHECK_ISSUE_127_7 (10 of 107)
147456     (147127 304 25 0) 19.0 (0.0030479431 0.0030117035)  0.125000  0.000015  1.2e-02  1.2e-02  1.8e-06  2.3e-06 0 1 1 0 1 0 1 bwd_weight conv2d_host_validation_f16_bwd_CHECK_ISSUE_127_8 (11 of 107)
147456     (147140 296 20 0) 8.0 (-0.0043716431 -0.0043411255)  0.125000  0.000020  7.0e-03  4.2e-03  1.7e-06  5.6e-08 0 1 1 0 1 0 1 bwd_weight conv2d_host_validation_f16_bwd_CHECK_ISSUE_127_9 (12 of 107)
1024       (1022 2 0 0) 1.0 (-0.0056648254 -0.0056610107)  0.000008  0.000000  6.7e-04  0.0e+00  1.3e-06  4.2e-09 0 1 1 0 1 0 1 bwd_weight conv2d_host_validation_f16_bwd_CHECK_ISSUE_70_1 (13 of 107)
65536      (65308 208 20 0) 17.0 (-0.0030364990 -0.0030689240)  0.125000  0.000034  1.1e-02  6.1e-03  3.3e-06  8.2e-08 0 1 1 0 1 0 1 bwd_weight conv2d_host_validation_f16_bwd_CHECK_ISSUE_70_2 (14 of 107)
4096       (4092 4 0 0) 1.0 (3.3046875000 3.3066406250)  0.001953  0.000001  8.6e-04  8.6e-04  7.1e-07  4.8e-07 0 1 1 0 1 0 1 bwd_weight conv2d_host_validation_f16_bwd_CHECK_ISSUE_70_3 (15 of 107)
1024       (1024 0 0 0) 0.0 (0.0000000000 0.0000000000)  0.000000  0.000000  0.0e+00  0.0e+00  0.0e+00  0.0e+00 0 1 1 0 1 0 1 bwd_weight conv2d_host_validation_f16_bwd_CHECK_ISSUE_71_1 (16 of 107)
1024       (1023 1 0 0) 1.0 (6.9335937500 6.9296875000)  0.003906  0.000004  5.6e-04  5.6e-04  5.5e-07  1.1e-07 0 1 1 0 1 0 1 bwd_weight conv2d_host_validation_f16_bwd_CHECK_ISSUE_71_2 (17 of 107)
1024       (1019 5 0 0) 1.0 (-16.7656250000 -16.7812500000)  0.015625  0.000032  9.3e-04  0.0e+00  3.4e-06  1.6e-07 0 1 1 0 1 0 1 bwd_weight conv2d_host_validation_f16_bwd_CHECK_ISSUE_71_3 (18 of 107)
1024       (1023 1 0 0) 1.0 (-0.1497802734 -0.1499023438)  0.000122  0.000000  8.1e-04  0.0e+00  8.0e-07  5.4e-08 0 1 1 0 1 0 1 bwd_weight conv2d_host_validation_f16_bwd_CHECK_ISSUE_71_4 (19 of 107)
12845056   (12834427 9971 658 0) 30.0 (0.0000494123 0.0000476241)  0.015625  0.000001  8.0e-01  1.9e-03  9.1e-07  1.6e-06 0 0 0 0 0 1 0 fwd conv2d_host_validation_f16_CHECK_RESNET101_NCHW_CONFIG1_FWD_f16 (20 of 107)
12845056   (12834662 9699 695 0) 36.0 (0.0000937581 0.0000916123)  0.015625  0.000001  1.0e+01  1.9e-03  1.6e-06  1.5e-06 0 0 0 0 0 1 0 fwd conv2d_host_validation_f16_CHECK_RESNET101_NCHW_CONFIG2_FWD_f16 (21 of 107)
25690112   (25669976 18826 1310 0) 40.0 (-0.0000587702 -0.0000611544)  0.015625  0.000001  4.0e-01  1.9e-03  7.9e-07  1.5e-06 0 0 0 0 0 1 0 bwd_data conv2d_host_validation_f16_CHECK_RESNET101_NCHW_CONFIG8_BWD_f16 (22 of 107)
102760448  (102718346 40213 1889 0) 9.0 (-0.0000597835 -0.0000603199)  0.007812  0.000000  4.0e+00  9.8e-04  4.5e-07  1.1e-06 0 0 0 0 0 1 0 fwd conv2d_host_validation_f16_CHECK_RESNET101_NCHW_CONFIG8_FWD_f16 (23 of 107)
16384      (16301 76 7 0) 16.0 (-0.0136260986 -0.0137481689)  0.250000  0.000070  9.0e-03  2.1e-03  4.4e-06  2.1e-06 0 0 0 0 0 1 0 bwd_weight conv2d_host_validation_f16_CHECK_RESNET101_NCHW_CONFIG8_WRW_f16 (24 of 107)
12845056   (12835115 9324 617 0) 45.0 (-0.0000596642 -0.0000569820)  0.015625  0.000001  3.8e-01  2.4e-03  7.6e-07  1.6e-06 0 0 0 0 0 1 0 fwd conv2d_host_validation_f16_CHECK_RESNET101_NHWC_CONFIG1_FWD_f16 (25 of 107)
12845056   (12835224 9207 625 0) 50.0 (-0.0001130104 -0.0001159906)  0.015625  0.000001  6.0e-01  1.8e-03  9.6e-07  1.5e-06 0 0 0 0 0 1 0 fwd conv2d_host_validation_f16_CHECK_RESNET101_NHWC_CONFIG2_FWD_f16 (26 of 107)
25690112   (25670136 18691 1285 0) 29.0 (-0.0000566840 -0.0000584126)  0.015625  0.000001  5.6e-01  2.0e-03  8.4e-07  1.7e-06 0 0 0 0 0 1 0 bwd_data conv2d_host_validation_f16_CHECK_RESNET101_NHWC_CONFIG8_BWD_f16 (27 of 107)
102760448  (102717550 40935 1963 0) 14.0 (0.0000486374 0.0000478029)  0.007812  0.000000  1.0e+00  9.8e-04  5.0e-07  5.8e-07 0 0 0 0 0 1 0 fwd conv2d_host_validation_f16_CHECK_RESNET101_NHWC_CONFIG8_FWD_f16 (28 of 107)
16384      (16316 66 2 0) 221.0 (0.0004303455 0.0003776550)  0.125000  0.000046  1.2e-01  9.6e-04  1.0e-05  3.5e-06 0 0 0 0 0 1 0 bwd_weight conv2d_host_validation_f16_CHECK_RESNET101_NHWC_CONFIG8_WRW_f16 (29 of 107)
4194304    (4194304 0 0 0) 0.0 (0.0000000000 0.0000000000)  0.000000  0.000000  0.0e+00  0.0e+00  0.0e+00  0.0e+00 0 1 1 0 1 0 1 fwd conv2d_host_validation_f16_fwd_CHECK_FILTER1_f16 (30 of 107)
4194304    (4194304 0 0 0) 0.0 (0.0000000000 0.0000000000)  0.000000  0.000000  0.0e+00  0.0e+00  0.0e+00  0.0e+00 0 1 1 0 1 0 1 fwd conv2d_host_validation_f16_fwd_CHECK_FILTER2_f16 (31 of 107)
16777216   (16776110 1105 1 0) 2.0 (0.0078201294 0.0078125000)  0.001953  0.000000  2.9e-02  9.8e-04  5.4e-08  3.8e-07 0 1 1 0 1 0 1 fwd conv2d_host_validation_f16_fwd_CHECK_ISSUE_114_1_f16 (32 of 107)
16777216   (16776110 1105 1 0) 2.0 (0.0078201294 0.0078125000)  0.001953  0.000000  2.9e-02  9.8e-04  5.4e-08  3.8e-07 0 1 1 0 1 0 1 fwd conv2d_host_validation_f16_fwd_CHECK_ISSUE_114_2_f16 (33 of 107)
4194304    (4194020 284 0 0) 1.0 (0.1065063477 0.1064453125)  0.000977  0.000000  4.5e-03  9.7e-04  5.0e-08  4.2e-07 0 1 1 0 1 0 1 fwd conv2d_host_validation_f16_fwd_CHECK_ISSUE_114_3_f16 (34 of 107)
4194304    (4194020 284 0 0) 1.0 (0.1065063477 0.1064453125)  0.000977  0.000000  4.5e-03  9.7e-04  5.0e-08  4.2e-07 0 1 1 0 1 0 1 fwd conv2d_host_validation_f16_fwd_CHECK_ISSUE_114_4_f16 (35 of 107)
16777216   (16776054 1159 3 0) 2.0 (0.0039100647 0.0039062500)  0.001953  0.000000  5.9e-02  9.8e-04  6.5e-08  4.0e-07 0 1 1 0 1 0 1 fwd conv2d_host_validation_f16_fwd_CHECK_ISSUE_114_5_f16 (36 of 107)
16777216   (16776054 1159 3 0) 2.0 (0.0039100647 0.0039062500)  0.001953  0.000000  5.9e-02  9.8e-04  6.5e-08  4.0e-07 0 1 1 0 1 0 1 fwd conv2d_host_validation_f16_fwd_CHECK_ISSUE_114_6_f16 (37 of 107)
4194304    (4193979 325 0 0) 1.0 (0.0134811401 0.0134735107)  0.000977  0.000000  1.4e-02  9.7e-04  6.7e-08  4.3e-07 0 1 1 0 1 0 1 fwd conv2d_host_validation_f16_fwd_CHECK_ISSUE_114_7_f16 (38 of 107)
4194304    (4193979 325 0 0) 1.0 (0.0134811401 0.0134735107)  0.000977  0.000000  1.4e-02  9.7e-04  6.7e-08  4.3e-07 0 1 1 0 1 0 1 fwd conv2d_host_validation_f16_fwd_CHECK_ISSUE_114_8_f16 (39 of 107)
12845056   (12818887 24210 1959 0) 254.0 (0.0001666546 0.0001363754)  0.031250  0.000005  3.1e+00  1.5e-02  2.9e-06  7.6e-07 0 1 1 0 1 0 1 fwd conv2d_host_validation_f16_fwd_CHECK_ISSUE_127_11_f16 (40 of 107)
12845056   (12819120 24027 1909 0) 269.0 (-0.0000997186 -0.0000836849)  0.031250  0.000004  7.7e-01  1.2e-02  2.4e-06  7.3e-07 0 1 1 0 1 0 1 fwd conv2d_host_validation_f16_fwd_CHECK_ISSUE_127_12_f16 (41 of 107)
12845056   (12820588 22665 1803 0) 153.0 (0.0000911355 0.0000820160)  0.250000  0.000004  9.2e-01  1.5e-02  2.3e-06  7.5e-07 0 1 1 0 1 0 1 fwd conv2d_host_validation_f16_fwd_CHECK_ISSUE_127_13_f16 (42 of 107)
12845056   (12818445 24667 1944 0) 348.0 (0.0000407100 0.0000614524)  0.031250  0.000005  2.3e+00  8.4e-03  2.7e-06  8.0e-07 0 1 1 0 1 0 1 fwd conv2d_host_validation_f16_fwd_CHECK_ISSUE_127_14_f16 (43 of 107)
12845056   (12817987 25019 2050 0) 183.0 (0.0001288652 0.0001179576)  0.125000  0.000005  8.3e-01  1.1e-02  2.5e-06  8.4e-07 0 1 1 0 1 0 1 fwd conv2d_host_validation_f16_fwd_CHECK_ISSUE_127_1_f16 (44 of 107)
6422528    (6404230 16878 1420 0) 1224.0 (-0.0000861883 -0.0001591444)  0.062500  0.000010  8.5e-01  2.9e-02  3.2e-06  7.3e-07 0 1 1 0 1 0 1 fwd conv2d_host_validation_f16_fwd_CHECK_ISSUE_127_2_f16 (45 of 107)
25690112   (25650512 36843 2757 0) 120.0 (-0.0000456572 -0.0000385046)  0.031250  0.000002  1.4e+01  6.9e-03  2.6e-06  2.3e-06 0 1 1 0 1 0 1 fwd conv2d_host_validation_f16_fwd_CHECK_ISSUE_127_3_f16 (46 of 107)
12845056   (12818290 24758 2008 0) 210.0 (-0.0000619888 -0.0000494719)  0.031250  0.000005  1.3e+00  1.0e-02  2.3e-06  2.8e-06 0 1 1 0 1 0 1 fwd conv2d_host_validation_f16_fwd_CHECK_ISSUE_127_4_f16 (47 of 107)
12845056   (12818105 24931 2020 0) 194.0 (-0.0000365973 -0.0000481606)  0.031250  0.000005  8.5e-01  8.4e-03  2.6e-06  2.7e-06 0 1 1 0 1 0 1 fwd conv2d_host_validation_f16_fwd_CHECK_ISSUE_127_5_f16 (48 of 107)
7372800    (7369685 2979 136 0) 7.0 (-0.0000528693 -0.0000524521)  0.007812  0.000000  1.7e-01  9.8e-04  4.0e-07  1.2e-06 0 1 1 0 1 0 1 fwd conv2d_host_validation_f16_fwd_CHECK_ISSUE_40_1_f16 (49 of 107)
3440640    (3438603 1917 120 0) 17.0 (-0.0000357628 -0.0000367761)  0.007812  0.000000  2.0e-01  9.8e-04  5.7e-07  1.4e-06 0 1 1 0 1 0 1 fwd conv2d_host_validation_f16_fwd_CHECK_ISSUE_40_2_f16 (50 of 107)
6422528    (6416374 5765 389 0) 32.0 (-0.0000351667 -0.0000332594)  0.015625  0.000001  4.1e-01  2.0e-03  1.1e-06  1.7e-06 0 1 1 0 1 0 1 fwd conv2d_host_validation_f16_fwd_CHECK_ISSUE_40_3_f16 (51 of 107)
14745600   (14735400 9547 653 0) 17.0 (0.0000520945 0.0000510812)  0.015625  0.000000  1.5e+00  1.6e-03  8.4e-07  1.5e-06 0 1 1 0 1 0 1 fwd conv2d_host_validation_f16_fwd_CHECK_ISSUE_40_4_f16 (52 of 107)
6881280    (6877458 3596 226 0) 13.0 (-0.0000122786 -0.0000115037)  0.007812  0.000000  1.2e-01  1.4e-03  5.9e-07  1.3e-06 0 1 0 0 0 0 1 fwd conv2d_host_validation_f16_fwd_CHECK_ISSUE_40_5_f16 (53 of 107)
1048576    (1047800 735 41 0) 9.0 (-0.0001152158 -0.0001146793)  0.007812  0.000001  2.9e-02  9.8e-04  6.0e-07  1.9e-06 0 1 1 0 1 0 1 fwd conv2d_host_validation_f16_fwd_CHECK_ISSUE_41_10_f16 (54 of 107)
12845056   (12839401 5403 252 0) 10.0 (-0.0000874996 -0.0000880957)  0.007812  0.000000  2.5e-01  9.8e-04  4.4e-07  1.1e-06 0 1 1 0 1 0 1 fwd conv2d_host_validation_f16_fwd_CHECK_ISSUE_41_11_f16 (55 of 107)
9437184    (9430561 6227 396 0) 18.0 (0.0000280738 0.0000270009)  0.007812  0.000000  6.0e+00  1.9e-03  1.9e-06  1.5e-06 0 1 1 0 1 0 1 fwd conv2d_host_validation_f16_fwd_CHECK_ISSUE_41_12_f16 (56 of 107)
921600     (921169 407 24 0) 7.0 (-0.0000528693 -0.0000524521)  0.007812  0.000000  3.8e-02  9.8e-04  4.4e-07  1.2e-06 0 1 1 0 1 0 1 fwd conv2d_host_validation_f16_fwd_CHECK_ISSUE_41_2_f16 (57 of 107)
1605632    (1604969 633 30 0) 6.0 (0.0000647902 0.0000651479)  0.007812  0.000000  6.8e-02  9.7e-04  3.8e-07  1.4e-06 0 1 1 0 1 0 1 fwd conv2d_host_validation_f16_fwd_CHECK_ISSUE_41_3_f16 (58 of 107)
200704     (200624 76 4 0) 4.0 (0.0000947714 0.0000945330)  0.003906  0.000000  2.5e-03  9.7e-04  2.9e-07  1.3e-06 0 1 1 0 1 0 1 fwd conv2d_host_validation_f16_fwd_CHECK_ISSUE_41_4_f16 (59 of 107)
1605632    (1604686 890 56 0) 10.0 (-0.0001109838 -0.0001115799)  0.007812  0.000000  2.0e-01  9.7e-04  6.2e-07  1.6e-06 0 1 1 0 1 0 1 fwd conv2d_host_validation_f16_fwd_CHECK_ISSUE_41_5_f16 (60 of 107)
802816     (802470 331 15 0) 6.0 (0.0000647902 0.0000651479)  0.007812  0.000000  8.5e-03  9.7e-04  3.5e-07  1.6e-06 0 1 1 0 1 0 1 fwd conv2d_host_validation_f16_fwd_CHECK_ISSUE_41_6_f16 (61 of 107)
4194304    (4192511 1704 89 0) 7.0 (-0.0000921488 -0.0000925660)  0.007812  0.000000  1.0e+00  9.8e-04  6.4e-07  1.2e-06 0 1 1 0 1 0 1 fwd conv2d_host_validation_f16_fwd_CHECK_ISSUE_41_7_f16 (62 of 107)
3211264    (3209073 2060 131 0) 12.0 (0.0000128746 0.0000121593)  0.007812  0.000000  8.6e-02  9.7e-04  6.2e-07  1.5e-06 0 1 1 0 1 0 1 fwd conv2d_host_validation_f16_fwd_CHECK_ISSUE_41_8_f16 (63 of 107)
2359296    (2358274 974 48 0) 7.0 (-0.0000301003 -0.0000305176)  0.003906  0.000000  3.9e-02  9.7e-04  3.8e-07  1.3e-06 0 1 1 0 1 0 1 fwd conv2d_host_validation_f16_fwd_CHECK_ISSUE_41_9_f16 (64 of 107)
25690112   (25652390 35025 2697 0) 164.0 (0.0000305772 0.0000208020)  0.031250  0.000002  2.2e+00  6.0e-03  1.8e-06  2.3e-06 0 1 1 0 1 0 1 fwd conv2d_host_validation_f16_fwd_CHECK_KCYX_NCHW_NKHW1_f16 (65 of 107)
3686400    (3685284 1089 27 0) 5.0 (0.0000640750 0.0000637770)  0.003906  0.000000  5.6e-02  9.7e-04  2.9e-07  1.1e-06 0 1 1 0 1 0 1 fwd conv2d_host_validation_f16_fwd_CHECK_KCYX_NCHW_NKHW2_f16 (66 of 107)
409600     (409495 104 1 0) 2.0 (-0.0000087023 -0.0000085831)  0.003906  0.000000  1.4e-02  9.7e-04  2.2e-07  1.1e-06 0 1 1 0 1 0 1 fwd conv2d_host_validation_f16_fwd_CHECK_KCYX_NCHW_NKHW3_f16 (67 of 107)
147456     (147404 50 2 0) 2.0 (-0.0000018477 -0.0000017285)  0.001953  0.000000  6.5e-02  9.6e-04  7.3e-07  9.8e-07 0 1 1 0 1 0 1 fwd conv2d_host_validation_f16_fwd_CHECK_KCYX_NCHW_NKHW4_f16 (68 of 107)
102400     (102375 25 0 0) 1.0 (0.0420227051 0.0419921875)  0.001953  0.000000  3.2e-03  9.7e-04  1.9e-07  1.4e-06 0 1 1 0 1 0 1 fwd conv2d_host_validation_f16_fwd_CHECK_KCYX_NCHW_NKHW5_f16 (69 of 107)
15745024   (15740360 4552 112 0) 5.0 (-0.0000117421 -0.0000114441)  0.003906  0.000000  2.0e-01  9.8e-04  2.8e-07  9.5e-07 0 1 1 0 1 0 1 fwd conv2d_host_validation_f16_fwd_CHECK_KCYX_NCHW_NKHW6_f16 (70 of 107)
13778944   (13770994 7474 476 0) 14.0 (0.0000102520 0.0000094175)  0.007812  0.000000  2.2e-01  9.8e-04  5.9e-07  1.3e-06 0 1 1 0 1 0 1 fwd conv2d_host_validation_f16_fwd_CHECK_KCYX_NCHW_NKHW7_f16 (71 of 107)
25690112   (25652441 35097 2574 0) 133.0 (-0.0000110865 -0.0000190139)  0.031250  0.000002  1.7e+01  6.3e-03  2.6e-06  3.5e-07 0 1 1 0 1 0 1 fwd conv2d_host_validation_f16_fwd_CHECK_KYXC_NHWC_NHWK1_f16 (72 of 107)
3686400    (3685243 1120 37 0) 5.0 (0.0000582337 0.0000585318)  0.003906  0.000000  6.2e-02  9.7e-04  3.0e-07  1.1e-06 0 1 1 0 1 0 1 fwd conv2d_host_validation_f16_fwd_CHECK_KYXC_NHWC_NHWK2_f16 (73 of 107)
409600     (409473 124 3 0) 2.0 (-0.0001587868 -0.0001585484)  0.001953  0.000000  3.6e-03  9.6e-04  2.3e-07  8.5e-07 0 1 1 0 1 0 1 fwd conv2d_host_validation_f16_fwd_CHECK_KYXC_NHWC_NHWK3_f16 (74 of 107)
147456     (147407 46 3 0) 4.0 (0.0000733733 0.0000736117)  0.001953  0.000000  9.3e-03  9.3e-04  3.5e-07  7.8e-07 0 1 1 0 1 0 1 fwd conv2d_host_validation_f16_fwd_CHECK_KYXC_NHWC_NHWK4_f16 (75 of 107)
102400     (102368 31 1 0) 2.0 (0.0000774860 0.0000773668)  0.000977  0.000000  3.6e-03  9.2e-04  2.5e-07  6.0e-07 0 1 1 0 1 0 1 fwd conv2d_host_validation_f16_fwd_CHECK_KYXC_NHWC_NHWK5_f16 (76 of 107)
15745024   (15740378 4544 102 0) 5.0 (-0.0001172423 -0.0001175404)  0.003906  0.000000  1.0e+00  9.8e-04  3.3e-07  9.3e-07 0 1 1 0 1 0 1 fwd conv2d_host_validation_f16_fwd_CHECK_KYXC_NHWC_NHWK6_f16 (77 of 107)
13778944   (13771059 7415 470 0) 18.0 (-0.0000325441 -0.0000336170)  0.007812  0.000000  1.0e+00  9.8e-04  6.6e-07  1.2e-06 0 1 1 0 1 0 1 fwd conv2d_host_validation_f16_fwd_CHECK_KYXC_NHWC_NHWK7_f16 (78 of 107)
802816     (802577 230 9 0) 3.0 (-0.0001000762 -0.0001002550)  0.003906  0.000000  6.5e-02  9.6e-04  3.9e-07  9.9e-07 0 1 1 0 1 0 1 fwd conv2d_host_validation_f16_fwd_CHECK_PADDING1_f16 (79 of 107)
802816     (802605 203 8 0) 4.0 (0.0000733733 0.0000736117)  0.003906  0.000000  9.3e-03  9.5e-04  2.4e-07  8.8e-07 0 1 1 0 1 0 1 fwd conv2d_host_validation_f16_fwd_CHECK_PADDING2_f16 (80 of 107)
2048       (2046 2 0 0) 1.0 (0.0282135010 0.0282287598)  0.000015  0.000000  5.6e-04  5.4e-04  5.4e-07  5.7e-08 0 1 1 0 1 0 1 fwd conv2d_host_validation_f16_fwd_CHECK_PADDING3_f16 (81 of 107)
205520896  (205435755 81309 3832 0) 11.0 (0.0001220107 0.0001213551)  0.007812  0.000000  1.5e+00  9.8e-04  4.8e-07  1.0e-06 0 1 0 0 1 0 1 fwd conv2d_host_validation_f32_fwd_GROUP_NCHW_f16 (82 of 107)
51380224   (51358947 20336 941 0) 8.0 (-0.0000517368 -0.0000512600)  0.007812  0.000000  4.0e+00  9.8e-04  5.3e-07  1.1e-06 1 0 0 0 0 1 0 fwd conv2d_host_validation_random_CHECK_KCYX_NCHW_NKHW_5_f16 (83 of 107)
51380224   (51358947 20336 941 0) 8.0 (-0.0000517368 -0.0000512600)  0.007812  0.000000  4.0e+00  9.8e-04  5.3e-07  1.1e-06 1 0 0 0 0 1 0 fwd conv2d_host_validation_random_CHECK_KCYX_NCHW_NKHW_6_f16 (84 of 107)
47775744   (47721799 50164 3781 0) 101.0 (-0.0000377297 -0.0000317097)  0.031250  0.000001  2.0e+01  4.6e-03  1.8e-06  2.0e-06 1 0 0 0 0 1 0 fwd conv2d_host_validation_random_CHECK_KCYX_NCHW_NKHW_7_f16 (85 of 107)
51380224   (51322214 53955 4055 0) 101.0 (-0.0000377297 -0.0000317097)  0.031250  0.000001  2.0e+01  4.6e-03  1.7e-06  2.0e-06 1 0 0 0 0 1 0 fwd conv2d_host_validation_random_CHECK_KCYX_NCHW_NKHW_8_f16 (86 of 107)
16777216   (16776110 1105 1 0) 2.0 (0.0078201294 0.0078125000)  0.001953  0.000000  2.9e-02  9.8e-04  5.4e-08  3.8e-07 1 0 0 0 0 1 0 fwd conv2d_host_validation_random_CHECK_KYXC_NHWC_NHWK_4_f16 (87 of 107)
16777216   (16776110 1105 1 0) 2.0 (0.0078201294 0.0078125000)  0.001953  0.000000  2.9e-02  9.8e-04  5.4e-08  3.8e-07 1 0 0 0 0 1 0 fwd conv2d_host_validation_random_CHECK_KYXC_NHWC_NHWK_5_f16 (88 of 107)
25690112   (25652390 35025 2697 0) 164.0 (0.0000305772 0.0000208020)  0.031250  0.000002  2.2e+00  6.0e-03  1.8e-06  2.3e-06 1 0 1 0 0 1 0 fwd conv2d_host_validation_random_CHECK_RAND_FLOAT_2_f16 (89 of 107)
205520896  (205435962 81026 3908 0) 11.0 (-0.0001097918 -0.0001104474)  0.007812  0.000000  4.0e+00  9.8e-04  4.9e-07  5.7e-07 1 0 0 0 0 1 0 fwd conv2d_host_validation_random_GROUP_NHWC_f16 (90 of 107)
30720      (30706 12 2 0) 2.0 (0.0008549690 0.0008540154)  0.003906  0.000000  1.5e-03  9.2e-04  3.5e-07  1.5e-06 0 1 0 0 1 0 1 fwd padding_kernel_all_fwd_CHECK_RESNET50_CONFIG2_f16 (91 of 107)
30720      (30698 21 1 0) 2.0 (0.0003242493 0.0003237724)  0.001953  0.000000  1.5e-03  9.0e-04  4.9e-07  8.6e-07 0 1 0 0 1 0 1 fwd padding_kernel_all_fwd_CHECK_RESNET50_CONFIG4_f16 (92 of 107)
882        (880 2 0 0) 1.0 (-1.0195312500 -1.0185546875)  0.000977  0.000001  9.6e-04  0.0e+00  2.0e-06  4.0e-07 0 1 0 0 1 0 1 bwd_weight padding_kernel_all_wrw_CHECK_RESNET50_CONFIG2_f16 (93 of 107)
882        (880 1 1 0) 2.0 (0.0180358887 0.0180664062)  0.001953  0.000002  1.7e-03  1.7e-03  2.6e-06  8.4e-07 0 1 0 0 1 0 1 bwd_weight padding_kernel_all_wrw_CHECK_RESNET50_CONFIG4_f16 (94 of 107)
205520896  (205395335 117900 7661 0) 26.0 (0.0000909567 0.0000894070)  0.015625  0.000000  7.0e+00  1.8e-03  8.1e-07  1.3e-06 0 1 1 0 1 0 1 fwd padding_kernel_gemmK_CHECK_RESNET50_F16_CONFIG1 (95 of 107)
205520896  (205395161 118030 7705 0) 25.0 (-0.0000840425 -0.0000855327)  0.015625  0.000000  7.3e+00  1.8e-03  7.1e-07  1.3e-06 0 1 1 0 1 0 1 fwd padding_kernel_gemmK_CHECK_RESNET50_F16_CONFIG2 (96 of 107)
205520896  (205394711 118537 7648 0) 26.0 (0.0000623465 0.0000607967)  0.007812  0.000000  3.0e+00  1.7e-03  6.8e-07  1.3e-06 0 1 1 0 1 0 1 fwd padding_kernel_gemmK_CHECK_RESNET50_F16_CONFIG4 (97 of 107)
9408       (9146 231 31 0) 83.0 (0.0249176025 0.0261840820)  0.500000  0.001793  5.1e-02  5.1e-02  3.1e-05  1.4e-05 0 1 1 0 1 0 1 bwd_weight padding_kernel_gemmN_CHECK_RESNET50_CONFIG2 (98 of 107)
9408       (9136 239 33 0) 98.0 (-0.0434570312 -0.0404663086)  0.500000  0.001655  6.9e-02  2.6e-02  4.3e-05  1.3e-05 0 1 1 0 1 0 1 bwd_weight padding_kernel_gemmN_CHECK_RESNET50_CONFIG4 (99 of 107)
6422528    (6412555 9262 711 0) 73.0 (0.0001142025 0.0001185536)  0.031250  0.000002  4.8e-01  5.8e-03  1.7e-06  2.2e-06 0 0 0 0 1 0 1 fwd Resnet50_validation_nchw_CHECK_NCHW_1_f16 (100 of 107)
25690112   (25675463 13829 820 0) 17.0 (-0.0001043677 -0.0001033545)  0.007812  0.000000  2.9e-01  1.4e-03  5.9e-07  1.2e-06 0 0 0 0 1 0 1 fwd Resnet50_validation_nchw_CHECK_NCHW_2_f16 (101 of 107)
147456     (147147 290 19 0) 10.0 (-0.0013208389 -0.0013113022)  0.125000  0.000017  7.2e-03  5.3e-03  1.7e-06  5.1e-08 0 0 0 0 1 0 1 bwd_weight Resnet50_validation_nchw_CHECK_NCHW_3_f16 (102 of 107)
65536      (65380 143 13 0) 9.0 (-0.0047073364 -0.0046730042)  0.125000  0.000018  7.3e-03  2.6e-03  2.0e-06  2.3e-06 0 0 0 0 1 0 1 bwd_weight Resnet50_validation_nchw_CHECK_NCHW_4_f16 (103 of 107)
6422528    (6412907 8938 683 0) 94.0 (-0.0000900626 -0.0000844598)  0.031250  0.000002  3.3e+00  8.2e-03  2.4e-06  9.0e-07 0 0 0 0 1 0 1 fwd Resnet50_validation_nhwc_CHECK_NHWC_1_f16 (104 of 107)
25690112   (25675371 13877 864 0) 18.0 (0.0000041127 0.0000030398)  0.007812  0.000000  2.5e+00  1.8e-03  7.4e-07  5.1e-07 0 0 0 0 1 0 1 fwd Resnet50_validation_nhwc_CHECK_NHWC_2_f16 (105 of 107)
147456     (147137 297 22 0) 122.0 (-0.0001633167 -0.0001487732)  0.125000  0.000020  8.9e-02  7.3e-03  2.8e-06  5.6e-08 0 0 0 0 1 0 1 bwd_weight Resnet50_validation_nhwc_CHECK_NHWC_3_f16 (106 of 107)
65536      (65394 128 14 0) 23.0 (-0.0013141632 -0.0013360977)  0.125000  0.000025  1.7e-02  5.3e-03  2.2e-06  3.8e-06 0 0 0 0 1 0 1 bwd_weight Resnet50_validation_nhwc_CHECK_NHWC_4_f16 (107 of 107)
