25690112   (25652556 34927 2629 0) 5964.0 (0.0004107952 0.0000553131)  2.000000  0.000215  2.1e+00  2.2e-01  1.8e-06  3.5e-07 1 0 0 0 0 1 0 fwd conv2d_harness_cpu_verifier_kyxc_nhwc_nhwk_f16_E2E_f16 (1 of 107)
802816     (802463 334 19 0) 11.0 (0.0016527176 0.0016422272)  0.500000  0.000015  6.3e-03  6.3e-03  3.4e-07  1.3e-06 0 1 1 0 1 0 1 bwd_data conv2d_host_validation_f16_bwd_CHECK_BWD_DATA1 (2 of 107)
4096       (4087 5 4 0) 5.0 (0.2271728516 0.2277832031)  1.000000  0.000492  2.7e-03  2.7e-03  2.7e-06  0.0e+00 0 1 1 0 1 0 1 bwd_weight conv2d_host_validation_f16_bwd_CHECK_BWD_WEIGHT1 (3 of 107)
147456     (147127 303 26 0) 90.0 (-0.0307312012 -0.0293579102)  8.000000  0.001801  4.5e-02  6.2e-03  2.3e-06  2.6e-06 0 1 1 0 1 0 1 bwd_weight conv2d_host_validation_f16_bwd_CHECK_ISSUE_127_10 (4 of 107)
294912     (294288 575 49 0) 438.0 (0.0087509155 0.0070800781)  8.000000  0.001096  1.9e-01  1.9e-01  3.1e-06  2.5e-06 0 1 1 0 1 0 1 bwd_weight conv2d_host_validation_f16_bwd_CHECK_ISSUE_127_15 (5 of 107)
589824     (588647 1073 104 0) 103.0 (-0.0312805176 -0.0297088623)  4.000000  0.000668  5.0e-02  3.2e-02  1.9e-06  0.0e+00 0 1 1 0 1 0 1 bwd_weight conv2d_host_validation_f16_bwd_CHECK_ISSUE_127_16 (6 of 107)
1179648    (1177409 2072 167 0) 214.0 (-0.0066223145 -0.0058059692)  4.000000  0.000479  1.2e-01  6.0e-02  2.0e-06  2.0e-06 0 1 1 0 1 0 1 bwd_weight conv2d_host_validation_f16_bwd_CHECK_ISSUE_127_17 (7 of 107)
147456     (146149 1178 129 0) 1426.0 (-0.0230865479 -0.0122070312)  32.000000  0.015115  4.7e-01  4.3e-02  1.4e-05  0.0e+00 0 1 1 0 1 0 1 bwd_weight conv2d_host_validation_f16_bwd_CHECK_ISSUE_127_18 (8 of 107)
2097152    (2093197 3648 307 0) 283.0 (0.0028171539 0.0033569336)  4.000000  0.000371  1.9e-01  1.9e-01  1.9e-06  2.2e-06 0 1 1 0 1 0 1 bwd_weight conv2d_host_validation_f16_bwd_CHECK_ISSUE_127_6 (9 of 107)
262144     (261584 524 36 0) 46.0 (0.0237426758 0.0230407715)  4.000000  0.000852  3.0e-02  3.0e-02  2.0e-06  2.3e-06 0 1 1 0 1 0 1 bwd_weight conv2d_host_validation_f16_bwd_CHECK_ISSUE_127_7 (10 of 107)
147456     (147141 292 23 0) 54.0 (-0.0825805664 -0.0858764648)  16.000000  0.001530  4.0e-02  7.0e-03  2.4e-06  2.2e-06 0 1 1 0 1 0 1 bwd_weight conv2d_host_validation_f16_bwd_CHECK_ISSUE_127_8 (11 of 107)
147456     (147116 312 28 0) 40.0 (-0.0792236328 -0.0816650391)  16.000000  0.001792  3.1e-02  6.5e-03  2.3e-06  0.0e+00 0 1 1 0 1 0 1 bwd_weight conv2d_host_validation_f16_bwd_CHECK_ISSUE_127_9 (12 of 107)
1024       (1022 2 0 0) 1.0 (27.7812500000 27.7968750000)  0.015625  0.000015  7.5e-04  7.5e-04  1.3e-06  7.6e-08 0 1 1 0 1 0 1 bwd_weight conv2d_host_validation_f16_bwd_CHECK_ISSUE_70_1 (13 of 107)
65536      (65310 209 17 0) 8.0 (0.7578125000 0.7617187500)  8.000000  0.003154  5.2e-03  5.2e-03  2.9e-06  0.0e+00 0 1 1 0 1 0 1 bwd_weight conv2d_host_validation_f16_bwd_CHECK_ISSUE_70_2 (14 of 107)
4096       (4090 6 0 0) 1.0 (-29.5000000000 -29.5156250000)  0.250000  0.000075  9.5e-04  9.5e-04  8.8e-07  6.1e-07 0 1 1 0 1 0 1 bwd_weight conv2d_host_validation_f16_bwd_CHECK_ISSUE_70_3 (15 of 107)
1024       (1024 0 0 0) 0.0 (0.0000000000 0.0000000000)  0.000000  0.000000  0.0e+00  0.0e+00  0.0e+00  0.0e+00 0 1 1 0 1 0 1 bwd_weight conv2d_host_validation_f16_bwd_CHECK_ISSUE_71_1 (16 of 107)
1024       (1022 2 0 0) 1.0 (2424.0000000000 2422.0000000000)  2.000000  0.003906  8.3e-04  8.3e-04  1.6e-06  0.0e+00 0 1 1 0 1 0 1 bwd_weight conv2d_host_validation_f16_bwd_CHECK_ISSUE_71_2 (17 of 107)
1024       (1022 2 0 0) 1.0 (-1.9951171875 -1.9960937500)  0.031250  0.000031  6.6e-04  6.6e-04  1.1e-06  0.0e+00 0 1 1 0 1 0 1 bwd_weight conv2d_host_validation_f16_bwd_CHECK_ISSUE_71_3 (18 of 107)
1024       (1023 1 0 0) 1.0 (1592.0000000000 1593.0000000000)  1.000000  0.000977  6.3e-04  6.3e-04  6.1e-07  4.4e-06 0 1 1 0 1 0 1 bwd_weight conv2d_host_validation_f16_bwd_CHECK_ISSUE_71_4 (19 of 107)
12845056   (12834543 9799 714 0) 585.0 (0.0001629591 0.0002326965)  1.000000  0.000057  4.3e-01  4.0e-02  8.4e-07  1.6e-06 0 0 0 0 0 1 0 fwd conv2d_host_validation_f16_CHECK_RESNET101_NCHW_CONFIG1_FWD_f16 (20 of 107)
12845056   (12834728 9617 711 0) 1238.0 (-0.0001920462 -0.0001182556)  1.000000  0.000054  3.8e-01  4.6e-02  8.8e-07  1.5e-06 0 0 0 0 0 1 0 fwd conv2d_host_validation_f16_CHECK_RESNET101_NCHW_CONFIG2_FWD_f16 (21 of 107)
25690112   (25669801 18936 1375 0) 1658.0 (-0.0001884699 -0.0000896454)  2.000000  0.000054  2.0e+00  7.3e-02  9.4e-07  1.5e-06 0 0 0 0 0 1 0 bwd_data conv2d_host_validation_f16_CHECK_RESNET101_NCHW_CONFIG8_BWD_f16 (22 of 107)
102760448  (102717834 40048 2566 0) 732.0 (-0.0000975132 -0.0001411438)  0.500000  0.000013  1.9e+00  2.2e-02  4.5e-07  1.1e-06 0 0 0 0 0 1 0 fwd conv2d_host_validation_f16_CHECK_RESNET101_NCHW_CONFIG8_FWD_f16 (23 of 107)
16384      (16321 56 7 0) 7.0 (1.7675781250 1.7744140625)  16.000000  0.003287  3.9e-03  3.9e-03  3.1e-06  0.0e+00 0 0 0 0 0 1 0 bwd_weight conv2d_host_validation_f16_CHECK_RESNET101_NCHW_CONFIG8_WRW_f16 (24 of 107)
12845056   (12835084 9350 622 0) 2796.0 (0.0002238750 0.0000572205)  1.000000  0.000055  7.4e-01  8.4e-02  8.4e-07  1.6e-06 0 0 0 0 0 1 0 fwd conv2d_host_validation_f16_CHECK_RESNET101_NHWC_CONFIG1_FWD_f16 (25 of 107)
12845056   (12835336 9117 603 0) 781.0 (-0.0001152158 -0.0000686646)  1.000000  0.000050  4.0e-01  7.7e-02  8.3e-07  1.5e-06 0 0 0 0 0 1 0 fwd conv2d_host_validation_f16_CHECK_RESNET101_NHWC_CONFIG2_FWD_f16 (26 of 107)
25690112   (25669932 18835 1345 0) 679.0 (0.0000072122 0.0000476837)  1.000000  0.000054  5.6e+00  5.8e-02  1.1e-06  1.7e-06 0 0 0 0 0 1 0 bwd_data conv2d_host_validation_f16_CHECK_RESNET101_NHWC_CONFIG8_BWD_f16 (27 of 107)
102760448  (102717891 39905 2652 0) 880.0 (0.0000938177 0.0000413656)  1.000000  0.000013  6.0e+00  2.7e-02  5.2e-07  5.6e-07 0 0 0 0 0 1 0 fwd conv2d_host_validation_f16_CHECK_RESNET101_NHWC_CONFIG8_FWD_f16 (28 of 107)
16384      (16326 55 3 0) 6.0 (0.5727539062 0.5698242188)  8.000000  0.004836  5.1e-03  5.1e-03  2.7e-06  3.5e-06 0 0 0 0 0 1 0 bwd_weight conv2d_host_validation_f16_CHECK_RESNET101_NHWC_CONFIG8_WRW_f16 (29 of 107)
4194304    (4194304 0 0 0) 0.0 (0.0000000000 0.0000000000)  0.000000  0.000000  0.0e+00  0.0e+00  0.0e+00  0.0e+00 0 1 1 0 1 0 1 fwd conv2d_host_validation_f16_fwd_CHECK_FILTER1_f16 (30 of 107)
4194304    (4194304 0 0 0) 0.0 (0.0000000000 0.0000000000)  0.000000  0.000000  0.0e+00  0.0e+00  0.0e+00  0.0e+00 0 1 1 0 1 0 1 fwd conv2d_host_validation_f16_fwd_CHECK_FILTER2_f16 (31 of 107)
16777216   (16776003 1139 74 0) 32.0 (0.0001792908 0.0001831055)  0.250000  0.000001  2.1e-02  3.5e-03  6.2e-08  4.2e-07 0 1 1 0 1 0 1 fwd conv2d_host_validation_f16_fwd_CHECK_ISSUE_114_1_f16 (32 of 107)
16777216   (16776003 1139 74 0) 32.0 (0.0001792908 0.0001831055)  0.250000  0.000001  2.1e-02  3.5e-03  6.2e-08  4.2e-07 0 1 1 0 1 0 1 fwd conv2d_host_validation_f16_fwd_CHECK_ISSUE_114_2_f16 (33 of 107)
4194304    (4194025 265 14 0) 16.0 (-0.0009536743 -0.0009613037)  0.250000  0.000001  8.0e-03  1.5e-03  5.0e-08  4.9e-07 0 1 1 0 1 0 1 fwd conv2d_host_validation_f16_fwd_CHECK_ISSUE_114_3_f16 (34 of 107)
4194304    (4194025 265 14 0) 16.0 (-0.0009536743 -0.0009613037)  0.250000  0.000001  8.0e-03  1.5e-03  5.0e-08  4.9e-07 0 1 1 0 1 0 1 fwd conv2d_host_validation_f16_fwd_CHECK_ISSUE_114_4_f16 (35 of 107)
16777216   (16776025 1123 68 0) 32.0 (-0.0000495911 -0.0000476837)  0.125000  0.000001  7.6e-02  2.6e-03  6.6e-08  3.7e-07 0 1 1 0 1 0 1 fwd conv2d_host_validation_f16_fwd_CHECK_ISSUE_114_5_f16 (36 of 107)
16777216   (16776025 1123 68 0) 32.0 (-0.0000495911 -0.0000476837)  0.125000  0.000001  7.6e-02  2.6e-03  6.6e-08  3.7e-07 0 1 1 0 1 0 1 fwd conv2d_host_validation_f16_fwd_CHECK_ISSUE_114_6_f16 (37 of 107)
4194304    (4194004 277 23 0) 32.0 (0.0002288818 0.0002250671)  0.125000  0.000000  1.7e-02  2.5e-03  6.2e-08  3.2e-07 0 1 1 0 1 0 1 fwd conv2d_host_validation_f16_fwd_CHECK_ISSUE_114_7_f16 (38 of 107)
4194304    (4194004 277 23 0) 32.0 (0.0002288818 0.0002250671)  0.125000  0.000000  1.7e-02  2.5e-03  6.2e-08  3.2e-07 0 1 1 0 1 0 1 fwd conv2d_host_validation_f16_fwd_CHECK_ISSUE_114_8_f16 (39 of 107)
12845056   (12818926 24164 1966 0) 9920.0 (0.0000686646 -0.0005226135)  4.000000  0.000460  8.6e+00  1.9e-01  3.6e-06  7.5e-07 0 1 1 0 1 0 1 fwd conv2d_host_validation_f16_fwd_CHECK_ISSUE_127_11_f16 (40 of 107)
12845056   (12819351 23859 1846 0) 4700.0 (-0.0003433228 0.0002169609)  4.000000  0.000444  1.6e+00  5.4e-01  2.4e-06  7.4e-07 0 1 1 0 1 0 1 fwd conv2d_host_validation_f16_fwd_CHECK_ISSUE_127_12_f16 (41 of 107)
12845056   (12820519 22736 1801 0) 4125.0 (-0.0003955364 -0.0013790131)  16.000000  0.000393  2.5e+00  2.2e-01  2.3e-06  7.0e-07 0 1 1 0 1 0 1 fwd conv2d_host_validation_f16_fwd_CHECK_ISSUE_127_13_f16 (42 of 107)
12845056   (12818494 24670 1892 0) 8847.0 (0.0001038909 -0.0004234314)  4.000000  0.000483  5.1e+00  3.8e-01  2.7e-06  8.1e-07 0 1 1 0 1 0 1 fwd conv2d_host_validation_f16_fwd_CHECK_ISSUE_127_14_f16 (43 of 107)
12845056   (12818212 24879 1965 0) 10309.0 (-0.0002120733 -0.0014410019)  4.000000  0.000472  5.8e+00  1.4e-01  3.4e-06  8.0e-07 0 1 1 0 1 0 1 fwd conv2d_host_validation_f16_fwd_CHECK_ISSUE_127_1_f16 (44 of 107)
6422528    (6404280 16854 1394 0) 18788.0 (0.0011548996 0.0000350475)  4.000000  0.000951  1.3e+00  9.7e-01  3.4e-06  7.1e-07 0 1 1 0 1 0 1 fwd conv2d_host_validation_f16_fwd_CHECK_ISSUE_127_2_f16 (45 of 107)
25690112   (25650262 37027 2823 0) 4883.0 (-0.0001293421 -0.0007114410)  4.000000  0.000243  4.5e+00  1.7e-01  2.1e-06  2.2e-06 0 1 1 0 1 0 1 fwd conv2d_host_validation_f16_fwd_CHECK_ISSUE_127_3_f16 (46 of 107)
12845056   (12818094 24924 2038 0) 1631.0 (-0.0006422997 -0.0002534389)  4.000000  0.000489  9.4e-01  3.2e-01  2.3e-06  2.7e-06 0 1 1 0 1 0 1 fwd conv2d_host_validation_f16_fwd_CHECK_ISSUE_127_4_f16 (47 of 107)
12845056   (12818045 25107 1904 0) 2280.0 (-0.0000443459 0.0000915527)  4.000000  0.000455  3.1e+00  4.5e-01  2.7e-06  2.7e-06 0 1 1 0 1 0 1 fwd conv2d_host_validation_f16_fwd_CHECK_ISSUE_127_5_f16 (48 of 107)
7372800    (7369529 3070 201 0) 128.0 (0.0000610352 0.0000686646)  0.500000  0.000015  1.2e-01  1.7e-02  4.3e-07  1.1e-06 0 1 1 0 1 0 1 fwd conv2d_host_validation_f16_fwd_CHECK_ISSUE_40_1_f16 (49 of 107)
3440640    (3438548 1944 148 0) 146.0 (0.0003082752 0.0003430843)  1.000000  0.000029  1.1e-01  2.3e-02  6.2e-07  1.4e-06 0 1 1 0 1 0 1 fwd conv2d_host_validation_f16_fwd_CHECK_ISSUE_40_2_f16 (50 of 107)
6422528    (6416444 5672 412 0) 488.0 (0.0004062653 0.0005226135)  2.000000  0.000085  2.9e-01  7.0e-02  1.0e-06  1.9e-06 0 1 1 0 1 0 1 fwd conv2d_host_validation_f16_fwd_CHECK_ISSUE_40_3_f16 (51 of 107)
14745600   (14735384 9598 618 0) 800.0 (0.0000209808 0.0000686646)  1.000000  0.000041  2.3e+00  4.2e-02  8.6e-07  1.5e-06 0 1 1 0 1 0 1 fwd conv2d_host_validation_f16_fwd_CHECK_ISSUE_40_4_f16 (52 of 107)
6881280    (6877458 3582 240 0) 1004.0 (-0.0001552105 -0.0000953674)  1.000000  0.000026  4.4e+00  1.7e-02  1.8e-06  1.3e-06 0 1 0 0 0 0 1 fwd conv2d_host_validation_f16_fwd_CHECK_ISSUE_40_5_f16 (53 of 107)
1048576    (1047835 697 44 0) 26.0 (0.0016269684 0.0016517639)  1.000000  0.000047  1.5e-02  1.5e-02  6.0e-07  1.8e-06 0 1 1 0 1 0 1 fwd conv2d_host_validation_f16_fwd_CHECK_ISSUE_41_10_f16 (54 of 107)
12845056   (12839529 5192 335 0) 298.0 (0.0000861883 0.0001039505)  0.500000  0.000015  4.9e-01  3.3e-02  4.4e-07  1.1e-06 0 1 1 0 1 0 1 fwd conv2d_host_validation_f16_fwd_CHECK_ISSUE_41_11_f16 (55 of 107)
9437184    (9430475 6300 409 0) 488.0 (0.0000834465 0.0001125336)  1.000000  0.000045  3.5e-01  3.1e-02  7.1e-07  1.5e-06 0 1 1 0 1 0 1 fwd conv2d_host_validation_f16_fwd_CHECK_ISSUE_41_12_f16 (56 of 107)
921600     (921179 395 26 0) 56.0 (-0.0002610683 -0.0002477169)  0.500000  0.000015  5.1e-02  9.5e-03  4.3e-07  1.2e-06 0 1 1 0 1 0 1 fwd conv2d_host_validation_f16_fwd_CHECK_ISSUE_41_2_f16 (57 of 107)
1605632    (1604949 638 45 0) 173.0 (0.0001560450 0.0001354218)  0.500000  0.000015  7.0e-01  1.5e-02  8.7e-07  1.3e-06 0 1 1 0 1 0 1 fwd conv2d_host_validation_f16_fwd_CHECK_ISSUE_41_3_f16 (58 of 107)
200704     (200620 78 6 0) 4.0 (-0.0046958923 -0.0046806335)  0.500000  0.000012  3.2e-03  1.5e-03  3.2e-07  1.1e-06 0 1 1 0 1 0 1 fwd conv2d_host_validation_f16_fwd_CHECK_ISSUE_41_4_f16 (59 of 107)
1605632    (1604694 871 67 0) 111.0 (0.0004274845 0.0004539490)  1.000000  0.000028  6.2e-02  1.4e-02  5.7e-07  1.5e-06 0 1 1 0 1 0 1 fwd conv2d_host_validation_f16_fwd_CHECK_ISSUE_41_5_f16 (60 of 107)
802816     (802455 340 21 0) 173.0 (0.0001560450 0.0001354218)  0.500000  0.000017  7.0e-01  2.1e-03  1.4e-06  1.4e-06 0 1 1 0 1 0 1 fwd conv2d_host_validation_f16_fwd_CHECK_ISSUE_41_6_f16 (61 of 107)
4194304    (4192600 1601 103 0) 61.0 (-0.0007576942 -0.0007286072)  0.500000  0.000014  3.8e-02  3.3e-02  3.7e-07  1.2e-06 0 1 1 0 1 0 1 fwd conv2d_host_validation_f16_fwd_CHECK_ISSUE_41_7_f16 (62 of 107)
3211264    (3209152 1976 136 0) 257.0 (0.0002423525 0.0002117157)  1.000000  0.000036  1.3e-01  3.2e-02  7.2e-07  1.4e-06 0 1 1 0 1 0 1 fwd conv2d_host_validation_f16_fwd_CHECK_ISSUE_41_8_f16 (63 of 107)
2359296    (2358231 998 67 0) 296.0 (-0.0000165701 -0.0000342131)  0.500000  0.000016  1.1e+00  8.4e-03  1.1e-06  1.2e-06 0 1 1 0 1 0 1 fwd conv2d_host_validation_f16_fwd_CHECK_ISSUE_41_9_f16 (64 of 107)
25690112   (25652454 34976 2682 0) 3034.0 (-0.0000613928 -0.0002422333)  2.000000  0.000219  2.9e+00  1.7e-01  1.8e-06  2.3e-06 0 1 1 0 1 0 1 fwd conv2d_host_validation_f16_fwd_CHECK_KCYX_NCHW_NKHW1_f16 (65 of 107)
3686400    (3685306 1014 80 0) 328.0 (0.0001416206 0.0001220703)  0.500000  0.000007  1.2e+00  1.2e-02  6.2e-07  1.0e-06 0 1 1 0 1 0 1 fwd conv2d_host_validation_f16_fwd_CHECK_KCYX_NCHW_NKHW2_f16 (66 of 107)
409600     (409486 102 12 0) 24.0 (-0.0019435883 -0.0019207001)  0.250000  0.000006  1.2e-02  6.5e-03  2.7e-07  8.7e-07 0 1 1 0 1 0 1 fwd conv2d_host_validation_f16_fwd_CHECK_KCYX_NCHW_NKHW3_f16 (67 of 107)
147456     (147402 54 0 0) 1.0 (0.2912597656 0.2910156250)  0.250000  0.000014  9.7e-04  9.6e-04  2.5e-07  1.7e-06 0 1 1 0 1 0 1 fwd conv2d_host_validation_f16_fwd_CHECK_KCYX_NCHW_NKHW4_f16 (68 of 107)
102400     (102359 36 5 0) 24.0 (-0.0019435883 -0.0019207001)  0.250000  0.000008  1.2e-02  2.8e-03  4.3e-07  1.1e-06 0 1 1 0 1 0 1 fwd conv2d_host_validation_f16_fwd_CHECK_KCYX_NCHW_NKHW5_f16 (69 of 107)
15745024   (15740359 4370 295 0) 232.0 (0.0000329018 0.0000190735)  0.500000  0.000006  4.2e-01  1.1e-02  3.1e-07  9.1e-07 0 1 1 0 1 0 1 fwd conv2d_host_validation_f16_fwd_CHECK_KCYX_NCHW_NKHW6_f16 (70 of 107)
13778944   (13771023 7408 513 0) 584.0 (-0.0001559258 -0.0001211166)  1.000000  0.000028  9.0e+00  2.3e-02  1.2e-06  1.3e-06 0 1 1 0 1 0 1 fwd conv2d_host_validation_f16_fwd_CHECK_KCYX_NCHW_NKHW7_f16 (71 of 107)
25690112   (25652556 34927 2629 0) 5964.0 (0.0004107952 0.0000553131)  2.000000  0.000215  2.1e+00  2.2e-01  1.8e-06  3.5e-07 0 1 1 0 1 0 1 fwd conv2d_host_validation_f16_fwd_CHECK_KYXC_NHWC_NHWK1_f16 (72 of 107)
3686400    (3685219 1109 72 0) 56.0 (-0.0002202988 -0.0002136230)  0.250000  0.000007  3.8e-02  6.4e-03  2.8e-07  1.0e-06 0 1 1 0 1 0 1 fwd conv2d_host_validation_f16_fwd_CHECK_KYXC_NHWC_NHWK2_f16 (73 of 107)
409600     (409462 136 2 0) 10.0 (0.0007238388 0.0007286072)  0.250000  0.000009  6.6e-03  9.4e-04  2.4e-07  1.3e-06 0 1 1 0 1 0 1 fwd conv2d_host_validation_f16_fwd_CHECK_KYXC_NHWC_NHWK3_f16 (74 of 107)
147456     (147419 32 5 0) 12.0 (-0.0001213551 -0.0001220703)  0.250000  0.000006  5.9e-03  1.3e-03  2.3e-07  1.1e-06 0 1 1 0 1 0 1 fwd conv2d_host_validation_f16_fwd_CHECK_KYXC_NHWC_NHWK4_f16 (75 of 107)
102400     (102365 34 1 0) 2.0 (-0.0054435730 -0.0054359436)  0.250000  0.000008  1.4e-03  9.2e-04  2.3e-07  1.3e-06 0 1 1 0 1 0 1 fwd conv2d_host_validation_f16_fwd_CHECK_KYXC_NHWC_NHWK5_f16 (76 of 107)
15745024   (15740451 4310 263 0) 100.0 (0.0002350807 0.0002231598)  0.500000  0.000007  1.0e-01  8.7e-03  2.8e-07  9.3e-07 0 1 1 0 1 0 1 fwd conv2d_host_validation_f16_fwd_CHECK_KYXC_NHWC_NHWK6_f16 (77 of 107)
13778944   (13770960 7479 505 0) 1299.0 (-0.0000522733 -0.0001296997)  1.000000  0.000028  1.5e+00  4.9e-02  7.2e-07  1.3e-06 0 1 1 0 1 0 1 fwd conv2d_host_validation_f16_fwd_CHECK_KYXC_NHWC_NHWK7_f16 (78 of 107)
802816     (802549 256 11 0) 27.0 (0.0007500648 0.0007371902)  0.500000  0.000008  1.7e-02  3.4e-03  2.7e-07  1.2e-06 0 1 1 0 1 0 1 fwd conv2d_host_validation_f16_fwd_CHECK_PADDING1_f16 (79 of 107)
802816     (802576 223 17 0) 14.0 (0.0008125305 0.0008192062)  0.250000  0.000008  8.2e-03  3.6e-03  2.4e-07  1.2e-06 0 1 1 0 1 0 1 fwd conv2d_host_validation_f16_fwd_CHECK_PADDING2_f16 (80 of 107)
2048       (2048 0 0 0) 0.0 (0.0000000000 0.0000000000)  0.000000  0.000000  0.0e+00  0.0e+00  0.0e+00  0.0e+00 0 1 1 0 1 0 1 fwd conv2d_host_validation_f16_fwd_CHECK_PADDING3_f16 (81 of 107)
205520896  (205435538 80137 5221 0) 684.0 (0.0000445843 0.0000038147)  0.500000  0.000013  5.0e+00  2.8e-02  5.2e-07  1.0e-06 0 1 0 0 1 0 1 fwd conv2d_host_validation_f32_fwd_GROUP_NCHW_f16 (82 of 107)
51380224   (51358679 20197 1348 0) 360.0 (-0.0001204014 -0.0000989437)  0.500000  0.000013  1.6e+00  2.8e-02  4.6e-07  1.1e-06 1 0 0 0 0 1 0 fwd conv2d_host_validation_random_CHECK_KCYX_NCHW_NKHW_5_f16 (83 of 107)
51380224   (51358679 20197 1348 0) 360.0 (-0.0001204014 -0.0000989437)  0.500000  0.000013  1.6e+00  2.8e-02  4.6e-07  1.1e-06 1 0 0 0 0 1 0 fwd conv2d_host_validation_random_CHECK_KCYX_NCHW_NKHW_6_f16 (84 of 107)
47775744   (47721327 50657 3760 0) 2170.0 (-0.0001446009 -0.0000152588)  2.000000  0.000123  4.0e+00  1.6e-01  1.4e-06  2.0e-06 1 0 0 0 0 1 0 fwd conv2d_host_validation_random_CHECK_KCYX_NCHW_NKHW_7_f16 (85 of 107)
51380224   (51321839 54357 4028 0) 2170.0 (-0.0001446009 -0.0000152588)  2.000000  0.000121  4.0e+00  1.6e-01  1.4e-06  2.0e-06 1 0 0 0 0 1 0 fwd conv2d_host_validation_random_CHECK_KCYX_NCHW_NKHW_8_f16 (86 of 107)
16777216   (16776003 1139 74 0) 32.0 (0.0001792908 0.0001831055)  0.250000  0.000001  2.1e-02  3.5e-03  6.2e-08  4.2e-07 1 0 0 0 0 1 0 fwd conv2d_host_validation_random_CHECK_KYXC_NHWC_NHWK_4_f16 (87 of 107)
16777216   (16776003 1139 74 0) 32.0 (0.0001792908 0.0001831055)  0.250000  0.000001  2.1e-02  3.5e-03  6.2e-08  4.2e-07 1 0 0 0 0 1 0 fwd conv2d_host_validation_random_CHECK_KYXC_NHWC_NHWK_5_f16 (88 of 107)
25690112   (25652454 34976 2682 0) 3034.0 (-0.0000613928 -0.0002422333)  2.000000  0.000219  2.9e+00  1.7e-01  1.8e-06  2.3e-06 1 0 1 0 0 1 0 fwd conv2d_host_validation_random_CHECK_RAND_FLOAT_2_f16 (89 of 107)
205520896  (205435208 80410 5278 0) 608.0 (0.0000782013 0.0001144409)  1.000000  0.000013  1.7e+00  3.5e-02  4.6e-07  5.8e-07 1 0 0 0 0 1 0 fwd conv2d_host_validation_random_GROUP_NHWC_f16 (90 of 107)
30720      (30702 15 3 0) 2.0 (-0.0229034424 -0.0228729248)  0.500000  0.000042  1.4e-03  9.3e-04  4.5e-07  2.3e-06 0 1 0 0 1 0 1 fwd padding_kernel_all_fwd_CHECK_RESNET50_CONFIG2_f16 (91 of 107)
30720      (30708 11 1 0) 5.0 (0.0070266724 0.0070075989)  0.125000  0.000004  2.7e-03  2.7e-03  3.1e-07  4.6e-07 0 1 0 0 1 0 1 fwd padding_kernel_all_fwd_CHECK_RESNET50_CONFIG4_f16 (92 of 107)
882        (882 0 0 0) 0.0 (0.0000000000 0.0000000000)  0.000000  0.000000  0.0e+00  0.0e+00  0.0e+00  0.0e+00 0 1 0 0 1 0 1 bwd_weight padding_kernel_all_wrw_CHECK_RESNET50_CONFIG2_f16 (93 of 107)
882        (879 2 1 0) 3.0 (1.3310546875 1.3281250000)  0.125000  0.000147  2.2e-03  2.2e-03  3.9e-06  5.4e-07 0 1 0 0 1 0 1 bwd_weight padding_kernel_all_wrw_CHECK_RESNET50_CONFIG4_f16 (94 of 107)
205520896  (205395845 117249 7802 0) 1381.0 (0.0000632405 -0.0000190735)  1.000000  0.000031  2.5e+01  6.7e-02  9.0e-07  1.3e-06 0 1 1 0 1 0 1 fwd padding_kernel_gemmK_CHECK_RESNET50_F16_CONFIG1 (95 of 107)
205520896  (205394986 117706 8204 0) 1330.0 (0.0001221895 0.0000429153)  1.000000  0.000031  2.4e+01  1.0e-01  8.4e-07  1.3e-06 0 1 1 0 1 0 1 fwd padding_kernel_gemmK_CHECK_RESNET50_F16_CONFIG2 (96 of 107)
205520896  (205394828 117783 8285 0) 856.0 (0.0001063347 0.0000553131)  1.000000  0.000031  8.1e+00  5.6e-02  7.9e-07  1.3e-06 0 1 1 0 1 0 1 fwd padding_kernel_gemmK_CHECK_RESNET50_F16_CONFIG4 (97 of 107)
9408       (9131 248 29 0) 399.0 (-0.2604980469 -0.2117919922)  32.000000  0.169905  1.9e-01  7.5e-03  4.8e-05  0.0e+00 0 1 1 0 1 0 1 bwd_weight padding_kernel_gemmN_CHECK_RESNET50_CONFIG2 (98 of 107)
9408       (9161 216 31 0) 36.0 (19.2968750000 18.7343750000)  32.000000  0.161776  2.9e-02  2.9e-02  2.8e-05  0.0e+00 0 1 1 0 1 0 1 bwd_weight padding_kernel_gemmN_CHECK_RESNET50_CONFIG4 (99 of 107)
6422528    (6412506 9266 756 0) 429.0 (-0.0010051727 -0.0014142990)  2.000000  0.000246  4.1e-01  1.0e-01  1.6e-06  2.4e-06 0 0 0 0 1 0 1 fwd Resnet50_validation_nchw_CHECK_NCHW_1_f16 (100 of 107)
25690112   (25675430 13750 932 0) 514.0 (0.0001885891 0.0002498627)  1.000000  0.000026  6.3e-01  4.2e-02  6.2e-07  1.2e-06 0 0 0 0 1 0 1 fwd Resnet50_validation_nchw_CHECK_NCHW_2_f16 (101 of 107)
147456     (147130 300 26 0) 52.0 (-0.0792236328 -0.0823974609)  16.000000  0.001619  4.0e-02  6.5e-03  2.2e-06  0.0e+00 0 0 0 0 1 0 1 bwd_weight Resnet50_validation_nchw_CHECK_NCHW_3_f16 (102 of 107)
65536      (65414 110 12 0) 23.0 (0.0842895508 0.0856933594)  8.000000  0.001080  1.7e-02  1.7e-02  1.8e-06  1.6e-06 0 0 0 0 1 0 1 bwd_weight Resnet50_validation_nchw_CHECK_NCHW_4_f16 (103 of 107)
6422528    (6412786 9021 721 0) 700.0 (0.0021705627 0.0015029907)  2.000000  0.000231  3.6e-01  3.1e-01  1.7e-06  8.8e-07 0 0 0 0 1 0 1 fwd Resnet50_validation_nhwc_CHECK_NHWC_1_f16 (104 of 107)
25690112   (25675424 13733 955 0) 788.0 (0.0000522137 0.0000991821)  1.000000  0.000027  9.0e-01  7.8e-02  6.6e-07  5.0e-07 0 0 0 0 1 0 1 fwd Resnet50_validation_nhwc_CHECK_NHWC_2_f16 (105 of 107)
147456     (147124 303 29 0) 84.0 (0.0377807617 0.0403442383)  8.000000  0.001837  6.8e-02  6.8e-02  3.0e-06  0.0e+00 0 0 0 0 1 0 1 bwd_weight Resnet50_validation_nhwc_CHECK_NHWC_3_f16 (106 of 107)
65536      (65407 119 10 0) 63.0 (-0.0616149902 -0.0635375977)  8.000000  0.001826  3.1e-02  5.8e-03  2.1e-06  2.7e-06 0 0 0 0 1 0 1 bwd_weight Resnet50_validation_nhwc_CHECK_NHWC_4_f16 (107 of 107)
