25690112   (25616465 68037 5610 0) 244.0 (-0.0000044703 -0.0000190139)  0.250000  0.000005  1.0e+01  2.1e-02  4.4e-06  5.3e-07 1 0 0 0 0 1 0 fwd conv2d_harness_cpu_verifier_kyxc_nhwc_nhwk_f16_E2E_f16 (1 of 107)
802816     (802269 518 29 0) 8.0 (-0.0002191067 -0.0002200603)  0.003906  0.000000  6.2e-02  9.7e-04  6.6e-07  2.0e-06 0 1 1 0 1 0 1 bwd_data conv2d_host_validation_f16_bwd_CHECK_BWD_DATA1 (2 of 107)
4096       (4064 25 7 0) 6.0 (0.0152130127 0.0152587891)  1.000000  0.000264  3.0e-03  3.0e-03  7.2e-06  1.5e-05 0 1 1 0 1 0 1 bwd_weight conv2d_host_validation_f16_bwd_CHECK_BWD_WEIGHT1 (3 of 107)
147456     (145294 1931 231 0) 1573.0 (-0.0001208186 -0.0002145767)  0.125000  0.000201  7.8e-01  3.0e-02  2.0e-05  9.6e-06 0 1 1 0 1 0 1 bwd_weight conv2d_host_validation_f16_bwd_CHECK_ISSUE_127_10 (4 of 107)
294912     (291769 2878 265 0) 648.0 (0.0001298189 0.0000911951)  0.125000  0.000099  3.0e-01  7.7e-02  1.2e-05  8.6e-06 0 1 1 0 1 0 1 bwd_weight conv2d_host_validation_f16_bwd_CHECK_ISSUE_127_15 (5 of 107)
589824     (585059 4376 389 0) 292.0 (-0.0001769066 -0.0001420975)  4.000000  0.000054  2.0e-01  3.7e-02  9.2e-06  1.2e-06 0 1 1 0 1 0 1 bwd_weight conv2d_host_validation_f16_bwd_CHECK_ISSUE_127_16 (6 of 107)
1179648    (1172859 6207 582 0) 379.0 (-0.0000579953 -0.0000805855)  0.062500  0.000022  3.9e-01  3.2e-02  6.3e-06  4.9e-06 0 1 1 0 1 0 1 bwd_weight conv2d_host_validation_f16_bwd_CHECK_ISSUE_127_17 (7 of 107)
147456     (143362 3659 435 0) 1191.0 (-0.0000557303 0.0000152588)  0.250000  0.000850  1.3e+00  1.4e-01  4.3e-05  1.4e-05 0 1 1 0 1 0 1 bwd_weight conv2d_host_validation_f16_bwd_CHECK_ISSUE_127_18 (8 of 107)
2097152    (2087350 9020 782 0) 248.0 (0.0000119209 -0.0000028610)  0.062500  0.000014  1.2e+00  4.1e-02  5.7e-06  4.6e-06 0 1 1 0 1 0 1 bwd_weight conv2d_host_validation_f16_bwd_CHECK_ISSUE_127_6 (9 of 107)
262144     (259973 1990 181 0) 774.0 (0.0002465248 0.0001542568)  0.062500  0.000053  3.7e-01  2.2e-02  9.3e-06  6.7e-06 0 1 1 0 1 0 1 bwd_weight conv2d_host_validation_f16_bwd_CHECK_ISSUE_127_7 (10 of 107)
147456     (145330 1931 195 0) 157.0 (-0.0024662018 -0.0021667480)  0.125000  0.000201  1.2e-01  4.5e-02  1.5e-05  9.5e-06 0 1 1 0 1 0 1 bwd_weight conv2d_host_validation_f16_bwd_CHECK_ISSUE_127_8 (11 of 107)
147456     (145307 1938 211 0) 62.0 (0.0043296814 0.0045661926)  0.125000  0.000192  5.5e-02  5.5e-02  1.5e-05  1.9e-07 0 1 1 0 1 0 1 bwd_weight conv2d_host_validation_f16_bwd_CHECK_ISSUE_127_9 (12 of 107)
1024       (1016 7 1 0) 2.0 (-0.0056686401 -0.0056610107)  0.015625  0.000031  1.3e-03  7.4e-04  6.0e-06  1.1e-05 0 1 1 0 1 0 1 bwd_weight conv2d_host_validation_f16_bwd_CHECK_ISSUE_70_1 (13 of 107)
65536      (64586 845 105 0) 100.0 (0.0030975342 0.0032882690)  16.000000  0.000438  6.2e-02  6.2e-02  1.7e-05  3.7e-06 0 1 1 0 1 0 1 bwd_weight conv2d_host_validation_f16_bwd_CHECK_ISSUE_70_2 (14 of 107)
4096       (4077 17 2 0) 43.0 (0.0007829666 0.0007624626)  0.062500  0.000045  2.6e-02  1.1e-03  9.7e-06  1.9e-05 0 1 1 0 1 0 1 bwd_weight conv2d_host_validation_f16_bwd_CHECK_ISSUE_70_3 (15 of 107)
1024       (1021 3 0 0) 1.0 (534.5000000000 534.0000000000)  0.500000  0.000489  9.4e-04  9.4e-04  2.0e-06  2.9e-05 0 1 1 0 1 0 1 bwd_weight conv2d_host_validation_f16_bwd_CHECK_ISSUE_71_1 (16 of 107)
1024       (1022 2 0 0) 1.0 (6.9296875000 6.9335937500)  0.003906  0.000008  5.6e-04  5.6e-04  1.1e-06  1.6e-07 0 1 1 0 1 0 1 bwd_weight conv2d_host_validation_f16_bwd_CHECK_ISSUE_71_2 (17 of 107)
1024       (1013 11 0 0) 1.0 (-0.5258789062 -0.5263671875)  0.031250  0.000081  9.3e-04  4.9e-04  6.9e-06  3.5e-07 0 1 1 0 1 0 1 bwd_weight conv2d_host_validation_f16_bwd_CHECK_ISSUE_71_3 (18 of 107)
1024       (1019 5 0 0) 1.0 (-0.1723632812 -0.1724853516)  0.000977  0.000001  9.7e-04  9.7e-04  3.8e-06  4.5e-07 0 1 1 0 1 0 1 bwd_weight conv2d_host_validation_f16_bwd_CHECK_ISSUE_71_4 (19 of 107)
12845056   (12826462 17341 1253 0) 60.0 (-0.0001075864 -0.0001040101)  0.015625  0.000001  7.8e-01  3.8e-03  1.7e-06  2.3e-06 0 0 0 0 0 1 0 fwd conv2d_host_validation_f16_CHECK_RESNET101_NCHW_CONFIG1_FWD_f16 (20 of 107)
12845056   (12827501 16339 1216 0) 60.0 (0.0000528693 0.0000492930)  0.015625  0.000001  3.5e+00  3.1e-03  1.8e-06  2.1e-06 0 0 0 0 0 1 0 fwd conv2d_host_validation_f16_CHECK_RESNET101_NCHW_CONFIG2_FWD_f16 (21 of 107)
25690112   (25652988 34505 2619 0) 95.0 (0.0000367761 0.0000424385)  0.015625  0.000001  1.0e+00  3.3e-03  1.6e-06  2.2e-06 0 0 0 0 0 1 0 bwd_data conv2d_host_validation_f16_CHECK_RESNET101_NCHW_CONFIG8_BWD_f16 (22 of 107)
102760448  (102691712 64414 4322 0) 18.0 (0.0000891685 0.0000902414)  0.007812  0.000000  2.0e+00  1.9e-03  7.5e-07  1.5e-06 0 0 0 0 0 1 0 fwd conv2d_host_validation_f16_CHECK_RESNET101_NCHW_CONFIG8_FWD_f16 (23 of 107)
16384      (16032 315 37 0) 40.0 (-0.0076980591 -0.0078506470)  0.500000  0.000528  2.0e-02  1.4e-02  2.1e-05  6.7e-06 0 0 0 0 0 1 0 bwd_weight conv2d_host_validation_f16_CHECK_RESNET101_NCHW_CONFIG8_WRW_f16 (24 of 107)
12845056   (12826503 17332 1221 0) 71.0 (-0.0001119375 -0.0001077056)  0.015625  0.000001  4.0e+00  3.6e-03  1.7e-06  2.4e-06 0 0 0 0 0 1 0 fwd conv2d_host_validation_f16_CHECK_RESNET101_NHWC_CONFIG1_FWD_f16 (25 of 107)
12845056   (12827212 16592 1252 0) 42.0 (0.0001965761 0.0002015829)  0.015625  0.000001  1.3e+00  2.9e-03  1.8e-06  2.2e-06 0 0 0 0 0 1 0 fwd conv2d_host_validation_f16_CHECK_RESNET101_NHWC_CONFIG2_FWD_f16 (26 of 107)
25690112   (25653195 34238 2679 0) 88.0 (0.0001029968 0.0000977516)  0.015625  0.000001  7.0e+00  3.7e-03  2.1e-06  2.5e-06 0 0 0 0 0 1 0 bwd_data conv2d_host_validation_f16_CHECK_RESNET101_NHWC_CONFIG8_BWD_f16 (27 of 107)
102760448  (102690682 65432 4334 0) 41.0 (0.0000502467 0.0000478029)  0.007812  0.000000  5.0e+00  1.9e-03  9.1e-07  8.1e-07 0 0 0 0 0 1 0 fwd conv2d_host_validation_f16_CHECK_RESNET101_NHWC_CONFIG8_FWD_f16 (28 of 107)
16384      (16052 297 35 0) 109.0 (-0.0147018433 -0.0155334473)  0.250000  0.000437  5.7e-02  3.8e-03  2.4e-05  1.3e-05 0 0 0 0 0 1 0 bwd_weight conv2d_host_validation_f16_CHECK_RESNET101_NHWC_CONFIG8_WRW_f16 (29 of 107)
4194304    (4194015 288 1 0) 2.0 (0.2500000000 0.2502441406)  0.000977  0.000000  4.1e-03  9.8e-04  4.9e-08  4.2e-07 0 1 1 0 1 0 1 fwd conv2d_host_validation_f16_fwd_CHECK_FILTER1_f16 (30 of 107)
4194304    (4193990 314 0 0) 1.0 (-0.0004229546 -0.0004231930)  0.000977  0.000000  7.1e-02  9.7e-04  7.4e-08  4.5e-07 0 1 1 0 1 0 1 fwd conv2d_host_validation_f16_fwd_CHECK_FILTER2_f16 (31 of 107)
16777216   (16774675 2527 14 0) 2.0 (-0.0000852942 -0.0000854135)  0.001953  0.000000  4.2e-02  9.8e-04  1.2e-07  6.7e-07 0 1 1 0 1 0 1 fwd conv2d_host_validation_f16_fwd_CHECK_ISSUE_114_1_f16 (32 of 107)
16777216   (16774675 2527 14 0) 2.0 (-0.0000852942 -0.0000854135)  0.001953  0.000000  4.2e-02  9.8e-04  1.2e-07  6.7e-07 0 1 1 0 1 0 1 fwd conv2d_host_validation_f16_fwd_CHECK_ISSUE_114_2_f16 (33 of 107)
4194304    (4193675 625 4 0) 2.0 (0.0625000000 0.0625610352)  0.001953  0.000000  1.4e-02  9.8e-04  1.1e-07  7.2e-07 0 1 1 0 1 0 1 fwd conv2d_host_validation_f16_fwd_CHECK_ISSUE_114_3_f16 (34 of 107)
4194304    (4193675 625 4 0) 2.0 (0.0625000000 0.0625610352)  0.001953  0.000000  1.4e-02  9.8e-04  1.1e-07  7.2e-07 0 1 1 0 1 0 1 fwd conv2d_host_validation_f16_fwd_CHECK_ISSUE_114_4_f16 (35 of 107)
16777216   (16774723 2483 10 0) 2.0 (0.0000903606 0.0000902414)  0.001953  0.000000  2.0e-01  9.7e-04  1.4e-07  7.3e-07 0 1 1 0 1 0 1 fwd conv2d_host_validation_f16_fwd_CHECK_ISSUE_114_5_f16 (36 of 107)
16777216   (16774723 2483 10 0) 2.0 (0.0000903606 0.0000902414)  0.001953  0.000000  2.0e-01  9.7e-04  1.4e-07  7.3e-07 0 1 1 0 1 0 1 fwd conv2d_host_validation_f16_fwd_CHECK_ISSUE_114_6_f16 (37 of 107)
4194304    (4193707 594 3 0) 2.0 (-0.0000759959 -0.0000761151)  0.001953  0.000000  2.7e-02  9.7e-04  1.1e-07  7.4e-07 0 1 1 0 1 0 1 fwd conv2d_host_validation_f16_fwd_CHECK_ISSUE_114_7_f16 (38 of 107)
4194304    (4193707 594 3 0) 2.0 (-0.0000759959 -0.0000761151)  0.001953  0.000000  2.7e-02  9.7e-04  1.1e-07  7.4e-07 0 1 1 0 1 0 1 fwd conv2d_host_validation_f16_fwd_CHECK_ISSUE_114_8_f16 (39 of 107)
12845056   (12792766 48036 4254 0) 480.0 (0.0000360012 0.0000646114)  0.125000  0.000010  6.4e+01  3.4e-02  1.2e-05  1.1e-06 0 1 1 0 1 0 1 fwd conv2d_host_validation_f16_fwd_CHECK_ISSUE_127_11_f16 (40 of 107)
12845056   (12793941 47079 4036 0) 408.0 (-0.0001080036 -0.0000836849)  0.250000  0.000010  4.7e+00  2.2e-02  5.4e-06  1.1e-06 0 1 1 0 1 0 1 fwd conv2d_host_validation_f16_fwd_CHECK_ISSUE_127_12_f16 (41 of 107)
12845056   (12796525 44648 3883 0) 359.0 (-0.0000600815 -0.0000386834)  0.250000  0.000009  3.2e+00  2.1e-02  5.0e-06  1.1e-06 0 1 1 0 1 0 1 fwd conv2d_host_validation_f16_fwd_CHECK_ISSUE_127_13_f16 (42 of 107)
12845056   (12792036 48911 4109 0) 878.0 (0.0000091195 0.0000614524)  0.062500  0.000011  1.9e+01  2.3e-02  7.2e-06  1.2e-06 0 1 1 0 1 0 1 fwd conv2d_host_validation_f16_fwd_CHECK_ISSUE_127_14_f16 (43 of 107)
12845056   (12791524 49139 4393 0) 489.0 (-0.0000619888 -0.0000911355)  0.125000  0.000011  1.0e+01  1.8e-02  6.0e-06  1.2e-06 0 1 1 0 1 0 1 fwd conv2d_host_validation_f16_fwd_CHECK_ISSUE_127_1_f16 (44 of 107)
6422528    (6385818 33656 3054 0) 1838.0 (-0.0000495911 -0.0001591444)  0.500000  0.000021  2.2e+00  4.2e-02  7.1e-06  1.1e-06 0 1 1 0 1 0 1 fwd conv2d_host_validation_f16_fwd_CHECK_ISSUE_127_2_f16 (45 of 107)
25690112   (25611931 72284 5897 0) 252.0 (0.0001348257 0.0001198053)  0.031250  0.000005  3.9e+00  2.0e-02  4.1e-06  3.3e-06 0 1 1 0 1 0 1 fwd conv2d_host_validation_f16_fwd_CHECK_ISSUE_127_3_f16 (46 of 107)
12845056   (12791207 49632 4217 0) 525.0 (-0.0000807643 -0.0000494719)  0.031250  0.000011  2.4e+00  2.6e-02  5.4e-06  4.0e-06 0 1 1 0 1 0 1 fwd conv2d_host_validation_f16_fwd_CHECK_ISSUE_127_4_f16 (47 of 107)
12845056   (12793800 47244 4012 0) 341.0 (-0.0002423525 -0.0002830029)  0.031250  0.000010  7.3e+00  1.9e-02  6.5e-06  4.0e-06 0 1 1 0 1 0 1 fwd conv2d_host_validation_f16_fwd_CHECK_ISSUE_127_5_f16 (48 of 107)
7372800    (7367589 4894 317 0) 13.0 (-0.0000532269 -0.0000524521)  0.007812  0.000000  2.9e-01  9.8e-04  7.1e-07  1.7e-06 0 1 1 0 1 0 1 fwd conv2d_host_validation_f16_fwd_CHECK_ISSUE_40_1_f16 (49 of 107)
3440640    (3437002 3409 229 0) 32.0 (0.0000340343 0.0000321269)  0.007812  0.000001  2.0e-01  1.6e-03  1.1e-06  2.0e-06 0 1 1 0 1 0 1 fwd conv2d_host_validation_f16_fwd_CHECK_ISSUE_40_2_f16 (50 of 107)
6422528    (6410998 10708 822 0) 71.0 (0.0000954866 0.0000912547)  0.015625  0.000002  5.4e-01  5.4e-03  2.0e-06  2.6e-06 0 1 1 0 1 0 1 fwd conv2d_host_validation_f16_fwd_CHECK_ISSUE_40_3_f16 (51 of 107)
14745600   (14727119 17220 1261 0) 56.0 (0.0000455379 0.0000422001)  0.015625  0.000001  1.2e+00  4.2e-03  1.5e-06  2.2e-06 0 1 1 0 1 0 1 fwd conv2d_host_validation_f16_fwd_CHECK_ISSUE_40_4_f16 (52 of 107)
6881280    (6874673 6185 422 0) 40.0 (0.0000450611 0.0000474453)  0.007812  0.000000  2.2e-01  3.2e-03  1.0e-06  1.8e-06 0 1 0 0 0 0 1 fwd conv2d_host_validation_f16_fwd_CHECK_ISSUE_40_5_f16 (53 of 107)
1048576    (1047205 1278 93 0) 47.0 (0.0000797510 0.0000769496)  0.007812  0.000001  3.5e-02  3.2e-03  1.2e-06  2.4e-06 0 1 1 0 1 0 1 fwd conv2d_host_validation_f16_fwd_CHECK_ISSUE_41_10_f16 (54 of 107)
12845056   (12835793 8677 586 0) 18.0 (-0.0000884533 -0.0000895262)  0.007812  0.000000  1.7e+00  1.3e-03  9.3e-07  1.6e-06 0 1 1 0 1 0 1 fwd conv2d_host_validation_f16_fwd_CHECK_ISSUE_41_11_f16 (55 of 107)
9437184    (9425259 11102 823 0) 46.0 (-0.0000739694 -0.0000767112)  0.015625  0.000001  6.9e-01  3.0e-03  1.5e-06  2.1e-06 0 1 1 0 1 0 1 fwd conv2d_host_validation_f16_fwd_CHECK_ISSUE_41_12_f16 (56 of 107)
921600     (920936 613 51 0) 13.0 (-0.0000532269 -0.0000524521)  0.007812  0.000000  6.8e-02  9.8e-04  8.4e-07  1.8e-06 0 1 1 0 1 0 1 fwd conv2d_host_validation_f16_fwd_CHECK_ISSUE_41_2_f16 (57 of 107)
1605632    (1604579 991 62 0) 16.0 (0.0000855923 0.0000865459)  0.007812  0.000000  3.9e-02  9.7e-04  5.7e-07  1.9e-06 0 1 1 0 1 0 1 fwd conv2d_host_validation_f16_fwd_CHECK_ISSUE_41_3_f16 (58 of 107)
200704     (200560 140 4 0) 5.0 (0.0002229214 0.0002235174)  0.003906  0.000000  2.7e-03  9.7e-04  5.1e-07  2.0e-06 0 1 1 0 1 0 1 fwd conv2d_host_validation_f16_fwd_CHECK_ISSUE_41_4_f16 (59 of 107)
1605632    (1603920 1604 108 0) 32.0 (0.0000340343 0.0000321269)  0.007812  0.000001  2.0e-01  1.4e-03  1.1e-06  2.2e-06 0 1 1 0 1 0 1 fwd conv2d_host_validation_f16_fwd_CHECK_ISSUE_41_5_f16 (60 of 107)
802816     (802287 502 27 0) 8.0 (0.0000646710 0.0000651479)  0.007812  0.000000  1.8e-02  9.7e-04  5.4e-07  2.1e-06 0 1 1 0 1 0 1 fwd conv2d_host_validation_f16_fwd_CHECK_ISSUE_41_6_f16 (61 of 107)
4194304    (4191420 2690 194 0) 12.0 (0.0000836253 0.0000829101)  0.003906  0.000000  1.0e+00  1.6e-03  9.4e-07  1.6e-06 0 1 1 0 1 0 1 fwd conv2d_host_validation_f16_fwd_CHECK_ISSUE_41_7_f16 (62 of 107)
3211264    (3207234 3757 273 0) 28.0 (-0.0000395775 -0.0000412464)  0.007812  0.000001  2.4e-01  2.3e-03  1.2e-06  2.2e-06 0 1 1 0 1 0 1 fwd conv2d_host_validation_f16_fwd_CHECK_ISSUE_41_8_f16 (63 of 107)
2359296    (2357553 1637 106 0) 11.0 (-0.0000765324 -0.0000758767)  0.007812  0.000000  1.9e-01  9.7e-04  7.9e-07  1.8e-06 0 1 1 0 1 0 1 fwd conv2d_host_validation_f16_fwd_CHECK_ISSUE_41_9_f16 (64 of 107)
25690112   (25616422 68063 5627 0) 262.0 (0.0001282692 0.0001126528)  0.031250  0.000005  3.3e+00  1.9e-02  3.6e-06  3.3e-06 0 1 1 0 1 0 1 fwd conv2d_host_validation_f16_fwd_CHECK_KCYX_NCHW_NKHW1_f16 (65 of 107)
3686400    (3684764 1551 85 0) 7.0 (0.0001173615 0.0001169443)  0.003906  0.000000  9.7e-02  9.7e-04  4.5e-07  1.3e-06 0 1 1 0 1 0 1 fwd conv2d_host_validation_f16_fwd_CHECK_KCYX_NCHW_NKHW2_f16 (66 of 107)
409600     (409416 177 7 0) 4.0 (0.0001124740 0.0001127124)  0.003906  0.000000  2.3e-02  9.7e-04  3.9e-07  1.4e-06 0 1 1 0 1 0 1 fwd conv2d_host_validation_f16_fwd_CHECK_KCYX_NCHW_NKHW3_f16 (67 of 107)
147456     (147392 60 4 0) 3.0 (-0.0000019073 -0.0000017285)  0.003906  0.000000  9.4e-02  9.4e-04  9.4e-07  1.6e-06 0 1 1 0 1 0 1 fwd conv2d_host_validation_f16_fwd_CHECK_KCYX_NCHW_NKHW4_f16 (68 of 107)
102400     (102353 45 2 0) 2.0 (0.0002373457 0.0002375841)  0.001953  0.000000  6.5e-03  9.7e-04  3.8e-07  1.6e-06 0 1 1 0 1 0 1 fwd conv2d_host_validation_f16_fwd_CHECK_KCYX_NCHW_NKHW5_f16 (69 of 107)
15745024   (15738331 6347 346 0) 8.0 (0.0000897050 0.0000892282)  0.003906  0.000000  3.1e-01  9.8e-04  4.3e-07  1.3e-06 0 1 1 0 1 0 1 fwd conv2d_host_validation_f16_fwd_CHECK_KCYX_NCHW_NKHW6_f16 (70 of 107)
13778944   (13765167 12835 942 0) 26.0 (-0.0001211762 -0.0001196265)  0.007812  0.000001  4.3e-01  2.4e-03  1.1e-06  1.8e-06 0 1 1 0 1 0 1 fwd conv2d_host_validation_f16_fwd_CHECK_KCYX_NCHW_NKHW7_f16 (71 of 107)
25690112   (25616465 68037 5610 0) 244.0 (-0.0000044703 -0.0000190139)  0.250000  0.000005  1.0e+01  2.1e-02  4.4e-06  5.3e-07 0 1 1 0 1 0 1 fwd conv2d_host_validation_f16_fwd_CHECK_KYXC_NHWC_NHWK1_f16 (72 of 107)
3686400    (3684695 1590 115 0) 7.0 (-0.0000188351 -0.0000192523)  0.003906  0.000000  1.7e-01  9.8e-04  4.8e-07  1.5e-06 0 1 1 0 1 0 1 fwd conv2d_host_validation_f16_fwd_CHECK_KYXC_NHWC_NHWK2_f16 (73 of 107)
409600     (409414 176 10 0) 4.0 (0.0002365112 0.0002360344)  0.003906  0.000000  1.0e-02  9.6e-04  3.5e-07  1.6e-06 0 1 1 0 1 0 1 fwd conv2d_host_validation_f16_fwd_CHECK_KYXC_NHWC_NHWK3_f16 (74 of 107)
147456     (147390 65 1 0) 2.0 (-0.0001697540 -0.0001695156)  0.001953  0.000000  1.4e-03  9.7e-04  3.1e-07  1.5e-06 0 1 1 0 1 0 1 fwd conv2d_host_validation_f16_fwd_CHECK_KYXC_NHWC_NHWK4_f16 (75 of 107)
102400     (102360 40 0 0) 1.0 (-0.4272460938 -0.4270019531)  0.001953  0.000000  9.5e-04  9.4e-04  2.7e-07  1.2e-06 0 1 1 0 1 0 1 fwd conv2d_host_validation_f16_fwd_CHECK_KYXC_NHWC_NHWK5_f16 (76 of 107)
15745024   (15738249 6434 341 0) 7.0 (-0.0000586510 -0.0000582337)  0.003906  0.000000  3.0e+00  9.8e-04  7.4e-07  1.2e-06 0 1 1 0 1 0 1 fwd conv2d_host_validation_f16_fwd_CHECK_KYXC_NHWC_NHWK6_f16 (77 of 107)
13778944   (13765070 12981 893 0) 40.0 (-0.0000512600 -0.0000488758)  0.007812  0.000001  1.0e+00  1.7e-03  1.2e-06  1.8e-06 0 1 1 0 1 0 1 fwd conv2d_host_validation_f16_fwd_CHECK_KYXC_NHWC_NHWK7_f16 (78 of 107)
802816     (802493 306 17 0) 6.0 (0.0000032187 0.0000035763)  0.003906  0.000000  1.1e-01  9.7e-04  5.8e-07  1.4e-06 0 1 1 0 1 0 1 fwd conv2d_host_validation_f16_fwd_CHECK_PADDING1_f16 (79 of 107)
802816     (802470 322 24 0) 4.0 (0.0001140833 0.0001143217)  0.003906  0.000000  1.8e-02  9.7e-04  3.8e-07  1.5e-06 0 1 1 0 1 0 1 fwd conv2d_host_validation_f16_fwd_CHECK_PADDING2_f16 (80 of 107)
2048       (2048 0 0 0) 0.0 (0.0000000000 0.0000000000)  0.000000  0.000000  0.0e+00  0.0e+00  0.0e+00  0.0e+00 0 1 1 0 1 0 1 fwd conv2d_host_validation_f16_fwd_CHECK_PADDING3_f16 (81 of 107)
205520896  (205382536 129758 8602 0) 24.0 (-0.0000704527 -0.0000690222)  0.007812  0.000000  5.0e+00  1.9e-03  8.1e-07  1.5e-06 0 1 0 0 1 0 1 fwd conv2d_host_validation_f32_fwd_GROUP_NCHW_f16 (82 of 107)
51380224   (51345660 32416 2148 0) 20.0 (0.0001010895 0.0000998974)  0.007812  0.000000  2.0e+00  1.9e-03  8.8e-07  1.6e-06 1 0 0 0 0 1 0 fwd conv2d_host_validation_random_CHECK_KCYX_NCHW_NKHW_5_f16 (83 of 107)
51380224   (51345660 32416 2148 0) 20.0 (0.0001010895 0.0000998974)  0.007812  0.000000  2.0e+00  1.9e-03  8.8e-07  1.6e-06 1 0 0 0 0 1 0 fwd conv2d_host_validation_random_CHECK_KCYX_NCHW_NKHW_6_f16 (84 of 107)
47775744   (47671486 96553 7705 0) 166.0 (0.0000230074 0.0000131130)  0.031250  0.000003  5.6e+00  8.7e-03  2.7e-06  2.9e-06 1 0 0 0 0 1 0 fwd conv2d_host_validation_random_CHECK_KCYX_NCHW_NKHW_7_f16 (85 of 107)
51380224   (51269645 102411 8168 0) 166.0 (0.0000230074 0.0000131130)  0.031250  0.000003  5.6e+00  8.7e-03  2.6e-06  2.9e-06 1 0 0 0 0 1 0 fwd conv2d_host_validation_random_CHECK_KCYX_NCHW_NKHW_8_f16 (86 of 107)
16777216   (16774675 2527 14 0) 2.0 (-0.0000852942 -0.0000854135)  0.001953  0.000000  4.2e-02  9.8e-04  1.2e-07  6.7e-07 1 0 0 0 0 1 0 fwd conv2d_host_validation_random_CHECK_KYXC_NHWC_NHWK_4_f16 (87 of 107)
16777216   (16774675 2527 14 0) 2.0 (-0.0000852942 -0.0000854135)  0.001953  0.000000  4.2e-02  9.8e-04  1.2e-07  6.7e-07 1 0 0 0 0 1 0 fwd conv2d_host_validation_random_CHECK_KYXC_NHWC_NHWK_5_f16 (88 of 107)
25690112   (25616422 68063 5627 0) 262.0 (0.0001282692 0.0001126528)  0.031250  0.000005  3.3e+00  1.9e-02  3.6e-06  3.3e-06 1 0 1 0 0 1 0 fwd conv2d_host_validation_random_CHECK_RAND_FLOAT_2_f16 (89 of 107)
205520896  (205382288 130060 8548 0) 24.0 (0.0000326633 0.0000340939)  0.007812  0.000000  6.0e+00  1.6e-03  7.9e-07  8.0e-07 1 0 0 0 0 1 0 fwd conv2d_host_validation_random_GROUP_NHWC_f16 (90 of 107)
30720      (30692 27 1 0) 4.0 (-0.0003175735 -0.0003166199)  0.003906  0.000001  3.0e-03  9.7e-04  7.2e-07  3.2e-06 0 1 0 0 1 0 1 fwd padding_kernel_all_fwd_CHECK_RESNET50_CONFIG2_f16 (91 of 107)
30720      (30684 33 3 0) 3.0 (-0.0001105666 -0.0001103878)  0.001953  0.000000  1.6e-03  9.3e-04  8.2e-07  1.0e-06 0 1 0 0 1 0 1 fwd padding_kernel_all_fwd_CHECK_RESNET50_CONFIG4_f16 (92 of 107)
882        (876 6 0 0) 1.0 (0.5366210938 0.5371093750)  0.015625  0.000037  9.6e-04  9.1e-04  4.9e-06  7.9e-06 0 1 0 0 1 0 1 bwd_weight padding_kernel_all_wrw_CHECK_RESNET50_CONFIG2_f16 (93 of 107)
882        (880 1 1 0) 5.0 (0.0179901123 0.0180664062)  0.015625  0.000018  4.2e-03  4.2e-03  5.4e-06  6.7e-06 0 1 0 0 1 0 1 bwd_weight padding_kernel_all_wrw_CHECK_RESNET50_CONFIG4_f16 (94 of 107)
205520896  (205300922 204894 15080 0) 66.0 (-0.0000799894 -0.0000760555)  0.015625  0.000001  6.0e+00  3.4e-03  1.3e-06  1.9e-06 0 1 1 0 1 0 1 fwd padding_kernel_gemmK_CHECK_RESNET50_F16_CONFIG1 (95 of 107)
205520896  (205298495 207362 15039 0) 50.0 (-0.0000541210 -0.0000511408)  0.015625  0.000001  4.0e+00  3.1e-03  1.3e-06  1.9e-06 0 1 1 0 1 0 1 fwd padding_kernel_gemmK_CHECK_RESNET50_F16_CONFIG2 (96 of 107)
205520896  (205298230 207619 15047 0) 56.0 (0.0000739694 0.0000706315)  0.015625  0.000001  5.0e+00  3.1e-03  1.3e-06  1.8e-06 0 1 1 0 1 0 1 fwd padding_kernel_gemmK_CHECK_RESNET50_F16_CONFIG4 (97 of 107)
9408       (8891 458 59 0) 268.0 (0.0220947266 0.0261840820)  0.500000  0.003769  1.9e-01  1.9e-01  8.0e-05  1.9e-05 0 1 1 0 1 0 1 bwd_weight padding_kernel_gemmN_CHECK_RESNET50_CONFIG2 (98 of 107)
9408       (8956 403 49 0) 310.0 (-0.0499267578 -0.0404663086)  0.500000  0.003040  1.9e-01  1.5e-01  1.1e-04  1.8e-05 0 1 1 0 1 0 1 bwd_weight padding_kernel_gemmN_CHECK_RESNET50_CONFIG4 (99 of 107)
6422528    (6403426 17619 1483 0) 192.0 (-0.0000405908 -0.0000291467)  0.031250  0.000005  1.3e+00  9.6e-03  3.4e-06  3.3e-06 0 0 0 0 1 0 1 fwd Resnet50_validation_nchw_CHECK_NCHW_1_f16 (100 of 107)
25690112   (25664498 23871 1743 0) 36.0 (-0.0001178980 -0.0001200438)  0.007812  0.000001  5.5e-01  2.3e-03  1.1e-06  1.7e-06 0 0 0 0 1 0 1 fwd Resnet50_validation_nchw_CHECK_NCHW_2_f16 (101 of 107)
147456     (145318 1923 215 0) 62.0 (0.0043296814 0.0045661926)  0.125000  0.000190  5.5e-02  5.5e-02  1.5e-05  1.8e-07 0 0 0 0 1 0 1 bwd_weight Resnet50_validation_nchw_CHECK_NCHW_3_f16 (102 of 107)
65536      (64550 888 98 0) 128.0 (-0.0037841797 -0.0040283203)  0.125000  0.000235  6.5e-02  2.3e-02  1.7e-05  8.4e-06 0 0 0 0 1 0 1 bwd_weight Resnet50_validation_nchw_CHECK_NCHW_4_f16 (103 of 107)
6422528    (6403599 17475 1454 0) 174.0 (0.0000029802 -0.0000073910)  0.031250  0.000005  6.2e+01  1.4e-02  1.4e-05  1.3e-06 0 0 0 0 1 0 1 fwd Resnet50_validation_nhwc_CHECK_NHWC_1_f16 (104 of 107)
25690112   (25664373 24029 1710 0) 45.0 (0.0000057220 0.0000030398)  0.007812  0.000001  5.7e-01  1.9e-03  1.1e-06  7.3e-07 0 0 0 0 1 0 1 fwd Resnet50_validation_nhwc_CHECK_NHWC_2_f16 (105 of 107)
147456     (145094 2185 177 0) 595.0 (-0.0002239943 -0.0001530647)  16.000000  0.000338  3.2e-01  5.5e-02  2.0e-05  2.5e-06 0 0 0 0 1 0 1 bwd_weight Resnet50_validation_nhwc_CHECK_NHWC_3_f16 (106 of 107)
65536      (64540 911 85 0) 186.0 (0.0032882690 0.0036430359)  0.250000  0.000205  1.1e-01  1.1e-01  1.8e-05  9.6e-06 0 0 0 0 1 0 1 bwd_weight Resnet50_validation_nhwc_CHECK_NHWC_4_f16 (107 of 107)
