25690112   (25617706 67023 5383 0) 5120.0 (0.0002288818 -0.0000762939)  32.000000  0.000460  3.1e+00  3.6e-01  3.5e-06  5.4e-07 1 0 0 0 0 1 0 fwd conv2d_harness_cpu_verifier_kyxc_nhwc_nhwk_f16_E2E_f16 (1 of 107)
802816     (802273 507 36 0) 14.0 (0.0010604858 0.0010738373)  0.500000  0.000026  1.3e-02  1.3e-02  5.4e-07  1.7e-06 0 1 1 0 1 0 1 bwd_data conv2d_host_validation_f16_bwd_CHECK_BWD_DATA1 (2 of 107)
4096       (4075 15 6 0) 7.0 (0.2269287109 0.2277832031)  2.000000  0.002214  3.8e-03  3.8e-03  6.5e-06  0.0e+00 0 1 1 0 1 0 1 bwd_weight conv2d_host_validation_f16_bwd_CHECK_BWD_WEIGHT1 (3 of 107)
147456     (145303 1926 227 0) 206.0 (-0.0251770020 -0.0283203125)  16.000000  0.020666  1.2e-01  1.2e-01  1.6e-05  9.6e-06 0 1 1 0 1 0 1 bwd_weight conv2d_host_validation_f16_bwd_CHECK_ISSUE_127_10 (4 of 107)
294912     (291807 2814 291 0) 5976.0 (0.0016250610 0.0073242188)  16.000000  0.009585  3.5e+00  3.5e+00  2.5e-05  8.4e-06 0 1 1 0 1 0 1 bwd_weight conv2d_host_validation_f16_bwd_CHECK_ISSUE_127_15 (5 of 107)
589824     (585190 4224 410 0) 434.0 (-0.0364074707 -0.0297851562)  8.000000  0.004718  1.8e-01  1.4e-01  8.9e-06  0.0e+00 0 1 1 0 1 0 1 bwd_weight conv2d_host_validation_f16_bwd_CHECK_ISSUE_127_16 (6 of 107)
1179648    (1172948 6140 560 0) 4272.0 (-0.0054016113 0.0027465820)  8.000000  0.002198  1.5e+00  1.8e-01  7.6e-06  5.0e-06 0 1 1 0 1 0 1 bwd_weight conv2d_host_validation_f16_bwd_CHECK_ISSUE_127_17 (7 of 107)
147456     (143362 3641 453 0) 9312.0 (-0.0832519531 -0.0122070312)  32.000000  0.082041  9.0e-01  3.2e-01  4.9e-05  0.0e+00 0 1 1 0 1 0 1 bwd_weight conv2d_host_validation_f16_bwd_CHECK_ISSUE_127_18 (8 of 107)
2097152    (2087406 8915 831 0) 1862.0 (-0.0056266785 -0.0020751953)  4.000000  0.001340  6.3e-01  2.6e-01  5.2e-06  4.5e-06 0 1 1 0 1 0 1 bwd_weight conv2d_host_validation_f16_bwd_CHECK_ISSUE_127_6 (9 of 107)
262144     (259904 2037 203 0) 242.0 (0.0192871094 0.0229797363)  8.000000  0.005652  1.9e-01  1.9e-01  9.0e-06  7.1e-06 0 1 1 0 1 0 1 bwd_weight conv2d_host_validation_f16_bwd_CHECK_ISSUE_127_7 (10 of 107)
147456     (145284 1965 207 0) 932.0 (-0.0744628906 -0.1313476562)  16.000000  0.020406  7.6e-01  5.2e-02  2.3e-05  9.3e-06 0 1 1 0 1 0 1 bwd_weight conv2d_host_validation_f16_bwd_CHECK_ISSUE_127_8 (11 of 107)
147456     (145303 1959 194 0) 151.0 (-0.0906372070 -0.0814208984)  16.000000  0.020464  1.0e-01  2.0e-02  1.5e-05  0.0e+00 0 1 1 0 1 0 1 bwd_weight conv2d_host_validation_f16_bwd_CHECK_ISSUE_127_9 (12 of 107)
1024       (1016 8 0 0) 1.0 (27.7812500000 27.7968750000)  2.000000  0.002530  9.4e-04  9.4e-04  5.1e-06  1.0e-05 0 1 1 0 1 0 1 bwd_weight conv2d_host_validation_f16_bwd_CHECK_ISSUE_70_1 (13 of 107)
65536      (64606 841 89 0) 70.0 (0.3774414062 0.3603515625)  16.000000  0.022583  4.5e-02  4.5e-02  1.5e-05  0.0e+00 0 1 1 0 1 0 1 bwd_weight conv2d_host_validation_f16_bwd_CHECK_ISSUE_70_2 (14 of 107)
4096       (4072 22 2 0) 2.0 (3.9687500000 3.9648437500)  4.000000  0.002282  1.0e-03  1.0e-03  3.8e-06  1.1e-05 0 1 1 0 1 0 1 bwd_weight conv2d_host_validation_f16_bwd_CHECK_ISSUE_70_3 (15 of 107)
1024       (1024 0 0 0) 0.0 (0.0000000000 0.0000000000)  0.000000  0.000000  0.0e+00  0.0e+00  0.0e+00  0.0e+00 0 1 1 0 1 0 1 bwd_weight conv2d_host_validation_f16_bwd_CHECK_ISSUE_71_1 (16 of 107)
1024       (1022 2 0 0) 1.0 (-422.5000000000 -422.7500000000)  0.250000  0.000488  5.9e-04  0.0e+00  1.2e-06  0.0e+00 0 1 1 0 1 0 1 bwd_weight conv2d_host_validation_f16_bwd_CHECK_ISSUE_71_2 (17 of 107)
1024       (1012 10 2 0) 6.0 (-2.0019531250 -1.9960937500)  1.000000  0.003551  2.9e-03  9.7e-04  1.2e-05  0.0e+00 0 1 1 0 1 0 1 bwd_weight conv2d_host_validation_f16_bwd_CHECK_ISSUE_71_3 (18 of 107)
1024       (1018 6 0 0) 1.0 (-28.8281250000 -28.8437500000)  2.000000  0.003220  8.9e-04  8.9e-04  4.0e-06  9.9e-06 0 1 1 0 1 0 1 bwd_weight conv2d_host_validation_f16_bwd_CHECK_ISSUE_71_4 (19 of 107)
12845056   (12826877 16919 1260 0) 512.0 (-0.0002574921 -0.0001964569)  1.000000  0.000110  3.6e-01  7.1e-02  1.4e-06  2.2e-06 0 0 0 0 0 1 0 fwd conv2d_host_validation_f16_CHECK_RESNET101_NCHW_CONFIG1_FWD_f16 (20 of 107)
12845056   (12827783 16086 1187 0) 4096.0 (-0.0003623962 -0.0001182556)  1.000000  0.000103  2.2e+00  1.9e-01  1.9e-06  2.1e-06 0 0 0 0 0 1 0 fwd conv2d_host_validation_f16_CHECK_RESNET101_NCHW_CONFIG2_FWD_f16 (21 of 107)
25690112   (25653196 34250 2666 0) 4128.0 (-0.0003356934 -0.0000896454)  2.000000  0.000112  1.8e+01  1.9e-01  2.5e-06  2.2e-06 0 0 0 0 0 1 0 bwd_data conv2d_host_validation_f16_CHECK_RESNET101_NCHW_CONFIG8_BWD_f16 (22 of 107)
102760448  (102692550 63366 4532 0) 1088.0 (-0.0000762939 -0.0001411438)  1.000000  0.000024  1.9e+00  2.9e-02  7.5e-07  1.5e-06 0 0 0 0 0 1 0 fwd conv2d_host_validation_f16_CHECK_RESNET101_NCHW_CONFIG8_FWD_f16 (23 of 107)
16384      (16042 306 36 0) 52.0 (3.8242187500 3.7226562500)  32.000000  0.040658  2.7e-02  2.7e-02  2.1e-05  0.0e+00 0 0 0 0 0 1 0 bwd_weight conv2d_host_validation_f16_CHECK_RESNET101_NCHW_CONFIG8_WRW_f16 (24 of 107)
12845056   (12826956 16872 1228 0) 2944.0 (0.0002326965 0.0000572205)  2.000000  0.000112  7.5e-01  9.3e-02  1.6e-06  2.3e-06 0 0 0 0 0 1 0 fwd conv2d_host_validation_f16_CHECK_RESNET101_NHWC_CONFIG1_FWD_f16 (25 of 107)
12845056   (12827559 16326 1171 0) 1600.0 (-0.0001678467 -0.0000724792)  1.000000  0.000102  9.6e-01  1.2e-01  1.5e-06  2.2e-06 0 0 0 0 0 1 0 fwd conv2d_host_validation_f16_CHECK_RESNET101_NHWC_CONFIG2_FWD_f16 (26 of 107)
25690112   (25653503 34036 2573 0) 2480.0 (-0.0002174377 -0.0005130768)  2.000000  0.000111  4.1e+00  1.7e-01  1.9e-06  2.4e-06 0 0 0 0 0 1 0 bwd_data conv2d_host_validation_f16_CHECK_RESNET101_NHWC_CONFIG8_BWD_f16 (27 of 107)
102760448  (102692147 63728 4573 0) 1730.0 (0.0001444817 0.0000413656)  0.500000  0.000024  2.1e+00  3.4e-02  8.2e-07  7.8e-07 0 0 0 0 0 1 0 fwd conv2d_host_validation_f16_CHECK_RESNET101_NHWC_CONFIG8_FWD_f16 (28 of 107)
16384      (16066 294 24 0) 34.0 (0.5532226562 0.5698242188)  16.000000  0.040551  3.0e-02  3.0e-02  1.8e-05  1.3e-05 0 0 0 0 0 1 0 bwd_weight conv2d_host_validation_f16_CHECK_RESNET101_NHWC_CONFIG8_WRW_f16 (29 of 107)
4194304    (4193987 308 9 0) 32.0 (0.0000534058 0.0000553131)  0.062500  0.000000  3.6e-02  1.6e-03  7.2e-08  2.8e-07 0 1 1 0 1 0 1 fwd conv2d_host_validation_f16_fwd_CHECK_FILTER1_f16 (30 of 107)
4194304    (4193982 310 12 0) 16.0 (0.0000572205 0.0000581741)  0.125000  0.000000  1.7e-02  1.5e-03  5.7e-08  3.7e-07 0 1 1 0 1 0 1 fwd conv2d_host_validation_f16_fwd_CHECK_FILTER2_f16 (31 of 107)
16777216   (16774592 2491 133 0) 128.0 (0.0000762939 0.0000839233)  0.250000  0.000002  1.0e-01  6.6e-03  1.4e-07  6.2e-07 0 1 1 0 1 0 1 fwd conv2d_host_validation_f16_fwd_CHECK_ISSUE_114_1_f16 (32 of 107)
16777216   (16774592 2491 133 0) 128.0 (0.0000762939 0.0000839233)  0.250000  0.000002  1.0e-01  6.6e-03  1.4e-07  6.2e-07 0 1 1 0 1 0 1 fwd conv2d_host_validation_f16_fwd_CHECK_ISSUE_114_2_f16 (33 of 107)
4194304    (4193660 613 31 0) 16.0 (0.0004425049 0.0004386902)  0.250000  0.000001  9.3e-03  1.5e-03  1.2e-07  6.6e-07 0 1 1 0 1 0 1 fwd conv2d_host_validation_f16_fwd_CHECK_ISSUE_114_3_f16 (34 of 107)
4194304    (4193660 613 31 0) 16.0 (0.0004425049 0.0004386902)  0.250000  0.000001  9.3e-03  1.5e-03  1.2e-07  6.6e-07 0 1 1 0 1 0 1 fwd conv2d_host_validation_f16_fwd_CHECK_ISSUE_114_4_f16 (35 of 107)
16777216   (16774688 2397 131 0) 128.0 (-0.0000381470 -0.0000457764)  0.250000  0.000002  7.5e-01  4.9e-03  2.0e-07  7.1e-07 0 1 1 0 1 0 1 fwd conv2d_host_validation_f16_fwd_CHECK_ISSUE_114_5_f16 (36 of 107)
16777216   (16774688 2397 131 0) 128.0 (-0.0000381470 -0.0000457764)  0.250000  0.000002  7.5e-01  4.9e-03  2.0e-07  7.1e-07 0 1 1 0 1 0 1 fwd conv2d_host_validation_f16_fwd_CHECK_ISSUE_114_6_f16 (37 of 107)
4194304    (4193659 607 38 0) 64.0 (0.0000000000 -0.0000038147)  0.250000  0.000002  1.8e-02  4.9e-03  1.3e-07  7.7e-07 0 1 1 0 1 0 1 fwd conv2d_host_validation_f16_fwd_CHECK_ISSUE_114_7_f16 (38 of 107)
4194304    (4193659 607 38 0) 64.0 (0.0000000000 -0.0000038147)  0.250000  0.000002  1.8e-02  4.9e-03  1.3e-07  7.7e-07 0 1 1 0 1 0 1 fwd conv2d_host_validation_f16_fwd_CHECK_ISSUE_114_8_f16 (39 of 107)
12845056   (12793189 47702 4165 0) 11392.0 (-0.0000619888 0.0006170273)  4.000000  0.001015  1.1e+01  1.4e+00  6.3e-06  1.1e-06 0 1 1 0 1 0 1 fwd conv2d_host_validation_f16_fwd_CHECK_ISSUE_127_11_f16 (40 of 107)
12845056   (12794821 46316 3919 0) 4880.0 (0.0028877258 0.0005607605)  16.000000  0.000958  1.3e+00  1.3e+00  4.7e-06  1.1e-06 0 1 1 0 1 0 1 fwd conv2d_host_validation_f16_fwd_CHECK_ISSUE_127_12_f16 (41 of 107)
12845056   (12796743 44601 3712 0) 26368.0 (0.0000305176 0.0016021729)  16.000000  0.000879  5.2e+01  7.4e-01  9.0e-06  1.1e-06 0 1 1 0 1 0 1 fwd conv2d_host_validation_f16_fwd_CHECK_ISSUE_127_13_f16 (42 of 107)
12845056   (12792814 48185 4057 0) 7520.0 (0.0021800995 0.0003871918)  4.000000  0.001043  3.8e+00  8.2e-01  5.0e-06  1.2e-06 0 1 1 0 1 0 1 fwd conv2d_host_validation_f16_fwd_CHECK_ISSUE_127_14_f16 (43 of 107)
12845056   (12791747 49096 4213 0) 14976.0 (0.0002441406 -0.0015411377)  16.000000  0.001061  7.3e+00  5.3e-01  5.9e-06  1.2e-06 0 1 1 0 1 0 1 fwd conv2d_host_validation_f16_fwd_CHECK_ISSUE_127_1_f16 (44 of 107)
6422528    (6385972 33466 3090 0) 79680.0 (-0.0046653748 0.0000839233)  8.000000  0.002103  2.4e+00  1.1e+00  7.4e-06  1.1e-06 0 1 1 0 1 0 1 fwd conv2d_host_validation_f16_fwd_CHECK_ISSUE_127_2_f16 (45 of 107)
25690112   (25613087 71132 5893 0) 11904.0 (0.0000152588 -0.0006942749)  4.000000  0.000525  4.6e+01  4.6e-01  5.5e-06  3.3e-06 0 1 1 0 1 0 1 fwd conv2d_host_validation_f16_fwd_CHECK_ISSUE_127_3_f16 (46 of 107)
12845056   (12792262 48599 4195 0) 5440.0 (-0.0001983643 0.0004501343)  4.000000  0.001059  3.3e+00  7.0e-01  5.3e-06  4.0e-06 0 1 1 0 1 0 1 fwd conv2d_host_validation_f16_fwd_CHECK_ISSUE_127_4_f16 (47 of 107)
12845056   (12794119 46954 3983 0) 27968.0 (0.0000076294 0.0016746521)  4.000000  0.000954  2.2e+02  3.3e-01  2.2e-05  4.0e-06 0 1 1 0 1 0 1 fwd conv2d_host_validation_f16_fwd_CHECK_ISSUE_127_5_f16 (48 of 107)
7372800    (7367627 4843 330 0) 256.0 (-0.0001068115 -0.0000915527)  0.500000  0.000028  1.4e-01  2.3e-02  7.0e-07  1.6e-06 0 1 1 0 1 0 1 fwd conv2d_host_validation_f16_fwd_CHECK_ISSUE_40_1_f16 (49 of 107)
3440640    (3436983 3402 255 0) 90.0 (0.0039367676 0.0037651062)  1.000000  0.000059  6.7e-02  5.4e-02  1.1e-06  2.0e-06 0 1 1 0 1 0 1 fwd conv2d_host_validation_f16_fwd_CHECK_ISSUE_40_2_f16 (50 of 107)
6422528    (6411049 10640 839 0) 528.0 (-0.0002155304 -0.0001525879)  2.000000  0.000179  2.9e-01  1.3e-01  2.0e-06  2.7e-06 0 1 1 0 1 0 1 fwd conv2d_host_validation_f16_fwd_CHECK_ISSUE_40_3_f16 (51 of 107)
14745600   (14727567 16839 1194 0) 768.0 (-0.0001068115 -0.0000610352)  1.000000  0.000081  4.7e-01  6.0e-02  1.3e-06  2.2e-06 0 1 1 0 1 0 1 fwd conv2d_host_validation_f16_fwd_CHECK_ISSUE_40_4_f16 (52 of 107)
6881280    (6874764 6066 450 0) 1536.0 (-0.0001525879 -0.0000610352)  1.000000  0.000049  1.2e+00  6.6e-02  1.3e-06  1.8e-06 0 1 0 0 0 0 1 fwd conv2d_host_validation_f16_fwd_CHECK_ISSUE_40_5_f16 (53 of 107)
1048576    (1047173 1307 96 0) 83.0 (-0.0006113052 -0.0006508827)  1.000000  0.000089  6.5e-02  3.5e-02  1.3e-06  2.4e-06 0 1 1 0 1 0 1 fwd conv2d_host_validation_f16_fwd_CHECK_ISSUE_41_10_f16 (54 of 107)
12845056   (12836060 8389 607 0) 576.0 (0.0000457764 0.0000114441)  0.500000  0.000028  7.5e-01  8.5e-02  7.6e-07  1.5e-06 0 1 1 0 1 0 1 fwd conv2d_host_validation_f16_fwd_CHECK_ISSUE_41_11_f16 (55 of 107)
9437184    (9425206 11203 775 0) 1408.0 (0.0000000000 -0.0000839233)  1.000000  0.000088  3.3e-01  1.5e-01  1.3e-06  2.2e-06 0 1 1 0 1 0 1 fwd conv2d_host_validation_f16_fwd_CHECK_ISSUE_41_12_f16 (56 of 107)
921600     (920916 648 36 0) 64.0 (-0.0004806519 -0.0004959106)  0.500000  0.000030  3.2e-02  2.3e-02  7.2e-07  1.8e-06 0 1 1 0 1 0 1 fwd conv2d_host_validation_f16_fwd_CHECK_ISSUE_41_2_f16 (57 of 107)
1605632    (1604486 1067 79 0) 768.0 (0.0000495911 0.0000038147)  0.500000  0.000029  9.2e-01  1.4e-02  1.3e-06  1.8e-06 0 1 1 0 1 0 1 fwd conv2d_host_validation_f16_fwd_CHECK_ISSUE_41_3_f16 (58 of 107)
200704     (200586 106 12 0) 12.0 (-0.0038986206 -0.0039215088)  0.250000  0.000019  5.9e-03  3.1e-03  5.0e-07  1.3e-06 0 1 1 0 1 0 1 fwd conv2d_host_validation_f16_fwd_CHECK_ISSUE_41_4_f16 (59 of 107)
1605632    (1603959 1567 106 0) 90.0 (0.0039367676 0.0037651062)  1.000000  0.000056  4.4e-02  4.4e-02  1.0e-06  2.2e-06 0 1 1 0 1 0 1 fwd conv2d_host_validation_f16_fwd_CHECK_ISSUE_41_5_f16 (60 of 107)
802816     (802266 516 34 0) 768.0 (0.0000495911 0.0000038147)  0.500000  0.000024  9.2e-01  3.1e-03  1.9e-06  1.6e-06 0 1 1 0 1 0 1 fwd conv2d_host_validation_f16_fwd_CHECK_ISSUE_41_6_f16 (61 of 107)
4194304    (4191484 2623 197 0) 128.0 (0.0001754761 0.0001602173)  0.500000  0.000026  8.7e-02  5.4e-02  6.6e-07  1.6e-06 0 1 1 0 1 0 1 fwd conv2d_host_validation_f16_fwd_CHECK_ISSUE_41_7_f16 (62 of 107)
3211264    (3207508 3481 275 0) 830.0 (0.0004673004 0.0006651878)  1.000000  0.000077  4.2e-01  3.5e-02  1.4e-06  2.1e-06 0 1 1 0 1 0 1 fwd conv2d_host_validation_f16_fwd_CHECK_ISSUE_41_8_f16 (63 of 107)
2359296    (2357639 1537 120 0) 320.0 (-0.0000152588 0.0000038147)  0.500000  0.000029  1.2e+00  1.3e-02  1.2e-06  1.7e-06 0 1 1 0 1 0 1 fwd conv2d_host_validation_f16_fwd_CHECK_ISSUE_41_9_f16 (64 of 107)
25690112   (25617157 67506 5449 0) 12912.0 (-0.0002136230 -0.0017528534)  4.000000  0.000473  1.1e+01  4.0e-01  4.3e-06  3.4e-06 0 1 1 0 1 0 1 fwd conv2d_host_validation_f16_fwd_CHECK_KCYX_NCHW_NKHW1_f16 (65 of 107)
3686400    (3684786 1498 116 0) 512.0 (0.0001525879 0.0001220703)  0.500000  0.000011  5.7e-01  1.3e-02  6.2e-07  1.3e-06 0 1 1 0 1 0 1 fwd conv2d_host_validation_f16_fwd_CHECK_KCYX_NCHW_NKHW2_f16 (66 of 107)
409600     (409425 162 13 0) 64.0 (-0.0019817352 -0.0019207001)  0.500000  0.000010  3.1e-02  1.6e-02  4.5e-07  1.4e-06 0 1 1 0 1 0 1 fwd conv2d_host_validation_f16_fwd_CHECK_KCYX_NCHW_NKHW3_f16 (67 of 107)
147456     (147386 66 4 0) 7.0 (0.0077323914 0.0077056885)  0.250000  0.000015  3.5e-03  3.5e-03  3.7e-07  1.6e-06 0 1 1 0 1 0 1 fwd conv2d_host_validation_f16_fwd_CHECK_KCYX_NCHW_NKHW4_f16 (68 of 107)
102400     (102345 51 4 0) 64.0 (-0.0019817352 -0.0019207001)  0.250000  0.000009  3.1e-02  2.8e-03  6.9e-07  1.3e-06 0 1 1 0 1 0 1 fwd conv2d_host_validation_f16_fwd_CHECK_KCYX_NCHW_NKHW5_f16 (69 of 107)
15745024   (15738474 6118 432 0) 256.0 (0.0000343323 0.0000190735)  0.500000  0.000011  5.0e-01  2.4e-02  4.5e-07  1.2e-06 0 1 1 0 1 0 1 fwd conv2d_host_validation_f16_fwd_CHECK_KCYX_NCHW_NKHW6_f16 (70 of 107)
13778944   (13765355 12646 943 0) 1024.0 (0.0000457764 -0.0000152588)  1.000000  0.000051  1.3e+00  6.9e-02  1.1e-06  1.8e-06 0 1 1 0 1 0 1 fwd conv2d_host_validation_f16_fwd_CHECK_KCYX_NCHW_NKHW7_f16 (71 of 107)
25690112   (25617706 67023 5383 0) 5120.0 (0.0002288818 -0.0000762939)  32.000000  0.000460  3.1e+00  3.6e-01  3.5e-06  5.4e-07 0 1 1 0 1 0 1 fwd conv2d_host_validation_f16_fwd_CHECK_KYXC_NHWC_NHWK1_f16 (72 of 107)
3686400    (3684680 1609 111 0) 64.0 (0.0002746582 0.0002899170)  0.500000  0.000013  5.6e-02  1.5e-02  4.4e-07  1.5e-06 0 1 1 0 1 0 1 fwd conv2d_host_validation_f16_fwd_CHECK_KYXC_NHWC_NHWK2_f16 (73 of 107)
409600     (409377 210 13 0) 16.0 (0.0029525757 0.0029220581)  0.250000  0.000016  1.0e-02  1.0e-02  4.3e-07  1.8e-06 0 1 1 0 1 0 1 fwd conv2d_host_validation_f16_fwd_CHECK_KYXC_NHWC_NHWK3_f16 (74 of 107)
147456     (147405 46 5 0) 256.0 (-0.0001068115 -0.0001220703)  0.250000  0.000010  1.4e-01  1.6e-03  1.2e-06  1.3e-06 0 1 1 0 1 0 1 fwd conv2d_host_validation_f16_fwd_CHECK_KYXC_NHWC_NHWK4_f16 (75 of 107)
102400     (102348 50 2 0) 4.0 (-0.0148391724 -0.0148086548)  0.250000  0.000016  2.1e-03  9.6e-04  3.8e-07  1.9e-06 0 1 1 0 1 0 1 fwd conv2d_host_validation_f16_fwd_CHECK_KYXC_NHWC_NHWK5_f16 (76 of 107)
15745024   (15738427 6159 438 0) 240.0 (0.0002517700 0.0002231598)  0.500000  0.000011  2.5e-01  1.7e-02  4.4e-07  1.2e-06 0 1 1 0 1 0 1 fwd conv2d_host_validation_f16_fwd_CHECK_KYXC_NHWC_NHWK6_f16 (77 of 107)
13778944   (13765190 12805 949 0) 1152.0 (-0.0000610352 -0.0001296997)  1.000000  0.000053  2.0e+00  1.5e-01  1.3e-06  1.8e-06 0 1 1 0 1 0 1 fwd conv2d_host_validation_f16_fwd_CHECK_KYXC_NHWC_NHWK7_f16 (78 of 107)
802816     (802497 297 22 0) 38.0 (0.0007553101 0.0007371902)  0.500000  0.000011  2.4e-02  3.5e-03  3.4e-07  1.4e-06 0 1 1 0 1 0 1 fwd conv2d_host_validation_f16_fwd_CHECK_PADDING1_f16 (79 of 107)
802816     (802491 300 25 0) 256.0 (-0.0001068115 -0.0001220703)  0.250000  0.000013  1.4e-01  5.1e-03  5.1e-07  1.5e-06 0 1 1 0 1 0 1 fwd conv2d_host_validation_f16_fwd_CHECK_PADDING2_f16 (80 of 107)
2048       (2048 0 0 0) 0.0 (0.0000000000 0.0000000000)  0.000000  0.000000  0.0e+00  0.0e+00  0.0e+00  0.0e+00 0 1 1 0 1 0 1 fwd conv2d_host_validation_f16_fwd_CHECK_PADDING3_f16 (81 of 107)
205520896  (205384523 127485 8888 0) 1816.0 (-0.0000686646 0.0000395775)  1.000000  0.000025  4.3e+00  7.1e-02  7.8e-07  1.5e-06 0 1 0 0 1 0 1 fwd conv2d_host_validation_f32_fwd_GROUP_NCHW_f16 (82 of 107)
51380224   (51345921 31984 2319 0) 864.0 (0.0000419617 0.0000934601)  0.500000  0.000025  2.0e+00  3.0e-02  7.8e-07  1.6e-06 1 0 0 0 0 1 0 fwd conv2d_host_validation_random_CHECK_KCYX_NCHW_NKHW_5_f16 (83 of 107)
51380224   (51345921 31984 2319 0) 864.0 (0.0000419617 0.0000934601)  0.500000  0.000025  2.0e+00  3.0e-02  7.8e-07  1.6e-06 1 0 0 0 0 1 0 fwd conv2d_host_validation_random_CHECK_KCYX_NCHW_NKHW_6_f16 (84 of 107)
47775744   (47673295 94909 7540 0) 12704.0 (0.0000462532 -0.0007109642)  2.000000  0.000258  1.6e+01  4.0e-01  3.1e-06  2.9e-06 1 0 0 0 0 1 0 fwd conv2d_host_validation_random_CHECK_KCYX_NCHW_NKHW_7_f16 (85 of 107)
51380224   (51271568 100664 7992 0) 12704.0 (0.0000462532 -0.0007109642)  2.000000  0.000252  1.6e+01  4.0e-01  3.0e-06  2.9e-06 1 0 0 0 0 1 0 fwd conv2d_host_validation_random_CHECK_KCYX_NCHW_NKHW_8_f16 (86 of 107)
16777216   (16774592 2491 133 0) 128.0 (0.0000762939 0.0000839233)  0.250000  0.000002  1.0e-01  6.6e-03  1.4e-07  6.2e-07 1 0 0 0 0 1 0 fwd conv2d_host_validation_random_CHECK_KYXC_NHWC_NHWK_4_f16 (87 of 107)
16777216   (16774592 2491 133 0) 128.0 (0.0000762939 0.0000839233)  0.250000  0.000002  1.0e-01  6.6e-03  1.4e-07  6.2e-07 1 0 0 0 0 1 0 fwd conv2d_host_validation_random_CHECK_KYXC_NHWC_NHWK_5_f16 (88 of 107)
25690112   (25617157 67506 5449 0) 12912.0 (-0.0002136230 -0.0017528534)  4.000000  0.000473  1.1e+01  4.0e-01  4.3e-06  3.4e-06 1 0 1 0 0 1 0 fwd conv2d_host_validation_random_CHECK_RAND_FLOAT_2_f16 (89 of 107)
205520896  (205384211 127633 9052 0) 1024.0 (0.0000534058 0.0001144409)  1.000000  0.000024  3.2e+00  4.6e-02  7.5e-07  7.9e-07 1 0 0 0 0 1 0 fwd conv2d_host_validation_random_GROUP_NHWC_f16 (90 of 107)
30720      (30690 26 4 0) 4.0 (0.0320434570 0.0321655273)  0.500000  0.000068  3.8e-03  3.8e-03  8.3e-07  3.1e-06 0 1 0 0 1 0 1 fwd padding_kernel_all_fwd_CHECK_RESNET50_CONFIG2_f16 (91 of 107)
30720      (30688 29 3 0) 2.0 (0.0502014160 0.0502624512)  0.500000  0.000046  1.3e-03  1.3e-03  7.4e-07  2.4e-06 0 1 0 0 1 0 1 fwd padding_kernel_all_fwd_CHECK_RESNET50_CONFIG4_f16 (92 of 107)
882        (877 5 0 0) 1.0 (472.7500000000 473.0000000000)  0.250000  0.000326  7.2e-04  7.0e-04  3.5e-06  1.0e-06 0 1 0 0 1 0 1 bwd_weight padding_kernel_all_wrw_CHECK_RESNET50_CONFIG2_f16 (93 of 107)
882        (877 4 1 0) 8.0 (1.3359375000 1.3281250000)  0.250000  0.000507  5.8e-03  5.8e-03  9.4e-06  1.2e-06 0 1 0 0 1 0 1 bwd_weight padding_kernel_all_wrw_CHECK_RESNET50_CONFIG4_f16 (94 of 107)
205520896  (205304095 202146 14655 0) 2112.0 (0.0001068115 -0.0000190735)  1.000000  0.000060  1.1e+01  1.4e-01  1.3e-06  1.8e-06 0 1 1 0 1 0 1 fwd padding_kernel_gemmK_CHECK_RESNET50_F16_CONFIG1 (95 of 107)
205520896  (205302877 202927 15092 0) 2176.0 (-0.0000267029 0.0001029968)  1.000000  0.000061  6.0e+00  2.7e-01  1.3e-06  1.9e-06 0 1 1 0 1 0 1 fwd padding_kernel_gemmK_CHECK_RESNET50_F16_CONFIG2 (96 of 107)
205520896  (205301735 204012 15149 0) 2304.0 (-0.0001220703 -0.0002593994)  1.000000  0.000062  3.2e+01  2.5e-01  1.4e-06  1.8e-06 0 1 1 0 1 0 1 fwd padding_kernel_gemmK_CHECK_RESNET50_F16_CONFIG4 (97 of 107)
9408       (8899 440 69 0) 74.0 (-9.9062500000 -9.3281250000)  32.000000  0.359702  5.8e-02  1.5e-02  7.5e-05  0.0e+00 0 1 1 0 1 0 1 bwd_weight padding_kernel_gemmN_CHECK_RESNET50_CONFIG2 (98 of 107)
9408       (8902 443 63 0) 180.0 (-2.4863281250 -2.8378906250)  32.000000  0.372038  1.4e-01  5.9e-02  8.0e-05  0.0e+00 0 1 1 0 1 0 1 bwd_weight padding_kernel_gemmN_CHECK_RESNET50_CONFIG4 (99 of 107)
6422528    (6403705 17361 1462 0) 5472.0 (-0.0001373291 -0.0007896423)  2.000000  0.000507  4.8e+00  7.6e-01  4.2e-06  3.4e-06 0 0 0 0 1 0 1 fwd Resnet50_validation_nchw_CHECK_NCHW_1_f16 (100 of 107)
25690112   (25664823 23565 1724 0) 1216.0 (-0.0000877380 -0.0000152588)  1.000000  0.000052  1.8e+00  8.4e-02  1.2e-06  1.7e-06 0 0 0 0 1 0 1 fwd Resnet50_validation_nchw_CHECK_NCHW_2_f16 (101 of 107)
147456     (145300 1960 196 0) 153.0 (-0.0906372070 -0.0812988281)  16.000000  0.020430  1.0e-01  1.9e-02  1.5e-05  0.0e+00 0 0 0 0 1 0 1 bwd_weight Resnet50_validation_nchw_CHECK_NCHW_3_f16 (102 of 107)
65536      (64601 843 92 0) 137.0 (0.0930786133 0.0847167969)  16.000000  0.018952  9.0e-02  9.0e-02  1.6e-05  7.2e-06 0 0 0 0 1 0 1 bwd_weight Resnet50_validation_nchw_CHECK_NCHW_4_f16 (103 of 107)
6422528    (6403830 17246 1452 0) 3208.0 (-0.0000762939 0.0001149178)  4.000000  0.000495  2.5e+00  4.0e-01  3.6e-06  1.3e-06 0 0 0 0 1 0 1 fwd Resnet50_validation_nhwc_CHECK_NHWC_1_f16 (104 of 107)
25690112   (25664824 23596 1692 0) 2048.0 (-0.0002288818 -0.0001068115)  1.000000  0.000053  6.7e-01  1.1e-01  1.1e-06  7.3e-07 0 0 0 0 1 0 1 fwd Resnet50_validation_nhwc_CHECK_NHWC_2_f16 (105 of 107)
147456     (145236 1989 231 0) 211.0 (-0.1091918945 -0.1220703125)  16.000000  0.020496  1.2e-01  3.9e-02  1.8e-05  0.0e+00 0 0 0 0 1 0 1 bwd_weight Resnet50_validation_nhwc_CHECK_NHWC_3_f16 (106 of 107)
65536      (64616 834 86 0) 35.0 (0.3723144531 0.3808593750)  16.000000  0.019344  2.3e-02  2.3e-02  1.4e-05  9.1e-06 0 0 0 0 1 0 1 bwd_weight Resnet50_validation_nhwc_CHECK_NHWC_4_f16 (107 of 107)
