25690112   (25651518 35894 2700 0) 2216.0 (0.0001626015 0.0000305176)  2.000000  0.000220  2.3e+00  1.5e-01  1.8e-06  3.5e-07 1 0 0 0 0 1 0 fwd conv2d_harness_cpu_verifier_kyxc_nhwc_nhwk_f16_E2E_f16 (1 of 107)
802816     (802440 350 26 0) 70.0 (-0.0003457069 -0.0003623962)  0.500000  0.000015  4.8e-02  6.3e-03  4.3e-07  1.3e-06 0 1 1 0 1 0 1 bwd_data conv2d_host_validation_f16_bwd_CHECK_BWD_DATA1 (2 of 107)
4096       (4089 7 0 0) 1.0 (1.4453125000 1.4443359375)  0.125000  0.000062  6.8e-04  6.8e-04  9.7e-07  0.0e+00 0 1 1 0 1 0 1 bwd_weight conv2d_host_validation_f16_bwd_CHECK_BWD_WEIGHT1 (3 of 107)
147456     (147114 312 30 0) 17.0 (-0.1284179688 -0.1304931641)  8.000000  0.001514  1.6e-02  5.7e-03  2.1e-06  2.2e-06 0 1 1 0 1 0 1 bwd_weight conv2d_host_validation_f16_bwd_CHECK_ISSUE_127_10 (4 of 107)
294912     (294302 560 50 0) 374.0 (0.0087509155 0.0073242188)  8.000000  0.001065  1.6e-01  1.6e-01  2.9e-06  2.5e-06 0 1 1 0 1 0 1 bwd_weight conv2d_host_validation_f16_bwd_CHECK_ISSUE_127_15 (5 of 107)
589824     (588642 1078 104 0) 73.0 (0.0452575684 0.0474853516)  4.000000  0.000688  4.9e-02  4.9e-02  2.0e-06  0.0e+00 0 1 1 0 1 0 1 bwd_weight conv2d_host_validation_f16_bwd_CHECK_ISSUE_127_16 (6 of 107)
1179648    (1177396 2075 177 0) 70.0 (-0.0066223145 -0.0063552856)  4.000000  0.000475  4.8e-02  4.8e-02  1.9e-06  2.0e-06 0 1 1 0 1 0 1 bwd_weight conv2d_host_validation_f16_bwd_CHECK_ISSUE_127_17 (7 of 107)
147456     (146145 1190 121 0) 297.0 (-0.0230865479 -0.0185546875)  32.000000  0.015132  2.0e-01  5.5e-02  1.2e-05  0.0e+00 0 1 1 0 1 0 1 bwd_weight conv2d_host_validation_f16_bwd_CHECK_ISSUE_127_18 (8 of 107)
2097152    (2093094 3773 285 0) 315.0 (0.0028171539 0.0034179688)  4.000000  0.000368  2.1e-01  2.1e-01  2.0e-06  2.1e-06 0 1 1 0 1 0 1 bwd_weight conv2d_host_validation_f16_bwd_CHECK_ISSUE_127_6 (9 of 107)
262144     (261568 539 37 0) 50.0 (0.0237426758 0.0229797363)  8.000000  0.000863  3.2e-02  3.2e-02  2.1e-06  2.4e-06 0 1 1 0 1 0 1 bwd_weight conv2d_host_validation_f16_bwd_CHECK_ISSUE_127_7 (10 of 107)
147456     (147132 302 22 0) 60.0 (-0.0385742188 -0.0404052734)  16.000000  0.001561  4.7e-02  1.5e-02  2.6e-06  2.3e-06 0 1 1 0 1 0 1 bwd_weight conv2d_host_validation_f16_bwd_CHECK_ISSUE_127_8 (11 of 107)
147456     (147135 294 27 0) 39.0 (-0.0792236328 -0.0816040039)  16.000000  0.001891  3.0e-02  7.6e-03  2.3e-06  0.0e+00 0 1 1 0 1 0 1 bwd_weight conv2d_host_validation_f16_bwd_CHECK_ISSUE_127_9 (12 of 107)
1024       (1023 0 1 0) 2.0 (0.1633300781 0.1630859375)  0.000244  0.000000  1.5e-03  1.5e-03  1.5e-06  1.2e-09 0 1 1 0 1 0 1 bwd_weight conv2d_host_validation_f16_bwd_CHECK_ISSUE_70_1 (13 of 107)
65536      (65301 227 8 0) 11.0 (0.7578125000 0.7631835938)  8.000000  0.003594  7.1e-03  7.1e-03  2.8e-06  0.0e+00 0 1 1 0 1 0 1 bwd_weight conv2d_host_validation_f16_bwd_CHECK_ISSUE_70_2 (14 of 107)
4096       (4091 5 0 0) 1.0 (0.2998046875 0.3000488281)  0.015625  0.000012  9.5e-04  9.5e-04  9.1e-07  6.6e-08 0 1 1 0 1 0 1 bwd_weight conv2d_host_validation_f16_bwd_CHECK_ISSUE_70_3 (15 of 107)
1024       (1024 0 0 0) 0.0 (0.0000000000 0.0000000000)  0.000000  0.000000  0.0e+00  0.0e+00  0.0e+00  0.0e+00 0 1 1 0 1 0 1 bwd_weight conv2d_host_validation_f16_bwd_CHECK_ISSUE_71_1 (16 of 107)
1024       (1022 2 0 0) 1.0 (2424.0000000000 2422.0000000000)  2.000000  0.003906  8.3e-04  8.3e-04  1.6e-06  0.0e+00 0 1 1 0 1 0 1 bwd_weight conv2d_host_validation_f16_bwd_CHECK_ISSUE_71_2 (17 of 107)
1024       (1022 2 0 0) 1.0 (47.4687500000 47.4375000000)  0.031250  0.000061  6.6e-04  6.6e-04  1.3e-06  0.0e+00 0 1 1 0 1 0 1 bwd_weight conv2d_host_validation_f16_bwd_CHECK_ISSUE_71_3 (18 of 107)
1024       (1023 1 0 0) 1.0 (510.2500000000 510.0000000000)  0.250000  0.000244  4.9e-04  4.9e-04  4.8e-07  1.1e-06 0 1 1 0 1 0 1 bwd_weight conv2d_host_validation_f16_bwd_CHECK_ISSUE_71_4 (19 of 107)
12845056   (12833745 10605 706 0) 585.0 (0.0001629591 0.0002326965)  1.000000  0.000061  4.3e-01  4.9e-02  8.8e-07  1.6e-06 0 0 0 0 0 1 0 fwd conv2d_host_validation_f16_CHECK_RESNET101_NCHW_CONFIG1_FWD_f16 (20 of 107)
12845056   (12834216 10074 766 0) 476.0 (-0.0002913475 -0.0002346039)  1.000000  0.000054  2.4e-01  7.1e-02  9.0e-07  1.5e-06 0 0 0 0 0 1 0 fwd conv2d_host_validation_f16_CHECK_RESNET101_NCHW_CONFIG2_FWD_f16 (21 of 107)
25690112   (25668648 19994 1470 0) 1626.0 (-0.0001884699 -0.0000915527)  2.000000  0.000056  1.8e+00  6.6e-02  9.6e-07  1.5e-06 0 0 0 0 0 1 0 bwd_data conv2d_host_validation_f16_CHECK_RESNET101_NCHW_CONFIG8_BWD_f16 (22 of 107)
102760448  (102710129 47213 3106 0) 974.0 (0.0000258684 0.0000839233)  0.500000  0.000015  2.2e+00  2.6e-02  5.3e-07  1.1e-06 0 0 0 0 0 1 0 fwd conv2d_host_validation_f16_CHECK_RESNET101_NCHW_CONFIG8_FWD_f16 (23 of 107)
16384      (16324 55 5 0) 6.0 (1.7675781250 1.7734375000)  16.000000  0.002897  3.3e-03  3.3e-03  2.8e-06  0.0e+00 0 0 0 0 0 1 0 bwd_weight conv2d_host_validation_f16_CHECK_RESNET101_NCHW_CONFIG8_WRW_f16 (24 of 107)
12845056   (12834204 10145 707 0) 2860.0 (0.0002238750 0.0000534058)  1.000000  0.000058  7.6e-01  8.4e-02  9.2e-07  1.6e-06 0 0 0 0 0 1 0 fwd conv2d_host_validation_f16_CHECK_RESNET101_NHWC_CONFIG1_FWD_f16 (25 of 107)
12845056   (12834680 9699 677 0) 558.0 (-0.0001095533 -0.0000762939)  1.000000  0.000052  3.0e-01  6.1e-02  8.6e-07  1.5e-06 0 0 0 0 0 1 0 fwd conv2d_host_validation_f16_CHECK_RESNET101_NHWC_CONFIG2_FWD_f16 (26 of 107)
25690112   (25668679 19983 1450 0) 679.0 (0.0000072122 0.0000476837)  1.000000  0.000056  5.6e+00  7.5e-02  1.2e-06  1.7e-06 0 0 0 0 0 1 0 bwd_data conv2d_host_validation_f16_CHECK_RESNET101_NHWC_CONFIG8_BWD_f16 (27 of 107)
102760448  (102710260 47028 3160 0) 742.0 (0.0000938177 0.0000495911)  1.000000  0.000015  3.3e+00  3.4e-02  6.3e-07  6.0e-07 0 0 0 0 0 1 0 fwd conv2d_host_validation_f16_CHECK_RESNET101_NHWC_CONFIG8_FWD_f16 (28 of 107)
16384      (16324 56 4 0) 9.0 (0.5727539062 0.5683593750)  16.000000  0.004188  7.7e-03  7.7e-03  3.1e-06  3.8e-06 0 0 0 0 0 1 0 bwd_weight conv2d_host_validation_f16_CHECK_RESNET101_NHWC_CONFIG8_WRW_f16 (29 of 107)
4194304    (4194023 271 10 0) 32.0 (0.0000553131 0.0000534058)  0.125000  0.000000  3.4e-02  1.6e-03  6.7e-08  3.7e-07 0 1 1 0 1 0 1 fwd conv2d_host_validation_f16_fwd_CHECK_FILTER1_f16 (30 of 107)
4194304    (4194027 261 16 0) 16.0 (0.0000581741 0.0000572205)  0.062500  0.000000  1.6e-02  3.1e-03  5.2e-08  3.2e-07 0 1 1 0 1 0 1 fwd conv2d_host_validation_f16_fwd_CHECK_FILTER2_f16 (31 of 107)
16777216   (16774251 2795 170 0) 112.0 (0.0000829697 0.0000762939)  0.250000  0.000001  8.0e-02  7.1e-03  1.6e-07  6.0e-07 0 1 1 0 1 0 1 fwd conv2d_host_validation_f16_fwd_CHECK_ISSUE_114_1_f16 (32 of 107)
16777216   (16774251 2795 170 0) 112.0 (0.0000829697 0.0000762939)  0.250000  0.000001  8.0e-02  7.1e-03  1.6e-07  6.0e-07 0 1 1 0 1 0 1 fwd conv2d_host_validation_f16_fwd_CHECK_ISSUE_114_2_f16 (33 of 107)
4194304    (4193587 687 30 0) 16.0 (-0.0009536743 -0.0009613037)  0.250000  0.000001  1.2e-02  2.9e-03  1.3e-07  7.1e-07 0 1 1 0 1 0 1 fwd conv2d_host_validation_f16_fwd_CHECK_ISSUE_114_3_f16 (34 of 107)
4194304    (4193587 687 30 0) 16.0 (-0.0009536743 -0.0009613037)  0.250000  0.000001  1.2e-02  2.9e-03  1.3e-07  7.1e-07 0 1 1 0 1 0 1 fwd conv2d_host_validation_f16_fwd_CHECK_ISSUE_114_4_f16 (35 of 107)
16777216   (16774258 2784 174 0) 209.0 (0.0005335808 0.0006332397)  0.250000  0.000001  1.0e+00  5.4e-03  2.9e-07  6.5e-07 0 1 1 0 1 0 1 fwd conv2d_host_validation_f16_fwd_CHECK_ISSUE_114_5_f16 (36 of 107)
16777216   (16774258 2784 174 0) 209.0 (0.0005335808 0.0006332397)  0.250000  0.000001  1.0e+00  5.4e-03  2.9e-07  6.5e-07 0 1 1 0 1 0 1 fwd conv2d_host_validation_f16_fwd_CHECK_ISSUE_114_6_f16 (37 of 107)
4194304    (4193563 690 51 0) 209.0 (0.0005335808 0.0006332397)  0.250000  0.000002  1.0e+00  3.1e-03  4.6e-07  7.2e-07 0 1 1 0 1 0 1 fwd conv2d_host_validation_f16_fwd_CHECK_ISSUE_114_7_f16 (38 of 107)
4194304    (4193563 690 51 0) 209.0 (0.0005335808 0.0006332397)  0.250000  0.000002  1.0e+00  3.1e-03  4.6e-07  7.2e-07 0 1 1 0 1 0 1 fwd conv2d_host_validation_f16_fwd_CHECK_ISSUE_114_8_f16 (39 of 107)
12845056   (12818369 24710 1977 0) 8476.0 (-0.0000517368 -0.0005569458)  4.000000  0.000466  9.8e+00  1.8e-01  3.9e-06  7.5e-07 0 1 1 0 1 0 1 fwd conv2d_host_validation_f16_fwd_CHECK_ISSUE_127_11_f16 (40 of 107)
12845056   (12818792 24345 1919 0) 5812.0 (-0.0003578663 -0.0000114441)  4.000000  0.000453  2.8e+00  4.6e-01  2.8e-06  7.5e-07 0 1 1 0 1 0 1 fwd conv2d_host_validation_f16_fwd_CHECK_ISSUE_127_12_f16 (41 of 107)
12845056   (12820311 22928 1817 0) 3649.0 (-0.0003955364 -0.0012655258)  16.000000  0.000399  2.2e+00  2.3e-01  2.5e-06  7.1e-07 0 1 1 0 1 0 1 fwd conv2d_host_validation_f16_fwd_CHECK_ISSUE_127_13_f16 (42 of 107)
12845056   (12818281 24804 1971 0) 6863.0 (0.0001038909 -0.0003051758)  4.000000  0.000482  3.9e+00  4.7e-01  2.6e-06  8.1e-07 0 1 1 0 1 0 1 fwd conv2d_host_validation_f16_fwd_CHECK_ISSUE_127_14_f16 (43 of 107)
12845056   (12817679 25417 1960 0) 13389.0 (-0.0002120733 -0.0018081665)  4.000000  0.000486  7.5e+00  2.0e-01  3.5e-06  8.1e-07 0 1 1 0 1 0 1 fwd conv2d_host_validation_f16_fwd_CHECK_ISSUE_127_1_f16 (44 of 107)
6422528    (6404118 17005 1405 0) 11672.0 (0.0011548996 -0.0002365112)  4.000000  0.000969  1.5e+00  1.2e+00  3.7e-06  7.2e-07 0 1 1 0 1 0 1 fwd conv2d_host_validation_f16_fwd_CHECK_ISSUE_127_2_f16 (45 of 107)
25690112   (25649452 37773 2887 0) 6412.0 (0.0003135204 -0.0000686646)  4.000000  0.000249  4.5e+00  3.0e-01  2.1e-06  2.3e-06 0 1 1 0 1 0 1 fwd conv2d_host_validation_f16_fwd_CHECK_ISSUE_127_3_f16 (46 of 107)
12845056   (12817513 25465 2078 0) 1302.0 (-0.0006422997 -0.0003318787)  4.000000  0.000496  7.9e-01  3.9e-01  2.4e-06  2.8e-06 0 1 1 0 1 0 1 fwd conv2d_host_validation_f16_fwd_CHECK_ISSUE_127_4_f16 (47 of 107)
12845056   (12817766 25301 1989 0) 3304.0 (-0.0000443459 0.0001525879)  4.000000  0.000459  4.4e+00  6.3e-01  2.9e-06  2.8e-06 0 1 1 0 1 0 1 fwd conv2d_host_validation_f16_fwd_CHECK_ISSUE_127_5_f16 (48 of 107)
7372800    (7369004 3556 240 0) 142.0 (-0.0002610683 -0.0002441406)  0.500000  0.000017  7.9e-02  1.7e-02  4.9e-07  1.2e-06 0 1 1 0 1 0 1 fwd conv2d_host_validation_f16_fwd_CHECK_ISSUE_40_1_f16 (49 of 107)
3440640    (3438397 2068 175 0) 137.0 (0.0001689196 0.0001525879)  1.000000  0.000028  9.7e-02  1.9e-02  6.9e-07  1.3e-06 0 1 1 0 1 0 1 fwd conv2d_host_validation_f16_fwd_CHECK_ISSUE_40_2_f16 (50 of 107)
6422528    (6416135 5966 427 0) 368.0 (-0.0001678467 -0.0002117157)  2.000000  0.000088  2.6e-01  5.5e-02  1.0e-06  1.9e-06 0 1 1 0 1 0 1 fwd conv2d_host_validation_f16_fwd_CHECK_ISSUE_40_3_f16 (51 of 107)
14745600   (14734491 10408 701 0) 800.0 (0.0000209808 0.0000686646)  1.000000  0.000043  2.3e+00  3.8e-02  9.0e-07  1.6e-06 0 1 1 0 1 0 1 fwd conv2d_host_validation_f16_fwd_CHECK_ISSUE_40_4_f16 (52 of 107)
6881280    (6877024 3995 261 0) 940.0 (-0.0001552105 -0.0000991821)  1.000000  0.000030  2.9e+00  2.0e-02  1.8e-06  1.4e-06 0 1 0 0 0 0 1 fwd conv2d_host_validation_f16_fwd_CHECK_ISSUE_40_5_f16 (53 of 107)
1048576    (1047782 748 46 0) 52.0 (-0.0006542206 -0.0006790161)  1.000000  0.000046  3.8e-02  2.5e-02  6.5e-07  1.8e-06 0 1 1 0 1 0 1 fwd conv2d_host_validation_f16_fwd_CHECK_ISSUE_41_10_f16 (54 of 107)
12845056   (12838506 6166 384 0) 282.0 (0.0000861883 0.0001029968)  0.500000  0.000017  3.2e-01  1.5e-02  5.3e-07  1.2e-06 0 1 1 0 1 0 1 fwd conv2d_host_validation_f16_fwd_CHECK_ISSUE_41_11_f16 (55 of 107)
9437184    (9429859 6887 438 0) 1122.0 (-0.0000780821 -0.0001449585)  1.000000  0.000048  8.6e-01  3.3e-02  8.5e-07  1.6e-06 0 1 1 0 1 0 1 fwd conv2d_host_validation_f16_fwd_CHECK_ISSUE_41_12_f16 (56 of 107)
921600     (921099 472 29 0) 142.0 (-0.0002610683 -0.0002441406)  0.500000  0.000019  6.5e-02  9.5e-03  5.1e-07  1.3e-06 0 1 1 0 1 0 1 fwd conv2d_host_validation_f16_fwd_CHECK_ISSUE_41_2_f16 (57 of 107)
1605632    (1604804 778 50 0) 43.0 (0.0000126958 0.0000152588)  0.500000  0.000015  2.0e-01  1.5e-02  5.7e-07  1.3e-06 0 1 1 0 1 0 1 fwd conv2d_host_validation_f16_fwd_CHECK_ISSUE_41_3_f16 (58 of 107)
200704     (200606 89 9 0) 11.0 (-0.0034847260 -0.0034637451)  0.250000  0.000011  6.0e-03  1.7e-03  4.1e-07  9.7e-07 0 1 1 0 1 0 1 fwd conv2d_host_validation_f16_fwd_CHECK_ISSUE_41_4_f16 (59 of 107)
1605632    (1604582 974 76 0) 129.0 (0.0004274845 0.0003967285)  1.000000  0.000028  7.2e-02  1.4e-02  6.7e-07  1.5e-06 0 1 1 0 1 0 1 fwd conv2d_host_validation_f16_fwd_CHECK_ISSUE_41_5_f16 (60 of 107)
802816     (802407 383 26 0) 43.0 (0.0000126958 0.0000152588)  0.500000  0.000017  2.0e-01  2.1e-03  6.7e-07  1.4e-06 0 1 1 0 1 0 1 fwd conv2d_host_validation_f16_fwd_CHECK_ISSUE_41_6_f16 (61 of 107)
4194304    (4192266 1916 122 0) 355.0 (-0.0000894666 -0.0001106262)  0.500000  0.000015  2.4e-01  3.3e-02  5.0e-07  1.2e-06 0 1 1 0 1 0 1 fwd conv2d_host_validation_f16_fwd_CHECK_ISSUE_41_7_f16 (62 of 107)
3211264    (3208950 2152 162 0) 273.0 (0.0002423525 0.0002098083)  1.000000  0.000041  1.3e-01  3.2e-02  7.7e-07  1.5e-06 0 1 1 0 1 0 1 fwd conv2d_host_validation_f16_fwd_CHECK_ISSUE_41_8_f16 (63 of 107)
2359296    (2358067 1146 83 0) 298.0 (-0.0000165701 -0.0000343323)  0.500000  0.000017  1.1e+00  1.1e-02  1.1e-06  1.3e-06 0 1 1 0 1 0 1 fwd conv2d_host_validation_f16_fwd_CHECK_ISSUE_41_9_f16 (64 of 107)
25690112   (25651334 36045 2733 0) 3312.0 (0.0002050400 0.0000076294)  4.000000  0.000222  2.3e+00  1.7e-01  1.8e-06  2.3e-06 0 1 1 0 1 0 1 fwd conv2d_host_validation_f16_fwd_CHECK_KCYX_NCHW_NKHW1_f16 (65 of 107)
3686400    (3684972 1331 97 0) 328.0 (0.0001416206 0.0001220703)  0.500000  0.000009  1.9e+00  1.2e-02  8.9e-07  1.1e-06 0 1 1 0 1 0 1 fwd conv2d_host_validation_f16_fwd_CHECK_KCYX_NCHW_NKHW2_f16 (66 of 107)
409600     (409453 135 12 0) 10.0 (-0.0019435883 -0.0019531250)  0.250000  0.000008  7.8e-03  7.8e-03  3.2e-07  1.1e-06 0 1 1 0 1 0 1 fwd conv2d_host_validation_f16_fwd_CHECK_KCYX_NCHW_NKHW3_f16 (67 of 107)
147456     (147387 68 1 0) 4.0 (-0.0049552917 -0.0049705505)  0.250000  0.000016  3.1e-03  9.6e-04  3.4e-07  1.7e-06 0 1 1 0 1 0 1 fwd conv2d_host_validation_f16_fwd_CHECK_KCYX_NCHW_NKHW4_f16 (68 of 107)
102400     (102352 42 6 0) 10.0 (-0.0019435883 -0.0019531250)  0.250000  0.000010  4.9e-03  2.8e-03  4.2e-07  1.2e-06 0 1 1 0 1 0 1 fwd conv2d_host_validation_f16_fwd_CHECK_KCYX_NCHW_NKHW5_f16 (69 of 107)
15745024   (15738999 5639 386 0) 296.0 (0.0000329018 0.0000152588)  0.500000  0.000007  5.4e-01  7.9e-03  4.1e-07  9.2e-07 0 1 1 0 1 0 1 fwd conv2d_host_validation_f16_fwd_CHECK_KCYX_NCHW_NKHW6_f16 (70 of 107)
13778944   (13770273 8103 568 0) 414.0 (-0.0005717278 -0.0004730225)  1.000000  0.000029  5.0e+00  2.9e-02  1.0e-06  1.3e-06 0 1 1 0 1 0 1 fwd conv2d_host_validation_f16_fwd_CHECK_KCYX_NCHW_NKHW7_f16 (71 of 107)
25690112   (25651518 35894 2700 0) 2216.0 (0.0001626015 0.0000305176)  2.000000  0.000220  2.3e+00  1.5e-01  1.8e-06  3.5e-07 0 1 1 0 1 0 1 fwd conv2d_host_validation_f16_fwd_CHECK_KYXC_NHWC_NHWK1_f16 (72 of 107)
3686400    (3684890 1411 99 0) 88.0 (-0.0002202988 -0.0002098083)  0.500000  0.000009  6.3e-02  6.8e-03  3.9e-07  1.2e-06 0 1 1 0 1 0 1 fwd conv2d_host_validation_f16_fwd_CHECK_KYXC_NHWC_NHWK2_f16 (73 of 107)
409600     (409418 176 6 0) 14.0 (0.0007238388 0.0007171631)  0.250000  0.000009  9.2e-03  1.3e-03  3.3e-07  1.2e-06 0 1 1 0 1 0 1 fwd conv2d_host_validation_f16_fwd_CHECK_KYXC_NHWC_NHWK3_f16 (74 of 107)
147456     (147401 49 6 0) 12.0 (-0.0001213551 -0.0001220703)  0.250000  0.000008  5.9e-03  2.4e-03  3.1e-07  1.2e-06 0 1 1 0 1 0 1 fwd conv2d_host_validation_f16_fwd_CHECK_KYXC_NHWC_NHWK4_f16 (75 of 107)
102400     (102364 35 1 0) 3.0 (-0.0054435730 -0.0054321289)  0.250000  0.000008  2.1e-03  9.1e-04  2.5e-07  1.3e-06 0 1 1 0 1 0 1 fwd conv2d_host_validation_f16_fwd_CHECK_KYXC_NHWC_NHWK5_f16 (76 of 107)
15745024   (15739085 5580 359 0) 180.0 (0.0002350807 0.0002136230)  0.500000  0.000008  1.3e-01  1.6e-02  3.6e-07  9.8e-07 0 1 1 0 1 0 1 fwd conv2d_host_validation_f16_fwd_CHECK_KYXC_NHWC_NHWK6_f16 (77 of 107)
13778944   (13770207 8162 575 0) 1299.0 (-0.0000522733 -0.0001296997)  1.000000  0.000029  1.5e+00  2.9e-02  7.9e-07  1.3e-06 0 1 1 0 1 0 1 fwd conv2d_host_validation_f16_fwd_CHECK_KYXC_NHWC_NHWK7_f16 (78 of 107)
802816     (802475 324 17 0) 29.0 (0.0007500648 0.0007362366)  0.500000  0.000010  1.8e-02  4.3e-03  3.5e-07  1.3e-06 0 1 1 0 1 0 1 fwd conv2d_host_validation_f16_fwd_CHECK_PADDING1_f16 (79 of 107)
802816     (802509 284 23 0) 12.0 (0.0018730164 0.0018844604)  0.250000  0.000010  6.1e-03  6.1e-03  3.1e-07  1.3e-06 0 1 1 0 1 0 1 fwd conv2d_host_validation_f16_fwd_CHECK_PADDING2_f16 (80 of 107)
2048       (2048 0 0 0) 0.0 (0.0000000000 0.0000000000)  0.000000  0.000000  0.0e+00  0.0e+00  0.0e+00  0.0e+00 0 1 1 0 1 0 1 fwd conv2d_host_validation_f16_fwd_CHECK_PADDING3_f16 (81 of 107)
205520896  (205420311 94342 6243 0) 596.0 (0.0000278950 -0.0000076294)  1.000000  0.000015  5.0e+00  2.9e-02  6.0e-07  1.1e-06 0 1 0 0 1 0 1 fwd conv2d_host_validation_f32_fwd_GROUP_NCHW_f16 (82 of 107)
51380224   (51354975 23670 1579 0) 424.0 (-0.0000405312 -0.0000152588)  0.500000  0.000015  1.2e+00  2.8e-02  5.4e-07  1.2e-06 1 0 0 0 0 1 0 fwd conv2d_host_validation_random_CHECK_KCYX_NCHW_NKHW_5_f16 (83 of 107)
51380224   (51354975 23670 1579 0) 424.0 (-0.0000405312 -0.0000152588)  0.500000  0.000015  1.2e+00  2.8e-02  5.4e-07  1.2e-06 1 0 0 0 0 1 0 fwd conv2d_host_validation_random_CHECK_KCYX_NCHW_NKHW_6_f16 (84 of 107)
47775744   (47719014 52780 3950 0) 2028.0 (0.0001513958 0.0000305176)  2.000000  0.000126  2.9e+00  1.6e-01  1.4e-06  2.0e-06 1 0 0 0 0 1 0 fwd conv2d_host_validation_random_CHECK_KCYX_NCHW_NKHW_7_f16 (85 of 107)
51380224   (51319408 56580 4236 0) 2028.0 (0.0001513958 0.0000305176)  2.000000  0.000124  2.9e+00  1.6e-01  1.4e-06  2.0e-06 1 0 0 0 0 1 0 fwd conv2d_host_validation_random_CHECK_KCYX_NCHW_NKHW_8_f16 (86 of 107)
16777216   (16774251 2795 170 0) 112.0 (0.0000829697 0.0000762939)  0.250000  0.000001  8.0e-02  7.1e-03  1.6e-07  6.0e-07 1 0 0 0 0 1 0 fwd conv2d_host_validation_random_CHECK_KYXC_NHWC_NHWK_4_f16 (87 of 107)
16777216   (16774251 2795 170 0) 112.0 (0.0000829697 0.0000762939)  0.250000  0.000001  8.0e-02  7.1e-03  1.6e-07  6.0e-07 1 0 0 0 0 1 0 fwd conv2d_host_validation_random_CHECK_KYXC_NHWC_NHWK_5_f16 (88 of 107)
25690112   (25651334 36045 2733 0) 3312.0 (0.0002050400 0.0000076294)  4.000000  0.000222  2.3e+00  1.7e-01  1.8e-06  2.3e-06 1 0 1 0 0 1 0 fwd conv2d_host_validation_random_CHECK_RAND_FLOAT_2_f16 (89 of 107)
205520896  (205419915 94616 6365 0) 760.0 (0.0000309944 0.0000762939)  1.000000  0.000015  3.3e+00  4.2e-02  5.6e-07  6.0e-07 1 0 0 0 0 1 0 fwd conv2d_host_validation_random_GROUP_NHWC_f16 (90 of 107)
30720      (30698 21 1 0) 2.0 (-0.0421752930 -0.0422363281)  0.500000  0.000050  1.4e-03  9.3e-04  5.0e-07  2.5e-06 0 1 0 0 1 0 1 fwd padding_kernel_all_fwd_CHECK_RESNET50_CONFIG2_f16 (91 of 107)
30720      (30704 14 2 0) 3.0 (0.0070266724 0.0070381165)  0.125000  0.000009  1.6e-03  1.6e-03  3.7e-07  6.5e-07 0 1 0 0 1 0 1 fwd padding_kernel_all_fwd_CHECK_RESNET50_CONFIG4_f16 (92 of 107)
882        (882 0 0 0) 0.0 (0.0000000000 0.0000000000)  0.000000  0.000000  0.0e+00  0.0e+00  0.0e+00  0.0e+00 0 1 0 0 1 0 1 bwd_weight padding_kernel_all_wrw_CHECK_RESNET50_CONFIG2_f16 (93 of 107)
882        (880 1 1 0) 2.0 (1.3310546875 1.3291015625)  0.001953  0.000004  1.5e-03  1.5e-03  2.5e-06  1.2e-08 0 1 0 0 1 0 1 bwd_weight padding_kernel_all_wrw_CHECK_RESNET50_CONFIG4_f16 (94 of 107)
205520896  (205383930 128138 8828 0) 805.0 (0.0000632405 0.0000152588)  1.000000  0.000033  2.7e+01  1.1e-01  9.7e-07  1.3e-06 0 1 1 0 1 0 1 fwd padding_kernel_gemmK_CHECK_RESNET50_F16_CONFIG1 (95 of 107)
205520896  (205382734 129170 8992 0) 1556.0 (0.0001118183 0.0000190735)  1.000000  0.000034  4.4e+01  9.5e-02  1.1e-06  1.4e-06 0 1 1 0 1 0 1 fwd padding_kernel_gemmK_CHECK_RESNET50_F16_CONFIG2 (96 of 107)
205520896  (205383035 128702 9159 0) 1366.0 (0.0001691580 0.0000877380)  1.000000  0.000033  7.7e+00  5.6e-02  8.7e-07  1.3e-06 0 1 1 0 1 0 1 fwd padding_kernel_gemmK_CHECK_RESNET50_F16_CONFIG4 (97 of 107)
9408       (9128 249 31 0) 437.0 (-0.2604980469 -0.2071533203)  32.000000  0.166937  2.0e-01  6.8e-03  5.0e-05  0.0e+00 0 1 1 0 1 0 1 bwd_weight padding_kernel_gemmN_CHECK_RESNET50_CONFIG2 (98 of 107)
9408       (9155 223 30 0) 33.0 (19.2968750000 18.7812500000)  32.000000  0.162396  2.7e-02  2.7e-02  2.8e-05  0.0e+00 0 1 1 0 1 0 1 bwd_weight padding_kernel_gemmN_CHECK_RESNET50_CONFIG4 (99 of 107)
6422528    (6412352 9442 734 0) 327.0 (-0.0007634163 -0.0009193420)  2.000000  0.000248  2.9e-01  1.2e-01  1.6e-06  2.4e-06 0 0 0 0 1 0 1 fwd Resnet50_validation_nchw_CHECK_NCHW_1_f16 (100 of 107)
25690112   (25673726 15329 1057 0) 694.0 (0.0000642538 0.0000228882)  1.000000  0.000029  8.4e-01  5.0e-02  7.2e-07  1.2e-06 0 0 0 0 1 0 1 fwd Resnet50_validation_nchw_CHECK_NCHW_2_f16 (101 of 107)
147456     (147122 304 30 0) 56.0 (-0.0792236328 -0.0826416016)  16.000000  0.001626  4.3e-02  5.3e-03  2.3e-06  0.0e+00 0 0 0 0 1 0 1 bwd_weight Resnet50_validation_nchw_CHECK_NCHW_3_f16 (102 of 107)
65536      (65412 111 13 0) 23.0 (0.0842895508 0.0856933594)  8.000000  0.001012  1.7e-02  1.7e-02  1.9e-06  1.4e-06 0 0 0 0 1 0 1 bwd_weight Resnet50_validation_nchw_CHECK_NCHW_4_f16 (103 of 107)
6422528    (6412619 9187 722 0) 2156.0 (0.0002276897 0.0000991821)  2.000000  0.000229  5.6e-01  1.8e-01  1.8e-06  8.6e-07 0 0 0 0 1 0 1 fwd Resnet50_validation_nhwc_CHECK_NHWC_1_f16 (104 of 107)
25690112   (25673751 15252 1109 0) 690.0 (-0.0001479387 -0.0001068115)  1.000000  0.000029  7.5e-01  7.4e-02  7.2e-07  5.2e-07 0 0 0 0 1 0 1 fwd Resnet50_validation_nhwc_CHECK_NHWC_2_f16 (105 of 107)
147456     (147100 327 29 0) 44.0 (0.0377807617 0.0364379883)  8.000000  0.001742  3.6e-02  3.6e-02  2.6e-06  0.0e+00 0 0 0 0 1 0 1 bwd_weight Resnet50_validation_nhwc_CHECK_NHWC_3_f16 (106 of 107)
65536      (65395 129 12 0) 97.0 (-0.0616149902 -0.0645751953)  8.000000  0.001894  4.8e-02  7.7e-03  2.4e-06  2.5e-06 0 0 0 0 1 0 1 bwd_weight Resnet50_validation_nhwc_CHECK_NHWC_4_f16 (107 of 107)
