25690112   (25677586 12526 0 0) 1.0 (9352.0000000000 9360.0000000000)  8.000000  0.003901  9.3e-04  9.3e-04  4.2e-07  1.6e-05 1 0 0 0 0 1 0 fwd conv2d_harness_cpu_verifier_kyxc_nhwc_nhwk_f16_E2E_f16 (1 of 107)
802816     (802719 97 0 0) 1.0 (594.0000000000 593.5000000000)  0.500000  0.000057  9.7e-04  9.7e-04  9.9e-08  7.0e-06 0 1 1 0 1 0 1 bwd_data conv2d_host_validation_f16_bwd_CHECK_BWD_DATA1 (2 of 107)
4096       (4094 2 0 0) 1.0 (28400.0000000000 28384.0000000000)  16.000000  0.007812  5.6e-04  5.6e-04  2.8e-07  1.1e-05 0 1 1 0 1 0 1 bwd_weight conv2d_host_validation_f16_bwd_CHECK_BWD_WEIGHT1 (3 of 107)
147456     (147456 0 0 0) 0.0 (0.0000000000 0.0000000000)  0.000000  0.000000  0.0e+00  0.0e+00  0.0e+00  0.0e+00 0 1 1 0 1 0 1 bwd_weight conv2d_host_validation_f16_bwd_CHECK_ISSUE_127_10 (4 of 107)
294912     (294912 0 0 0) 0.0 (0.0000000000 0.0000000000)  0.000000  0.000000  0.0e+00  0.0e+00  0.0e+00  0.0e+00 0 1 1 0 1 0 1 bwd_weight conv2d_host_validation_f16_bwd_CHECK_ISSUE_127_15 (5 of 107)
589824     (589824 0 0 0) 0.0 (0.0000000000 0.0000000000)  0.000000  0.000000  0.0e+00  0.0e+00  0.0e+00  0.0e+00 0 1 1 0 1 0 1 bwd_weight conv2d_host_validation_f16_bwd_CHECK_ISSUE_127_16 (6 of 107)
1179648    (1178179 1469 0 0) 1.0 (41344.0000000000 41312.0000000000)  32.000000  0.039849  8.0e-04  8.0e-04  8.6e-07  2.0e-05 0 1 1 0 1 0 1 bwd_weight conv2d_host_validation_f16_bwd_CHECK_ISSUE_127_17 (7 of 107)
147456     (147456 0 0 0) 0.0 (0.0000000000 0.0000000000)  0.000000  0.000000  0.0e+00  0.0e+00  0.0e+00  0.0e+00 0 1 1 0 1 0 1 bwd_weight conv2d_host_validation_f16_bwd_CHECK_ISSUE_127_18 (8 of 107)
2097152    (2094745 2407 0 0) 1.0 (28176.0000000000 28160.0000000000)  16.000000  0.018364  5.9e-04  5.9e-04  6.5e-07  1.8e-05 0 1 1 0 1 0 1 bwd_weight conv2d_host_validation_f16_bwd_CHECK_ISSUE_127_6 (9 of 107)
262144     (262144 0 0 0) 0.0 (0.0000000000 0.0000000000)  0.000000  0.000000  0.0e+00  0.0e+00  0.0e+00  0.0e+00 0 1 1 0 1 0 1 bwd_weight conv2d_host_validation_f16_bwd_CHECK_ISSUE_127_7 (10 of 107)
147456     (147456 0 0 0) 0.0 (0.0000000000 0.0000000000)  0.000000  0.000000  0.0e+00  0.0e+00  0.0e+00  0.0e+00 0 1 1 0 1 0 1 bwd_weight conv2d_host_validation_f16_bwd_CHECK_ISSUE_127_8 (11 of 107)
147456     (147456 0 0 0) 0.0 (0.0000000000 0.0000000000)  0.000000  0.000000  0.0e+00  0.0e+00  0.0e+00  0.0e+00 0 1 1 0 1 0 1 bwd_weight conv2d_host_validation_f16_bwd_CHECK_ISSUE_127_9 (12 of 107)
1024       (1022 2 0 0) 1.0 (28192.0000000000 28208.0000000000)  16.000000  0.031250  5.7e-04  5.7e-04  1.1e-06  2.4e-05 0 1 1 0 1 0 1 bwd_weight conv2d_host_validation_f16_bwd_CHECK_ISSUE_70_1 (13 of 107)
65536      (65536 0 0 0) 0.0 (0.0000000000 0.0000000000)  0.000000  0.000000  0.0e+00  0.0e+00  0.0e+00  0.0e+00 0 1 1 0 1 0 1 bwd_weight conv2d_host_validation_f16_bwd_CHECK_ISSUE_70_2 (14 of 107)
4096       (4093 3 0 0) 1.0 (28288.0000000000 28304.0000000000)  16.000000  0.011719  5.7e-04  5.7e-04  4.1e-07  1.5e-05 0 1 1 0 1 0 1 bwd_weight conv2d_host_validation_f16_bwd_CHECK_ISSUE_70_3 (15 of 107)
1024       (1022 2 0 0) 1.0 (13912.0000000000 13920.0000000000)  8.000000  0.015625  5.8e-04  5.8e-04  1.1e-06  2.1e-05 0 1 1 0 1 0 1 bwd_weight conv2d_host_validation_f16_bwd_CHECK_ISSUE_71_1 (16 of 107)
1024       (1024 0 0 0) 0.0 (0.0000000000 0.0000000000)  0.000000  0.000000  0.0e+00  0.0e+00  0.0e+00  0.0e+00 0 1 1 0 1 0 1 bwd_weight conv2d_host_validation_f16_bwd_CHECK_ISSUE_71_2 (17 of 107)
1024       (1024 0 0 0) 0.0 (0.0000000000 0.0000000000)  0.000000  0.000000  0.0e+00  0.0e+00  0.0e+00  0.0e+00 0 1 1 0 1 0 1 bwd_weight conv2d_host_validation_f16_bwd_CHECK_ISSUE_71_3 (18 of 107)
1024       (1024 0 0 0) 0.0 (0.0000000000 0.0000000000)  0.000000  0.000000  0.0e+00  0.0e+00  0.0e+00  0.0e+00 0 1 1 0 1 0 1 bwd_weight conv2d_host_validation_f16_bwd_CHECK_ISSUE_71_4 (19 of 107)
12845056   (12841216 3840 0 0) 1.0 (2646.0000000000 2648.0000000000)  2.000000  0.000519  9.5e-04  9.5e-04  2.2e-07  1.0e-05 0 0 0 0 0 1 0 fwd conv2d_host_validation_f16_CHECK_RESNET101_NCHW_CONFIG1_FWD_f16 (20 of 107)
12845056   (12841255 3801 0 0) 1.0 (1787.0000000000 1786.0000000000)  2.000000  0.000450  9.7e-04  9.7e-04  2.1e-07  9.1e-06 0 0 0 0 0 1 0 fwd conv2d_host_validation_f16_CHECK_RESNET101_NCHW_CONFIG2_FWD_f16 (21 of 107)
25690112   (25683885 6227 0 0) 1.0 (2296.0000000000 2298.0000000000)  2.000000  0.000485  9.7e-04  9.7e-04  2.1e-07  1.2e-05 0 0 0 0 0 1 0 bwd_data conv2d_host_validation_f16_CHECK_RESNET101_NCHW_CONFIG8_BWD_f16 (22 of 107)
102760448  (102748074 12360 14 0) 2.0 (512.5000000000 512.0000000000)  0.500000  0.000057  9.8e-04  9.8e-04  1.0e-07  6.5e-06 0 0 0 0 0 1 0 fwd conv2d_host_validation_f16_CHECK_RESNET101_NCHW_CONFIG8_FWD_f16 (23 of 107)
16384      (16384 0 0 0) 0.0 (0.0000000000 0.0000000000)  0.000000  0.000000  0.0e+00  0.0e+00  0.0e+00  0.0e+00 0 0 0 0 0 1 0 bwd_weight conv2d_host_validation_f16_CHECK_RESNET101_NCHW_CONFIG8_WRW_f16 (24 of 107)
12845056   (12841288 3768 0 0) 1.0 (1684.0000000000 1685.0000000000)  2.000000  0.000511  9.5e-04  9.5e-04  2.1e-07  1.0e-05 0 0 0 0 0 1 0 fwd conv2d_host_validation_f16_CHECK_RESNET101_NHWC_CONFIG1_FWD_f16 (25 of 107)
12845056   (12841267 3788 1 0) 2.0 (1025.0000000000 1024.0000000000)  2.000000  0.000453  9.8e-04  9.8e-04  2.1e-07  9.1e-06 0 0 0 0 0 1 0 fwd conv2d_host_validation_f16_CHECK_RESNET101_NHWC_CONFIG2_FWD_f16 (26 of 107)
25690112   (25683814 6298 0 0) 1.0 (2300.0000000000 2298.0000000000)  2.000000  0.000490  9.7e-04  9.7e-04  2.1e-07  1.2e-05 0 0 0 0 0 1 0 bwd_data conv2d_host_validation_f16_CHECK_RESNET101_NHWC_CONFIG8_BWD_f16 (27 of 107)
102760448  (102747890 12544 14 0) 2.0 (512.0000000000 512.5000000000)  0.500000  0.000058  9.8e-04  9.8e-04  1.0e-07  6.3e-06 0 0 0 0 0 1 0 fwd conv2d_host_validation_f16_CHECK_RESNET101_NHWC_CONFIG8_FWD_f16 (28 of 107)
16384      (16384 0 0 0) 0.0 (0.0000000000 0.0000000000)  0.000000  0.000000  0.0e+00  0.0e+00  0.0e+00  0.0e+00 0 0 0 0 0 1 0 bwd_weight conv2d_host_validation_f16_CHECK_RESNET101_NHWC_CONFIG8_WRW_f16 (29 of 107)
4194304    (4194301 3 0 0) 1.0 (25.6718750000 25.6875000000)  0.031250  0.000000  7.6e-04  7.6e-04  4.8e-10  2.6e-07 0 1 1 0 1 0 1 fwd conv2d_host_validation_f16_fwd_CHECK_FILTER1_f16 (30 of 107)
4194304    (4194302 2 0 0) 1.0 (40.1562500000 40.1250000000)  0.031250  0.000000  7.8e-04  7.8e-04  3.6e-10  2.4e-07 0 1 1 0 1 0 1 fwd conv2d_host_validation_f16_fwd_CHECK_FILTER2_f16 (31 of 107)
16777216   (16776886 330 0 0) 1.0 (58.9687500000 58.9375000000)  0.062500  0.000001  9.7e-04  9.7e-04  1.4e-08  1.7e-06 0 1 1 0 1 0 1 fwd conv2d_host_validation_f16_fwd_CHECK_ISSUE_114_1_f16 (32 of 107)
16777216   (16776886 330 0 0) 1.0 (58.9687500000 58.9375000000)  0.062500  0.000001  9.7e-04  9.7e-04  1.4e-08  1.7e-06 0 1 1 0 1 0 1 fwd conv2d_host_validation_f16_fwd_CHECK_ISSUE_114_2_f16 (33 of 107)
4194304    (4194223 81 0 0) 1.0 (66.4375000000 66.5000000000)  0.062500  0.000001  9.4e-04  9.4e-04  1.3e-08  1.6e-06 0 1 1 0 1 0 1 fwd conv2d_host_validation_f16_fwd_CHECK_ISSUE_114_3_f16 (34 of 107)
4194304    (4194223 81 0 0) 1.0 (66.4375000000 66.5000000000)  0.062500  0.000001  9.4e-04  9.4e-04  1.3e-08  1.6e-06 0 1 1 0 1 0 1 fwd conv2d_host_validation_f16_fwd_CHECK_ISSUE_114_4_f16 (35 of 107)
16777216   (16776897 319 0 0) 1.0 (60.9062500000 60.9375000000)  0.062500  0.000001  9.7e-04  9.7e-04  1.4e-08  1.7e-06 0 1 1 0 1 0 1 fwd conv2d_host_validation_f16_fwd_CHECK_ISSUE_114_5_f16 (36 of 107)
16777216   (16776897 319 0 0) 1.0 (60.9062500000 60.9375000000)  0.062500  0.000001  9.7e-04  9.7e-04  1.4e-08  1.7e-06 0 1 1 0 1 0 1 fwd conv2d_host_validation_f16_fwd_CHECK_ISSUE_114_6_f16 (37 of 107)
4194304    (4194225 79 0 0) 1.0 (73.2500000000 73.1875000000)  0.062500  0.000001  9.7e-04  9.7e-04  1.4e-08  1.7e-06 0 1 1 0 1 0 1 fwd conv2d_host_validation_f16_fwd_CHECK_ISSUE_114_7_f16 (38 of 107)
4194304    (4194225 79 0 0) 1.0 (73.2500000000 73.1875000000)  0.062500  0.000001  9.7e-04  9.7e-04  1.4e-08  1.7e-06 0 1 1 0 1 0 1 fwd conv2d_host_validation_f16_fwd_CHECK_ISSUE_114_8_f16 (39 of 107)
12845056   (12834170 10886 0 0) 1.0 (14072.0000000000 14064.0000000000)  16.000000  0.012629  9.3e-04  9.3e-04  6.3e-07  2.0e-05 0 1 1 0 1 0 1 fwd conv2d_host_validation_f16_fwd_CHECK_ISSUE_127_11_f16 (40 of 107)
12845056   (12833986 11070 0 0) 1.0 (13888.0000000000 13896.0000000000)  16.000000  0.011992  9.1e-04  9.1e-04  6.2e-07  1.9e-05 0 1 1 0 1 0 1 fwd conv2d_host_validation_f16_fwd_CHECK_ISSUE_127_12_f16 (41 of 107)
12845056   (12834487 10569 0 0) 1.0 (13672.0000000000 13664.0000000000)  16.000000  0.010022  9.1e-04  9.1e-04  5.7e-07  1.6e-05 0 1 1 0 1 0 1 fwd conv2d_host_validation_f16_fwd_CHECK_ISSUE_127_13_f16 (42 of 107)
12845056   (12833967 11089 0 0) 1.0 (13632.0000000000 13624.0000000000)  16.000000  0.013325  8.8e-04  8.8e-04  6.6e-07  2.0e-05 0 1 1 0 1 0 1 fwd conv2d_host_validation_f16_fwd_CHECK_ISSUE_127_14_f16 (43 of 107)
12845056   (12833953 11103 0 0) 1.0 (21152.0000000000 21168.0000000000)  16.000000  0.013830  8.1e-04  8.1e-04  6.7e-07  2.1e-05 0 1 1 0 1 0 1 fwd conv2d_host_validation_f16_fwd_CHECK_ISSUE_127_1_f16 (44 of 107)
6422528    (6414716 7812 0 0) 1.0 (41152.0000000000 41184.0000000000)  32.000000  0.038923  8.0e-04  8.0e-04  9.4e-07  2.5e-05 0 1 1 0 1 0 1 fwd conv2d_host_validation_f16_fwd_CHECK_ISSUE_127_2_f16 (45 of 107)
25690112   (25674560 15552 0 0) 1.0 (10600.0000000000 10608.0000000000)  8.000000  0.004843  8.2e-04  8.2e-04  4.7e-07  1.7e-05 0 1 1 0 1 0 1 fwd conv2d_host_validation_f16_fwd_CHECK_ISSUE_127_3_f16 (46 of 107)
12845056   (12834112 10944 0 0) 1.0 (20800.0000000000 20816.0000000000)  16.000000  0.013632  8.1e-04  8.1e-04  6.6e-07  2.1e-05 0 1 1 0 1 0 1 fwd conv2d_host_validation_f16_fwd_CHECK_ISSUE_127_4_f16 (47 of 107)
12845056   (12834180 10876 0 0) 1.0 (20592.0000000000 20576.0000000000)  16.000000  0.011743  9.1e-04  9.1e-04  6.1e-07  1.9e-05 0 1 1 0 1 0 1 fwd conv2d_host_validation_f16_fwd_CHECK_ISSUE_127_5_f16 (48 of 107)
7372800    (7371740 1060 0 0) 1.0 (677.0000000000 677.5000000000)  0.500000  0.000072  9.3e-04  9.3e-04  1.1e-07  6.9e-06 0 1 1 0 1 0 1 fwd conv2d_host_validation_f16_fwd_CHECK_ISSUE_40_1_f16 (49 of 107)
3440640    (3439898 742 0 0) 1.0 (1320.0000000000 1321.0000000000)  1.000000  0.000216  8.8e-04  8.8e-04  1.7e-07  9.0e-06 0 1 1 0 1 0 1 fwd conv2d_host_validation_f16_fwd_CHECK_ISSUE_40_2_f16 (50 of 107)
6422528    (6419652 2876 0 0) 1.0 (3618.0000000000 3616.0000000000)  2.000000  0.000896  6.1e-04  6.1e-04  2.5e-07  1.0e-05 0 1 1 0 1 0 1 fwd conv2d_host_validation_f16_fwd_CHECK_ISSUE_40_3_f16 (51 of 107)
14745600   (14741109 4491 0 0) 1.0 (1508.0000000000 1509.0000000000)  1.000000  0.000305  9.3e-04  9.3e-04  1.7e-07  8.1e-06 0 1 1 0 1 0 1 fwd conv2d_host_validation_f16_fwd_CHECK_ISSUE_40_4_f16 (52 of 107)
6881280    (6880089 1187 4 0) 2.0 (1024.0000000000 1025.0000000000)  1.000000  0.000150  9.8e-04  9.8e-04  1.4e-07  8.8e-06 0 1 0 0 0 0 1 fwd conv2d_host_validation_f16_fwd_CHECK_ISSUE_40_5_f16 (53 of 107)
1048576    (1048237 339 0 0) 1.0 (1827.0000000000 1828.0000000000)  1.000000  0.000323  6.2e-04  6.2e-04  1.8e-07  8.4e-06 0 1 1 0 1 0 1 fwd conv2d_host_validation_f16_fwd_CHECK_ISSUE_41_10_f16 (54 of 107)
12845056   (12843274 1782 0 0) 1.0 (695.5000000000 696.0000000000)  0.500000  0.000069  9.7e-04  9.7e-04  1.1e-07  6.7e-06 0 1 1 0 1 0 1 fwd conv2d_host_validation_f16_fwd_CHECK_ISSUE_41_11_f16 (55 of 107)
9437184    (9434237 2947 0 0) 1.0 (1786.0000000000 1785.0000000000)  1.000000  0.000312  6.4e-04  6.4e-04  1.7e-07  8.2e-06 0 1 1 0 1 0 1 fwd conv2d_host_validation_f16_fwd_CHECK_ISSUE_41_12_f16 (56 of 107)
921600     (921468 132 0 0) 1.0 (677.0000000000 677.5000000000)  0.500000  0.000072  8.9e-04  8.9e-04  1.1e-07  7.1e-06 0 1 1 0 1 0 1 fwd conv2d_host_validation_f16_fwd_CHECK_ISSUE_41_2_f16 (57 of 107)
1605632    (1605376 256 0 0) 1.0 (659.0000000000 658.5000000000)  0.500000  0.000080  9.3e-04  9.3e-04  1.2e-07  7.4e-06 0 1 1 0 1 0 1 fwd conv2d_host_validation_f16_fwd_CHECK_ISSUE_41_3_f16 (58 of 107)
200704     (200672 32 0 0) 1.0 (659.0000000000 658.5000000000)  0.500000  0.000080  8.6e-04  8.6e-04  1.2e-07  7.6e-06 0 1 1 0 1 0 1 fwd conv2d_host_validation_f16_fwd_CHECK_ISSUE_41_4_f16 (59 of 107)
1605632    (1605284 348 0 0) 1.0 (1320.0000000000 1321.0000000000)  1.000000  0.000217  8.6e-04  8.6e-04  1.7e-07  9.2e-06 0 1 1 0 1 0 1 fwd conv2d_host_validation_f16_fwd_CHECK_ISSUE_41_5_f16 (60 of 107)
802816     (802685 131 0 0) 1.0 (659.0000000000 658.5000000000)  0.500000  0.000082  9.3e-04  9.3e-04  1.3e-07  7.5e-06 0 1 1 0 1 0 1 fwd conv2d_host_validation_f16_fwd_CHECK_ISSUE_41_6_f16 (61 of 107)
4194304    (4193665 639 0 0) 1.0 (605.0000000000 605.5000000000)  0.500000  0.000067  9.4e-04  9.4e-04  1.1e-07  6.5e-06 0 1 1 0 1 0 1 fwd conv2d_host_validation_f16_fwd_CHECK_ISSUE_41_7_f16 (62 of 107)
3211264    (3210318 945 1 0) 2.0 (2048.0000000000 2050.0000000000)  2.000000  0.000295  9.8e-04  9.8e-04  1.7e-07  8.0e-06 0 1 1 0 1 0 1 fwd conv2d_host_validation_f16_fwd_CHECK_ISSUE_41_8_f16 (63 of 107)
2359296    (2358939 357 0 0) 1.0 (599.0000000000 598.5000000000)  0.500000  0.000076  9.6e-04  9.6e-04  1.2e-07  7.3e-06 0 1 1 0 1 0 1 fwd conv2d_host_validation_f16_fwd_CHECK_ISSUE_41_9_f16 (64 of 107)
25690112   (25677352 12760 0 0) 1.0 (9456.0000000000 9448.0000000000)  8.000000  0.003974  9.3e-04  9.3e-04  4.3e-07  1.8e-05 0 1 1 0 1 0 1 fwd conv2d_host_validation_f16_fwd_CHECK_KCYX_NCHW_NKHW1_f16 (65 of 107)
3686400    (3686003 397 0 0) 1.0 (336.5000000000 336.7500000000)  0.250000  0.000027  9.3e-04  9.3e-04  8.2e-08  5.2e-06 0 1 1 0 1 0 1 fwd conv2d_host_validation_f16_fwd_CHECK_KCYX_NCHW_NKHW2_f16 (66 of 107)
409600     (409555 45 0 0) 1.0 (351.5000000000 351.2500000000)  0.250000  0.000027  9.5e-04  9.5e-04  8.6e-08  5.4e-06 0 1 1 0 1 0 1 fwd conv2d_host_validation_f16_fwd_CHECK_KCYX_NCHW_NKHW3_f16 (67 of 107)
147456     (147438 18 0 0) 1.0 (296.2500000000 296.0000000000)  0.250000  0.000031  9.1e-04  9.1e-04  9.3e-08  5.8e-06 0 1 1 0 1 0 1 fwd conv2d_host_validation_f16_fwd_CHECK_KCYX_NCHW_NKHW4_f16 (68 of 107)
102400     (102385 15 0 0) 1.0 (351.5000000000 351.2500000000)  0.250000  0.000037  8.6e-04  8.6e-04  1.1e-07  6.4e-06 0 1 1 0 1 0 1 fwd conv2d_host_validation_f16_fwd_CHECK_KCYX_NCHW_NKHW5_f16 (69 of 107)
15745024   (15743670 1351 3 0) 2.0 (256.2500000000 256.0000000000)  0.250000  0.000020  9.8e-04  9.8e-04  6.8e-08  4.8e-06 0 1 1 0 1 0 1 fwd conv2d_host_validation_f16_fwd_CHECK_KCYX_NCHW_NKHW6_f16 (70 of 107)
13778944   (13776588 2356 0 0) 1.0 (1181.0000000000 1180.0000000000)  1.000000  0.000169  9.8e-04  9.8e-04  1.5e-07  9.0e-06 0 1 1 0 1 0 1 fwd conv2d_host_validation_f16_fwd_CHECK_KCYX_NCHW_NKHW7_f16 (71 of 107)
25690112   (25677586 12526 0 0) 1.0 (9352.0000000000 9360.0000000000)  8.000000  0.003901  9.3e-04  9.3e-04  4.2e-07  1.6e-05 0 1 1 0 1 0 1 fwd conv2d_host_validation_f16_fwd_CHECK_KYXC_NHWC_NHWK1_f16 (72 of 107)
3686400    (3686032 368 0 0) 1.0 (306.2500000000 306.0000000000)  0.250000  0.000025  9.6e-04  9.6e-04  7.7e-08  5.0e-06 0 1 1 0 1 0 1 fwd conv2d_host_validation_f16_fwd_CHECK_KYXC_NHWC_NHWK2_f16 (73 of 107)
409600     (409559 41 0 0) 1.0 (280.0000000000 279.7500000000)  0.250000  0.000025  8.9e-04  8.9e-04  7.5e-08  4.9e-06 0 1 1 0 1 0 1 fwd conv2d_host_validation_f16_fwd_CHECK_KYXC_NHWC_NHWK3_f16 (74 of 107)
147456     (147443 13 0 0) 1.0 (320.7500000000 320.5000000000)  0.250000  0.000022  8.5e-04  8.5e-04  6.9e-08  4.9e-06 0 1 1 0 1 0 1 fwd conv2d_host_validation_f16_fwd_CHECK_KYXC_NHWC_NHWK4_f16 (75 of 107)
102400     (102393 7 0 0) 1.0 (415.5000000000 415.7500000000)  0.250000  0.000017  8.6e-04  8.6e-04  4.9e-08  4.3e-06 0 1 1 0 1 0 1 fwd conv2d_host_validation_f16_fwd_CHECK_KYXC_NHWC_NHWK5_f16 (76 of 107)
15745024   (15743717 1305 2 0) 2.0 (256.2500000000 256.0000000000)  0.250000  0.000019  9.8e-04  9.8e-04  6.5e-08  4.7e-06 0 1 1 0 1 0 1 fwd conv2d_host_validation_f16_fwd_CHECK_KYXC_NHWC_NHWK6_f16 (77 of 107)
13778944   (13776495 2447 2 0) 2.0 (1024.0000000000 1025.0000000000)  1.000000  0.000176  9.8e-04  9.8e-04  1.5e-07  9.1e-06 0 1 1 0 1 0 1 fwd conv2d_host_validation_f16_fwd_CHECK_KYXC_NHWC_NHWK7_f16 (78 of 107)
802816     (802721 95 0 0) 1.0 (298.2500000000 298.5000000000)  0.250000  0.000026  9.4e-04  9.4e-04  8.6e-08  5.1e-06 0 1 1 0 1 0 1 fwd conv2d_host_validation_f16_fwd_CHECK_PADDING1_f16 (79 of 107)
802816     (802752 64 0 0) 1.0 (320.7500000000 320.5000000000)  0.250000  0.000019  9.6e-04  9.6e-04  6.1e-08  4.4e-06 0 1 1 0 1 0 1 fwd conv2d_host_validation_f16_fwd_CHECK_PADDING2_f16 (80 of 107)
2048       (2047 1 0 0) 1.0 (206.6250000000 206.5000000000)  0.125000  0.000061  6.0e-04  6.0e-04  3.0e-07  6.2e-06 0 1 1 0 1 0 1 fwd conv2d_host_validation_f16_fwd_CHECK_PADDING3_f16 (81 of 107)
205520896  (205495791 25068 37 0) 2.0 (512.5000000000 512.0000000000)  0.500000  0.000058  9.8e-04  9.8e-04  1.0e-07  6.5e-06 0 1 0 0 1 0 1 fwd conv2d_host_validation_f32_fwd_GROUP_NCHW_f16 (82 of 107)
51380224   (51374039 6175 10 0) 2.0 (512.5000000000 512.0000000000)  0.500000  0.000058  9.8e-04  9.8e-04  1.0e-07  6.7e-06 1 0 0 0 0 1 0 fwd conv2d_host_validation_random_CHECK_KCYX_NCHW_NKHW_5_f16 (83 of 107)
51380224   (51374039 6175 10 0) 2.0 (512.5000000000 512.0000000000)  0.500000  0.000058  9.8e-04  9.8e-04  1.0e-07  6.7e-06 1 0 0 0 0 1 0 fwd conv2d_host_validation_random_CHECK_KCYX_NCHW_NKHW_6_f16 (84 of 107)
47775744   (47755348 20396 0 0) 1.0 (5020.0000000000 5024.0000000000)  4.000000  0.001708  8.5e-04  8.5e-04  3.3e-07  1.4e-05 1 0 0 0 0 1 0 fwd conv2d_host_validation_random_CHECK_KCYX_NCHW_NKHW_7_f16 (85 of 107)
51380224   (51358299 21925 0 0) 1.0 (5020.0000000000 5024.0000000000)  4.000000  0.001647  9.1e-04  9.1e-04  3.2e-07  1.4e-05 1 0 0 0 0 1 0 fwd conv2d_host_validation_random_CHECK_KCYX_NCHW_NKHW_8_f16 (86 of 107)
16777216   (16776886 330 0 0) 1.0 (58.9687500000 58.9375000000)  0.062500  0.000001  9.7e-04  9.7e-04  1.4e-08  1.7e-06 1 0 0 0 0 1 0 fwd conv2d_host_validation_random_CHECK_KYXC_NHWC_NHWK_4_f16 (87 of 107)
16777216   (16776886 330 0 0) 1.0 (58.9687500000 58.9375000000)  0.062500  0.000001  9.7e-04  9.7e-04  1.4e-08  1.7e-06 1 0 0 0 0 1 0 fwd conv2d_host_validation_random_CHECK_KYXC_NHWC_NHWK_5_f16 (88 of 107)
25690112   (25677352 12760 0 0) 1.0 (9456.0000000000 9448.0000000000)  8.000000  0.003974  9.3e-04  9.3e-04  4.3e-07  1.8e-05 1 0 1 0 0 1 0 fwd conv2d_host_validation_random_CHECK_RAND_FLOAT_2_f16 (89 of 107)
205520896  (205495877 24993 26 0) 2.0 (512.5000000000 512.0000000000)  0.500000  0.000058  9.8e-04  9.8e-04  1.0e-07  6.3e-06 1 0 0 0 0 1 0 fwd conv2d_host_validation_random_GROUP_NHWC_f16 (90 of 107)
30720      (30715 5 0 0) 1.0 (1412.0000000000 1413.0000000000)  1.000000  0.000146  7.6e-04  7.6e-04  1.1e-07  7.5e-06 0 1 0 0 1 0 1 fwd padding_kernel_all_fwd_CHECK_RESNET50_CONFIG2_f16 (91 of 107)
30720      (30709 11 0 0) 1.0 (1352.0000000000 1351.0000000000)  1.000000  0.000309  9.5e-04  9.5e-04  2.7e-07  1.1e-05 0 1 0 0 1 0 1 fwd padding_kernel_all_fwd_CHECK_RESNET50_CONFIG4_f16 (92 of 107)
882        (882 0 0 0) 0.0 (0.0000000000 0.0000000000)  0.000000  0.000000  0.0e+00  0.0e+00  0.0e+00  0.0e+00 0 1 0 0 1 0 1 bwd_weight padding_kernel_all_wrw_CHECK_RESNET50_CONFIG2_f16 (93 of 107)
882        (881 1 0 0) 1.0 (40288.0000000000 40320.0000000000)  32.000000  0.036281  7.9e-04  7.9e-04  9.0e-07  2.3e-05 0 1 0 0 1 0 1 bwd_weight padding_kernel_all_wrw_CHECK_RESNET50_CONFIG4_f16 (94 of 107)
205520896  (205476470 44424 2 0) 2.0 (1025.0000000000 1024.0000000000)  1.000000  0.000213  9.8e-04  9.8e-04  1.6e-07  8.8e-06 0 1 1 0 1 0 1 fwd padding_kernel_gemmK_CHECK_RESNET50_F16_CONFIG1 (95 of 107)
205520896  (205475856 45040 0 0) 1.0 (1308.0000000000 1309.0000000000)  1.000000  0.000219  9.2e-04  9.2e-04  1.7e-07  8.9e-06 0 1 1 0 1 0 1 fwd padding_kernel_gemmK_CHECK_RESNET50_F16_CONFIG2 (96 of 107)
205520896  (205476216 44680 0 0) 1.0 (1315.0000000000 1316.0000000000)  1.000000  0.000217  9.3e-04  9.3e-04  1.6e-07  8.9e-06 0 1 1 0 1 0 1 fwd padding_kernel_gemmK_CHECK_RESNET50_F16_CONFIG4 (97 of 107)
9408       (9408 0 0 0) 0.0 (0.0000000000 0.0000000000)  0.000000  0.000000  0.0e+00  0.0e+00  0.0e+00  0.0e+00 0 1 1 0 1 0 1 bwd_weight padding_kernel_gemmN_CHECK_RESNET50_CONFIG2 (98 of 107)
9408       (9408 0 0 0) 0.0 (0.0000000000 0.0000000000)  0.000000  0.000000  0.0e+00  0.0e+00  0.0e+00  0.0e+00 0 1 1 0 1 0 1 bwd_weight padding_kernel_gemmN_CHECK_RESNET50_CONFIG4 (99 of 107)
6422528    (6418650 3878 0 0) 1.0 (10328.0000000000 10336.0000000000)  8.000000  0.004510  9.0e-04  9.0e-04  4.5e-07  1.7e-05 0 0 0 0 1 0 1 fwd Resnet50_validation_nchw_CHECK_NCHW_1_f16 (100 of 107)
25690112   (25685709 4401 2 0) 2.0 (1024.0000000000 1025.0000000000)  1.000000  0.000170  9.8e-04  9.8e-04  1.5e-07  9.0e-06 0 0 0 0 1 0 1 fwd Resnet50_validation_nchw_CHECK_NCHW_2_f16 (101 of 107)
147456     (147456 0 0 0) 0.0 (0.0000000000 0.0000000000)  0.000000  0.000000  0.0e+00  0.0e+00  0.0e+00  0.0e+00 0 0 0 0 1 0 1 bwd_weight Resnet50_validation_nchw_CHECK_NCHW_3_f16 (102 of 107)
65536      (65536 0 0 0) 0.0 (0.0000000000 0.0000000000)  0.000000  0.000000  0.0e+00  0.0e+00  0.0e+00  0.0e+00 0 0 0 0 1 0 1 bwd_weight Resnet50_validation_nchw_CHECK_NCHW_4_f16 (103 of 107)
6422528    (6418659 3869 0 0) 1.0 (6836.0000000000 6840.0000000000)  8.000000  0.004475  9.4e-04  9.4e-04  4.5e-07  1.6e-05 0 0 0 0 1 0 1 fwd Resnet50_validation_nhwc_CHECK_NHWC_1_f16 (104 of 107)
25690112   (25685749 4362 1 0) 2.0 (1025.0000000000 1024.0000000000)  1.000000  0.000168  9.8e-04  9.8e-04  1.5e-07  8.4e-06 0 0 0 0 1 0 1 fwd Resnet50_validation_nhwc_CHECK_NHWC_2_f16 (105 of 107)
147456     (147456 0 0 0) 0.0 (0.0000000000 0.0000000000)  0.000000  0.000000  0.0e+00  0.0e+00  0.0e+00  0.0e+00 0 0 0 0 1 0 1 bwd_weight Resnet50_validation_nhwc_CHECK_NHWC_3_f16 (106 of 107)
65536      (65536 0 0 0) 0.0 (0.0000000000 0.0000000000)  0.000000  0.000000  0.0e+00  0.0e+00  0.0e+00  0.0e+00 0 0 0 0 1 0 1 bwd_weight Resnet50_validation_nhwc_CHECK_NHWC_4_f16 (107 of 107)
