25690112   (25682052 8060 0 0) 1.0 (57984.0000000000 57952.0000000000) 32.000000 0.010040 5.7e-04 5.7e-04 (55776.0000000000 55808.0000000000) 1.7e-07 9.2e-06 1 0 0 0 0 1 0 fwd conv2d_harness_cpu_verifier_kyxc_nhwc_nhwk_f16_E2E_f16 (1 of 107)
802816     (802734 82 0 0) 1.0 (3644.0000000000 3642.0000000000) 2.000000 0.000204 5.9e-04 5.9e-04 (3362.0000000000 3364.0000000000) 5.7e-08 4.9e-06 0 1 1 0 1 0 1 bwd_data conv2d_host_validation_f16_bwd_CHECK_BWD_DATA1 (2 of 107)
4096       (4096 0 0 0) 0.0 (0.0000000000 0.0000000000) 0.000000 0.000000 0.0e+00 0.0e+00 (0.0000000000 0.0000000000) 0.0e+00 0.0e+00 0 1 1 0 1 0 1 bwd_weight conv2d_host_validation_f16_bwd_CHECK_BWD_WEIGHT1 (3 of 107)
147456     (147456 0 0 0) 0.0 (0.0000000000 0.0000000000) 0.000000 0.000000 0.0e+00 0.0e+00 (0.0000000000 0.0000000000) 0.0e+00 0.0e+00 0 1 1 0 1 0 1 bwd_weight conv2d_host_validation_f16_bwd_CHECK_ISSUE_127_10 (4 of 107)
294912     (294912 0 0 0) 0.0 (0.0000000000 0.0000000000) 0.000000 0.000000 0.0e+00 0.0e+00 (0.0000000000 0.0000000000) 0.0e+00 0.0e+00 0 1 1 0 1 0 1 bwd_weight conv2d_host_validation_f16_bwd_CHECK_ISSUE_127_15 (5 of 107)
589824     (589824 0 0 0) 0.0 (0.0000000000 0.0000000000) 0.000000 0.000000 0.0e+00 0.0e+00 (0.0000000000 0.0000000000) 0.0e+00 0.0e+00 0 1 1 0 1 0 1 bwd_weight conv2d_host_validation_f16_bwd_CHECK_ISSUE_127_16 (6 of 107)
1179648    (1179648 0 0 0) 0.0 (0.0000000000 0.0000000000) 0.000000 0.000000 0.0e+00 0.0e+00 (0.0000000000 0.0000000000) 0.0e+00 0.0e+00 0 1 1 0 1 0 1 bwd_weight conv2d_host_validation_f16_bwd_CHECK_ISSUE_127_17 (7 of 107)
147456     (147456 0 0 0) 0.0 (0.0000000000 0.0000000000) 0.000000 0.000000 0.0e+00 0.0e+00 (0.0000000000 0.0000000000) 0.0e+00 0.0e+00 0 1 1 0 1 0 1 bwd_weight conv2d_host_validation_f16_bwd_CHECK_ISSUE_127_18 (8 of 107)
2097152    (2097152 0 0 0) 0.0 (0.0000000000 0.0000000000) 0.000000 0.000000 0.0e+00 0.0e+00 (0.0000000000 0.0000000000) 0.0e+00 0.0e+00 0 1 1 0 1 0 1 bwd_weight conv2d_host_validation_f16_bwd_CHECK_ISSUE_127_6 (9 of 107)
262144     (262144 0 0 0) 0.0 (0.0000000000 0.0000000000) 0.000000 0.000000 0.0e+00 0.0e+00 (0.0000000000 0.0000000000) 0.0e+00 0.0e+00 0 1 1 0 1 0 1 bwd_weight conv2d_host_validation_f16_bwd_CHECK_ISSUE_127_7 (10 of 107)
147456     (147456 0 0 0) 0.0 (0.0000000000 0.0000000000) 0.000000 0.000000 0.0e+00 0.0e+00 (0.0000000000 0.0000000000) 0.0e+00 0.0e+00 0 1 1 0 1 0 1 bwd_weight conv2d_host_validation_f16_bwd_CHECK_ISSUE_127_8 (11 of 107)
147456     (147456 0 0 0) 0.0 (0.0000000000 0.0000000000) 0.000000 0.000000 0.0e+00 0.0e+00 (0.0000000000 0.0000000000) 0.0e+00 0.0e+00 0 1 1 0 1 0 1 bwd_weight conv2d_host_validation_f16_bwd_CHECK_ISSUE_127_9 (12 of 107)
1024       (1024 0 0 0) 0.0 (0.0000000000 0.0000000000) 0.000000 0.000000 0.0e+00 0.0e+00 (0.0000000000 0.0000000000) 0.0e+00 0.0e+00 0 1 1 0 1 0 1 bwd_weight conv2d_host_validation_f16_bwd_CHECK_ISSUE_70_1 (13 of 107)
65536      (65536 0 0 0) 0.0 (0.0000000000 0.0000000000) 0.000000 0.000000 0.0e+00 0.0e+00 (0.0000000000 0.0000000000) 0.0e+00 0.0e+00 0 1 1 0 1 0 1 bwd_weight conv2d_host_validation_f16_bwd_CHECK_ISSUE_70_2 (14 of 107)
4096       (4096 0 0 0) 0.0 (0.0000000000 0.0000000000) 0.000000 0.000000 0.0e+00 0.0e+00 (0.0000000000 0.0000000000) 0.0e+00 0.0e+00 0 1 1 0 1 0 1 bwd_weight conv2d_host_validation_f16_bwd_CHECK_ISSUE_70_3 (15 of 107)
1024       (1024 0 0 0) 0.0 (0.0000000000 0.0000000000) 0.000000 0.000000 0.0e+00 0.0e+00 (0.0000000000 0.0000000000) 0.0e+00 0.0e+00 0 1 1 0 1 0 1 bwd_weight conv2d_host_validation_f16_bwd_CHECK_ISSUE_71_1 (16 of 107)
1024       (1024 0 0 0) 0.0 (0.0000000000 0.0000000000) 0.000000 0.000000 0.0e+00 0.0e+00 (0.0000000000 0.0000000000) 0.0e+00 0.0e+00 0 1 1 0 1 0 1 bwd_weight conv2d_host_validation_f16_bwd_CHECK_ISSUE_71_2 (17 of 107)
1024       (1024 0 0 0) 0.0 (0.0000000000 0.0000000000) 0.000000 0.000000 0.0e+00 0.0e+00 (0.0000000000 0.0000000000) 0.0e+00 0.0e+00 0 1 1 0 1 0 1 bwd_weight conv2d_host_validation_f16_bwd_CHECK_ISSUE_71_3 (18 of 107)
1024       (1024 0 0 0) 0.0 (0.0000000000 0.0000000000) 0.000000 0.000000 0.0e+00 0.0e+00 (0.0000000000 0.0000000000) 0.0e+00 0.0e+00 0 1 1 0 1 0 1 bwd_weight conv2d_host_validation_f16_bwd_CHECK_ISSUE_71_4 (19 of 107)
12845056   (12843142 1914 0 0) 1.0 (16368.0000000000 16376.0000000000) 16.000000 0.001312 9.8e-04 9.8e-04 (16384.0000000000 16400.0000000000) 9.0e-08 6.4e-06 0 0 0 0 0 1 0 fwd conv2d_host_validation_f16_CHECK_RESNET101_NCHW_CONFIG1_FWD_f16 (20 of 107)
12845056   (12843169 1887 0 0) 1.0 (16080.0000000000 16072.0000000000) 16.000000 0.001205 9.8e-04 9.8e-04 (16384.0000000000 16400.0000000000) 9.3e-08 5.9e-06 0 0 0 0 0 1 0 fwd conv2d_host_validation_f16_CHECK_RESNET101_NCHW_CONFIG2_FWD_f16 (21 of 107)
25690112   (25686014 4098 0 0) 1.0 (14336.0000000000 14344.0000000000) 8.000000 0.001276 5.9e-04 5.9e-04 (13480.0000000000 13488.0000000000) 8.9e-08 6.4e-06 0 0 0 0 0 1 0 bwd_data conv2d_host_validation_f16_CHECK_RESNET101_NCHW_CONFIG8_BWD_f16 (22 of 107)
102760448  (102752314 8134 0 0) 1.0 (3628.0000000000 3630.0000000000) 2.000000 0.000158 6.3e-04 6.3e-04 (3150.0000000000 3148.0000000000) 4.4e-08 4.2e-06 0 0 0 0 0 1 0 fwd conv2d_host_validation_f16_CHECK_RESNET101_NCHW_CONFIG8_FWD_f16 (23 of 107)
16384      (16384 0 0 0) 0.0 (0.0000000000 0.0000000000) 0.000000 0.000000 0.0e+00 0.0e+00 (0.0000000000 0.0000000000) 0.0e+00 0.0e+00 0 0 0 0 0 1 0 bwd_weight conv2d_host_validation_f16_CHECK_RESNET101_NCHW_CONFIG8_WRW_f16 (24 of 107)
12845056   (12843204 1852 0 0) 1.0 (16312.0000000000 16304.0000000000) 16.000000 0.001257 9.8e-04 9.8e-04 (16384.0000000000 16400.0000000000) 8.6e-08 6.2e-06 0 0 0 0 0 1 0 fwd conv2d_host_validation_f16_CHECK_RESNET101_NHWC_CONFIG1_FWD_f16 (25 of 107)
12845056   (12843292 1764 0 0) 1.0 (16016.0000000000 16024.0000000000) 16.000000 0.001143 9.8e-04 9.8e-04 (16384.0000000000 16400.0000000000) 8.5e-08 5.8e-06 0 0 0 0 0 1 0 fwd conv2d_host_validation_f16_CHECK_RESNET101_NHWC_CONFIG2_FWD_f16 (26 of 107)
25690112   (25686058 4054 0 0) 1.0 (14528.0000000000 14520.0000000000) 8.000000 0.001262 6.0e-04 6.0e-04 (13400.0000000000 13408.0000000000) 8.8e-08 6.4e-06 0 0 0 0 0 1 0 bwd_data conv2d_host_validation_f16_CHECK_RESNET101_NHWC_CONFIG8_BWD_f16 (27 of 107)
102760448  (102752255 8193 0 0) 1.0 (3554.0000000000 3552.0000000000) 2.000000 0.000159 6.5e-04 6.5e-04 (3094.0000000000 3096.0000000000) 4.4e-08 4.2e-06 0 0 0 0 0 1 0 fwd conv2d_host_validation_f16_CHECK_RESNET101_NHWC_CONFIG8_FWD_f16 (28 of 107)
16384      (16384 0 0 0) 0.0 (0.0000000000 0.0000000000) 0.000000 0.000000 0.0e+00 0.0e+00 (0.0000000000 0.0000000000) 0.0e+00 0.0e+00 0 0 0 0 0 1 0 bwd_weight conv2d_host_validation_f16_CHECK_RESNET101_NHWC_CONFIG8_WRW_f16 (29 of 107)
4194304    (4194304 0 0 0) 0.0 (0.0000000000 0.0000000000) 0.000000 0.000000 0.0e+00 0.0e+00 (0.0000000000 0.0000000000) 0.0e+00 0.0e+00 0 1 1 0 1 0 1 fwd conv2d_host_validation_f16_fwd_CHECK_FILTER1_f16 (30 of 107)
4194304    (4194304 0 0 0) 0.0 (0.0000000000 0.0000000000) 0.000000 0.000000 0.0e+00 0.0e+00 (0.0000000000 0.0000000000) 0.0e+00 0.0e+00 0 1 1 0 1 0 1 fwd conv2d_host_validation_f16_fwd_CHECK_FILTER2_f16 (31 of 107)
16777216   (16777203 13 0 0) 1.0 (588.5000000000 589.0000000000) 0.500000 0.000000 9.7e-04 9.7e-04 (517.5000000000 517.0000000000) 4.5e-10 4.1e-07 0 1 1 0 1 0 1 fwd conv2d_host_validation_f16_fwd_CHECK_ISSUE_114_1_f16 (32 of 107)
16777216   (16777199 17 0 0) 1.0 (516.5000000000 517.0000000000) 0.500000 0.000000 9.7e-04 9.7e-04 (516.5000000000 517.0000000000) 6.0e-10 4.6e-07 0 1 1 0 1 0 1 fwd conv2d_host_validation_f16_fwd_CHECK_ISSUE_114_2_f16 (33 of 107)
4194304    (4194303 1 0 0) 1.0 (501.5000000000 501.2500000000) 0.250000 0.000000 5.0e-04 5.0e-04 (501.5000000000 501.2500000000) 1.2e-10 1.9e-07 0 1 1 0 1 0 1 fwd conv2d_host_validation_f16_fwd_CHECK_ISSUE_114_3_f16 (34 of 107)
4194304    (4194300 4 0 0) 1.0 (458.0000000000 458.2500000000) 0.250000 0.000000 6.0e-04 6.0e-04 (419.0000000000 419.2500000000) 5.2e-10 3.7e-07 0 1 1 0 1 0 1 fwd conv2d_host_validation_f16_fwd_CHECK_ISSUE_114_4_f16 (35 of 107)
16777216   (16777199 17 0 0) 1.0 (432.2500000000 432.5000000000) 0.500000 0.000000 9.7e-04 9.7e-04 (513.5000000000 513.0000000000) 6.1e-10 4.8e-07 0 1 1 0 1 0 1 fwd conv2d_host_validation_f16_fwd_CHECK_ISSUE_114_5_f16 (36 of 107)
16777216   (16777196 20 0 0) 1.0 (445.2500000000 445.0000000000) 0.500000 0.000000 9.6e-04 9.6e-04 (518.5000000000 519.0000000000) 6.8e-10 4.7e-07 0 1 1 0 1 0 1 fwd conv2d_host_validation_f16_fwd_CHECK_ISSUE_114_6_f16 (37 of 107)
4194304    (4194299 5 0 0) 1.0 (441.7500000000 442.0000000000) 0.250000 0.000000 5.7e-04 5.7e-04 (441.7500000000 442.0000000000) 6.3e-10 4.1e-07 0 1 1 0 1 0 1 fwd conv2d_host_validation_f16_fwd_CHECK_ISSUE_114_7_f16 (38 of 107)
4194304    (4194298 6 0 0) 1.0 (458.5000000000 458.2500000000) 0.500000 0.000000 9.6e-04 9.6e-04 (519.0000000000 518.5000000000) 9.5e-10 6.5e-07 0 1 1 0 1 0 1 fwd conv2d_host_validation_f16_fwd_CHECK_ISSUE_114_8_f16 (39 of 107)
12845056   (12845036 20 0 0) 1.0 (57408.0000000000 57376.0000000000) 32.000000 0.000050 5.6e-04 5.6e-04 (56704.0000000000 56672.0000000000) 8.7e-10 0.0e+00 0 1 1 0 1 0 1 fwd conv2d_host_validation_f16_fwd_CHECK_ISSUE_127_11_f16 (40 of 107)
12845056   (12844966 90 0 0) 1.0 (57728.0000000000 57760.0000000000) 32.000000 0.000224 5.7e-04 5.7e-04 (56000.0000000000 55968.0000000000) 3.9e-09 0.0e+00 0 1 1 0 1 0 1 fwd conv2d_host_validation_f16_fwd_CHECK_ISSUE_127_12_f16 (41 of 107)
12845056   (12844700 356 0 0) 1.0 (58464.0000000000 58496.0000000000) 32.000000 0.000887 5.7e-04 5.7e-04 (55904.0000000000 55872.0000000000) 1.5e-08 0.0e+00 0 1 1 0 1 0 1 fwd conv2d_host_validation_f16_fwd_CHECK_ISSUE_127_13_f16 (42 of 107)
12845056   (12845049 7 0 0) 1.0 (57088.0000000000 57056.0000000000) 32.000000 0.000017 5.6e-04 5.6e-04 (56960.0000000000 56928.0000000000) 3.0e-10 0.0e+00 0 1 1 0 1 0 1 fwd conv2d_host_validation_f16_fwd_CHECK_ISSUE_127_14_f16 (43 of 107)
12845056   (12845056 0 0 0) 0.0 (0.0000000000 0.0000000000) 0.000000 0.000000 0.0e+00 0.0e+00 (0.0000000000 0.0000000000) 0.0e+00 0.0e+00 0 1 1 0 1 0 1 fwd conv2d_host_validation_f16_fwd_CHECK_ISSUE_127_1_f16 (44 of 107)
6422528    (6422528 0 0 0) 0.0 (0.0000000000 0.0000000000) 0.000000 0.000000 0.0e+00 0.0e+00 (0.0000000000 0.0000000000) 0.0e+00 0.0e+00 0 1 1 0 1 0 1 fwd conv2d_host_validation_f16_fwd_CHECK_ISSUE_127_2_f16 (45 of 107)
25690112   (25681346 8691 75 0) inf (inf 65504.0000000000) inf inf inf inf (65504.0000000000 inf) -nan -nan 0 1 1 0 1 0 1 fwd conv2d_host_validation_f16_fwd_CHECK_ISSUE_127_3_f16 (46 of 107)
12845056   (12845056 0 0 0) 0.0 (0.0000000000 0.0000000000) 0.000000 0.000000 0.0e+00 0.0e+00 (0.0000000000 0.0000000000) 0.0e+00 0.0e+00 0 1 1 0 1 0 1 fwd conv2d_host_validation_f16_fwd_CHECK_ISSUE_127_4_f16 (47 of 107)
12845056   (12844940 116 0 0) 1.0 (57312.0000000000 57344.0000000000) 32.000000 0.000289 5.7e-04 5.7e-04 (56512.0000000000 56544.0000000000) 5.0e-09 0.0e+00 0 1 1 0 1 0 1 fwd conv2d_host_validation_f16_fwd_CHECK_ISSUE_127_5_f16 (48 of 107)
7372800    (7372271 529 0 0) 1.0 (3996.0000000000 3998.0000000000) 4.000000 0.000176 9.8e-04 9.8e-04 (4096.0000000000 4100.0000000000) 4.4e-08 4.7e-06 0 1 1 0 1 0 1 fwd conv2d_host_validation_f16_fwd_CHECK_ISSUE_40_1_f16 (49 of 107)
3440640    (3440273 367 0 0) 1.0 (8108.0000000000 8112.0000000000) 8.000000 0.000495 9.8e-04 9.8e-04 (8200.0000000000 8192.0000000000) 6.1e-08 5.6e-06 0 1 1 0 1 0 1 fwd conv2d_host_validation_f16_fwd_CHECK_ISSUE_40_2_f16 (50 of 107)
6422528    (6421460 1068 0 0) 1.0 (22000.0000000000 21984.0000000000) 16.000000 0.002661 7.4e-04 7.4e-04 (21584.0000000000 21600.0000000000) 1.2e-07 8.6e-06 0 1 1 0 1 0 1 fwd conv2d_host_validation_f16_fwd_CHECK_ISSUE_40_3_f16 (51 of 107)
14745600   (14743952 1648 0 0) 1.0 (11632.0000000000 11640.0000000000) 8.000000 0.000892 9.6e-04 9.6e-04 (8336.0000000000 8344.0000000000) 8.1e-08 6.9e-06 0 1 1 0 1 0 1 fwd conv2d_host_validation_f16_fwd_CHECK_ISSUE_40_4_f16 (52 of 107)
6881280    (6880583 697 0 0) 1.0 (6868.0000000000 6872.0000000000) 4.000000 0.000405 6.4e-04 6.4e-04 (6280.0000000000 6284.0000000000) 6.0e-08 5.3e-06 0 1 0 0 0 0 1 fwd conv2d_host_validation_f16_fwd_CHECK_ISSUE_40_5_f16 (53 of 107)
1048576    (1048437 139 0 0) 1.0 (11392.0000000000 11400.0000000000) 8.000000 0.001060 7.5e-04 7.5e-04 (10664.0000000000 10672.0000000000) 9.4e-08 7.4e-06 0 1 1 0 1 0 1 fwd conv2d_host_validation_f16_fwd_CHECK_ISSUE_41_10_f16 (54 of 107)
12845056   (12844141 915 0 0) 1.0 (4204.0000000000 4208.0000000000) 4.000000 0.000175 9.8e-04 9.8e-04 (4096.0000000000 4100.0000000000) 4.3e-08 4.7e-06 0 1 1 0 1 0 1 fwd conv2d_host_validation_f16_fwd_CHECK_ISSUE_41_11_f16 (55 of 107)
9437184    (9436048 1136 0 0) 1.0 (11256.0000000000 11248.0000000000) 8.000000 0.000963 7.6e-04 7.6e-04 (10592.0000000000 10600.0000000000) 8.6e-08 7.1e-06 0 1 1 0 1 0 1 fwd conv2d_host_validation_f16_fwd_CHECK_ISSUE_41_12_f16 (56 of 107)
921600     (921536 64 0 0) 1.0 (4128.0000000000 4132.0000000000) 4.000000 0.000178 9.8e-04 9.8e-04 (4096.0000000000 4100.0000000000) 4.4e-08 4.8e-06 0 1 1 0 1 0 1 fwd conv2d_host_validation_f16_fwd_CHECK_ISSUE_41_2_f16 (57 of 107)
1605632    (1605508 124 0 0) 1.0 (3924.0000000000 3922.0000000000) 4.000000 0.000183 9.7e-04 9.7e-04 (4104.0000000000 4100.0000000000) 4.5e-08 4.7e-06 0 1 1 0 1 0 1 fwd conv2d_host_validation_f16_fwd_CHECK_ISSUE_41_3_f16 (58 of 107)
200704     (200689 15 0 0) 1.0 (3980.0000000000 3982.0000000000) 4.000000 0.000159 9.7e-04 9.7e-04 (4104.0000000000 4100.0000000000) 4.0e-08 4.1e-06 0 1 1 0 1 0 1 fwd conv2d_host_validation_f16_fwd_CHECK_ISSUE_41_4_f16 (59 of 107)
1605632    (1605446 186 0 0) 1.0 (7964.0000000000 7960.0000000000) 8.000000 0.000561 9.8e-04 9.8e-04 (8200.0000000000 8192.0000000000) 6.9e-08 6.1e-06 0 1 1 0 1 0 1 fwd conv2d_host_validation_f16_fwd_CHECK_ISSUE_41_5_f16 (60 of 107)
802816     (802757 59 0 0) 1.0 (3902.0000000000 3904.0000000000) 4.000000 0.000172 9.7e-04 9.7e-04 (4112.0000000000 4108.0000000000) 4.3e-08 4.5e-06 0 1 1 0 1 0 1 fwd conv2d_host_validation_f16_fwd_CHECK_ISSUE_41_6_f16 (61 of 107)
4194304    (4194023 281 0 0) 1.0 (2718.0000000000 2716.0000000000) 4.000000 0.000156 9.8e-04 9.8e-04 (4096.0000000000 4100.0000000000) 4.2e-08 4.3e-06 0 1 1 0 1 0 1 fwd conv2d_host_validation_f16_fwd_CHECK_ISSUE_41_7_f16 (62 of 107)
3211264    (3210867 397 0 0) 1.0 (11280.0000000000 11272.0000000000) 8.000000 0.000975 9.3e-04 9.3e-04 (8640.0000000000 8648.0000000000) 9.1e-08 7.2e-06 0 1 1 0 1 0 1 fwd conv2d_host_validation_f16_fwd_CHECK_ISSUE_41_8_f16 (63 of 107)
2359296    (2359142 154 0 0) 1.0 (3874.0000000000 3876.0000000000) 4.000000 0.000152 9.7e-04 9.7e-04 (4108.0000000000 4104.0000000000) 3.8e-08 4.2e-06 0 1 1 0 1 0 1 fwd conv2d_host_validation_f16_fwd_CHECK_ISSUE_41_9_f16 (64 of 107)
25690112   (25681796 8316 0 0) 1.0 (57440.0000000000 57472.0000000000) 32.000000 0.010359 5.8e-04 5.8e-04 (55456.0000000000 55424.0000000000) 1.8e-07 9.6e-06 0 1 1 0 1 0 1 fwd conv2d_host_validation_f16_fwd_CHECK_KCYX_NCHW_NKHW1_f16 (65 of 107)
3686400    (3686244 156 0 0) 1.0 (2224.0000000000 2222.0000000000) 2.000000 0.000055 9.8e-04 9.8e-04 (2050.0000000000 2052.0000000000) 2.7e-08 3.6e-06 0 1 1 0 1 0 1 fwd conv2d_host_validation_f16_fwd_CHECK_KCYX_NCHW_NKHW2_f16 (66 of 107)
409600     (409581 19 0 0) 1.0 (1878.0000000000 1879.0000000000) 2.000000 0.000059 9.7e-04 9.7e-04 (2054.0000000000 2052.0000000000) 2.9e-08 3.7e-06 0 1 1 0 1 0 1 fwd conv2d_host_validation_f16_fwd_CHECK_KCYX_NCHW_NKHW3_f16 (67 of 107)
147456     (147450 6 0 0) 1.0 (2100.0000000000 2102.0000000000) 2.000000 0.000054 9.5e-04 9.5e-04 (2100.0000000000 2102.0000000000) 2.7e-08 3.7e-06 0 1 1 0 1 0 1 fwd conv2d_host_validation_f16_fwd_CHECK_KCYX_NCHW_NKHW4_f16 (68 of 107)
102400     (102393 7 0 0) 1.0 (1979.0000000000 1978.0000000000) 2.000000 0.000078 9.6e-04 9.6e-04 (2078.0000000000 2076.0000000000) 4.0e-08 4.1e-06 0 1 1 0 1 0 1 fwd conv2d_host_validation_f16_fwd_CHECK_KCYX_NCHW_NKHW5_f16 (69 of 107)
15745024   (15744134 890 0 0) 1.0 (1791.0000000000 1790.0000000000) 1.000000 0.000057 6.7e-04 6.7e-04 (1494.0000000000 1495.0000000000) 3.1e-08 3.4e-06 0 1 1 0 1 0 1 fwd conv2d_host_validation_f16_fwd_CHECK_KCYX_NCHW_NKHW6_f16 (70 of 107)
13778944   (13777401 1543 0 0) 1.0 (7240.0000000000 7236.0000000000) 4.000000 0.000448 6.0e-04 6.0e-04 (6668.0000000000 6664.0000000000) 6.2e-08 5.3e-06 0 1 1 0 1 0 1 fwd conv2d_host_validation_f16_fwd_CHECK_KCYX_NCHW_NKHW7_f16 (71 of 107)
25690112   (25681855 8257 0 0) 1.0 (57696.0000000000 57728.0000000000) 32.000000 0.010285 5.7e-04 5.7e-04 (55776.0000000000 55808.0000000000) 1.8e-07 9.2e-06 0 1 1 0 1 0 1 fwd conv2d_host_validation_f16_fwd_CHECK_KYXC_NHWC_NHWK1_f16 (72 of 107)
3686400    (3686203 197 0 0) 1.0 (1989.0000000000 1990.0000000000) 2.000000 0.000069 9.8e-04 9.8e-04 (2048.0000000000 2050.0000000000) 3.4e-08 4.1e-06 0 1 1 0 1 0 1 fwd conv2d_host_validation_f16_fwd_CHECK_KYXC_NHWC_NHWK2_f16 (73 of 107)
409600     (409581 19 0 0) 1.0 (1863.0000000000 1862.0000000000) 2.000000 0.000054 9.5e-04 9.5e-04 (2098.0000000000 2096.0000000000) 2.7e-08 3.3e-06 0 1 1 0 1 0 1 fwd conv2d_host_validation_f16_fwd_CHECK_KYXC_NHWC_NHWK3_f16 (74 of 107)
147456     (147444 12 0 0) 1.0 (2164.0000000000 2166.0000000000) 2.000000 0.000109 9.7e-04 9.7e-04 (2070.0000000000 2072.0000000000) 5.3e-08 5.3e-06 0 1 1 0 1 0 1 fwd conv2d_host_validation_f16_fwd_CHECK_KYXC_NHWC_NHWK4_f16 (75 of 107)
102400     (102397 3 0 0) 1.0 (1960.0000000000 1959.0000000000) 2.000000 0.000039 9.7e-04 9.7e-04 (2062.0000000000 2064.0000000000) 1.9e-08 3.1e-06 0 1 1 0 1 0 1 fwd conv2d_host_validation_f16_fwd_CHECK_KYXC_NHWC_NHWK5_f16 (76 of 107)
15745024   (15744154 870 0 0) 1.0 (1739.0000000000 1738.0000000000) 1.000000 0.000055 6.5e-04 6.5e-04 (1537.0000000000 1536.0000000000) 3.1e-08 3.3e-06 0 1 1 0 1 0 1 fwd conv2d_host_validation_f16_fwd_CHECK_KYXC_NHWC_NHWK6_f16 (77 of 107)
13778944   (13777388 1556 0 0) 1.0 (7388.0000000000 7384.0000000000) 4.000000 0.000452 6.0e-04 6.0e-04 (6692.0000000000 6696.0000000000) 6.3e-08 5.3e-06 0 1 1 0 1 0 1 fwd conv2d_host_validation_f16_fwd_CHECK_KYXC_NHWC_NHWK7_f16 (78 of 107)
802816     (802770 46 0 0) 1.0 (1363.0000000000 1362.0000000000) 2.000000 0.000067 9.8e-04 9.8e-04 (2050.0000000000 2052.0000000000) 4.0e-08 3.8e-06 0 1 1 0 1 0 1 fwd conv2d_host_validation_f16_fwd_CHECK_PADDING1_f16 (79 of 107)
802816     (802780 36 0 0) 1.0 (2232.0000000000 2234.0000000000) 2.000000 0.000052 9.7e-04 9.7e-04 (2058.0000000000 2060.0000000000) 2.8e-08 3.3e-06 0 1 1 0 1 0 1 fwd conv2d_host_validation_f16_fwd_CHECK_PADDING2_f16 (80 of 107)
2048       (2048 0 0 0) 0.0 (0.0000000000 0.0000000000) 0.000000 0.000000 0.0e+00 0.0e+00 (0.0000000000 0.0000000000) 0.0e+00 0.0e+00 0 1 1 0 1 0 1 fwd conv2d_host_validation_f16_fwd_CHECK_PADDING3_f16 (81 of 107)
205520896  (205504660 16236 0 0) 1.0 (3902.0000000000 3900.0000000000) 2.000000 0.000158 6.4e-04 6.4e-04 (3114.0000000000 3116.0000000000) 4.4e-08 4.1e-06 0 1 0 0 1 0 1 fwd conv2d_host_validation_f32_fwd_GROUP_NCHW_f16 (82 of 107)
51380224   (51376095 4129 0 0) 1.0 (3624.0000000000 3626.0000000000) 2.000000 0.000161 6.2e-04 6.2e-04 (3204.0000000000 3202.0000000000) 4.5e-08 4.3e-06 1 0 0 0 0 1 0 fwd conv2d_host_validation_random_CHECK_KCYX_NCHW_NKHW_5_f16 (83 of 107)
51380224   (51376073 4151 0 0) 1.0 (3564.0000000000 3562.0000000000) 2.000000 0.000162 6.4e-04 6.4e-04 (3134.0000000000 3132.0000000000) 4.5e-08 4.2e-06 1 0 0 0 0 1 0 fwd conv2d_host_validation_random_CHECK_KCYX_NCHW_NKHW_6_f16 (84 of 107)
47775744   (47764592 11152 0 0) 1.0 (32256.0000000000 32272.0000000000) 32.000000 0.004027 9.8e-04 9.8e-04 (32768.0000000000 32800.0000000000) 1.2e-07 7.9e-06 1 0 0 0 0 1 0 fwd conv2d_host_validation_random_CHECK_KCYX_NCHW_NKHW_7_f16 (85 of 107)
51380224   (51368295 11929 0 0) 1.0 (32608.0000000000 32592.0000000000) 32.000000 0.004008 9.8e-04 9.8e-04 (32768.0000000000 32800.0000000000) 1.3e-07 7.9e-06 1 0 0 0 0 1 0 fwd conv2d_host_validation_random_CHECK_KCYX_NCHW_NKHW_8_f16 (86 of 107)
16777216   (16777201 15 0 0) 1.0 (544.5000000000 545.0000000000) 0.500000 0.000000 9.5e-04 9.5e-04 (526.0000000000 526.5000000000) 5.4e-10 4.7e-07 1 0 0 0 0 1 0 fwd conv2d_host_validation_random_CHECK_KYXC_NHWC_NHWK_4_f16 (87 of 107)
16777216   (16777205 11 0 0) 1.0 (495.0000000000 495.2500000000) 0.500000 0.000000 9.8e-04 9.8e-04 (512.5000000000 513.0000000000) 3.9e-10 3.9e-07 1 0 0 0 0 1 0 fwd conv2d_host_validation_random_CHECK_KYXC_NHWC_NHWK_5_f16 (88 of 107)
25690112   (25681803 8309 0 0) 1.0 (57120.0000000000 57088.0000000000) 32.000000 0.010350 5.8e-04 5.8e-04 (55648.0000000000 55616.0000000000) 1.8e-07 9.6e-06 1 0 1 0 0 1 0 fwd conv2d_host_validation_random_CHECK_RAND_FLOAT_2_f16 (89 of 107)
205520896  (205504670 16226 0 0) 1.0 (3548.0000000000 3546.0000000000) 4.000000 0.000158 9.8e-04 9.8e-04 (4100.0000000000 4104.0000000000) 4.4e-08 4.1e-06 1 0 0 0 0 1 0 fwd conv2d_host_validation_random_GROUP_NHWC_f16 (90 of 107)
30720      (30719 1 0 0) 1.0 (8280.0000000000 8288.0000000000) 8.000000 0.000260 9.7e-04 9.7e-04 (8280.0000000000 8288.0000000000) 3.1e-08 5.1e-06 0 1 0 0 1 0 1 fwd padding_kernel_all_fwd_CHECK_RESNET50_CONFIG2_f16 (91 of 107)
30720      (30716 4 0 0) 1.0 (8068.0000000000 8064.0000000000) 8.000000 0.000651 9.6e-04 9.6e-04 (8360.0000000000 8352.0000000000) 8.6e-08 6.7e-06 0 1 0 0 1 0 1 fwd padding_kernel_all_fwd_CHECK_RESNET50_CONFIG4_f16 (92 of 107)
882        (882 0 0 0) 0.0 (0.0000000000 0.0000000000) 0.000000 0.000000 0.0e+00 0.0e+00 (0.0000000000 0.0000000000) 0.0e+00 0.0e+00 0 1 0 0 1 0 1 bwd_weight padding_kernel_all_wrw_CHECK_RESNET50_CONFIG2_f16 (93 of 107)
882        (882 0 0 0) 0.0 (0.0000000000 0.0000000000) 0.000000 0.000000 0.0e+00 0.0e+00 (0.0000000000 0.0000000000) 0.0e+00 0.0e+00 0 1 0 0 1 0 1 bwd_weight padding_kernel_all_wrw_CHECK_RESNET50_CONFIG4_f16 (94 of 107)
205520896  (205502788 18108 0 0) 1.0 (8216.0000000000 8208.0000000000) 8.000000 0.000522 9.8e-04 9.8e-04 (8192.0000000000 8200.0000000000) 6.4e-08 6.3e-06 0 1 1 0 1 0 1 fwd padding_kernel_gemmK_CHECK_RESNET50_F16_CONFIG1 (95 of 107)
205520896  (205502513 18383 0 0) 1.0 (8160.0000000000 8156.0000000000) 8.000000 0.000537 9.8e-04 9.8e-04 (8192.0000000000 8200.0000000000) 6.5e-08 6.5e-06 0 1 1 0 1 0 1 fwd padding_kernel_gemmK_CHECK_RESNET50_F16_CONFIG2 (96 of 107)
205520896  (205502837 18059 0 0) 1.0 (8020.0000000000 8024.0000000000) 8.000000 0.000529 9.8e-04 9.8e-04 (8192.0000000000 8200.0000000000) 6.4e-08 6.4e-06 0 1 1 0 1 0 1 fwd padding_kernel_gemmK_CHECK_RESNET50_F16_CONFIG4 (97 of 107)
9408       (9408 0 0 0) 0.0 (0.0000000000 0.0000000000) 0.000000 0.000000 0.0e+00 0.0e+00 (0.0000000000 0.0000000000) 0.0e+00 0.0e+00 0 1 1 0 1 0 1 bwd_weight padding_kernel_gemmN_CHECK_RESNET50_CONFIG2 (98 of 107)
9408       (9408 0 0 0) 0.0 (0.0000000000 0.0000000000) 0.000000 0.000000 0.0e+00 0.0e+00 (0.0000000000 0.0000000000) 0.0e+00 0.0e+00 0 1 1 0 1 0 1 bwd_weight padding_kernel_gemmN_CHECK_RESNET50_CONFIG4 (99 of 107)
6422528    (6420459 2058 11 0) inf (65504.0000000000 inf) inf inf inf inf (65504.0000000000 inf) -nan -nan 0 0 0 0 1 0 1 fwd Resnet50_validation_nchw_CHECK_NCHW_1_f16 (100 of 107)
25690112   (25687137 2975 0 0) 1.0 (7176.0000000000 7172.0000000000) 4.000000 0.000463 6.0e-04 6.0e-04 (6620.0000000000 6616.0000000000) 6.4e-08 5.3e-06 0 0 0 0 1 0 1 fwd Resnet50_validation_nchw_CHECK_NCHW_2_f16 (101 of 107)
147456     (147456 0 0 0) 0.0 (0.0000000000 0.0000000000) 0.000000 0.000000 0.0e+00 0.0e+00 (0.0000000000 0.0000000000) 0.0e+00 0.0e+00 0 0 0 0 1 0 1 bwd_weight Resnet50_validation_nchw_CHECK_NCHW_3_f16 (102 of 107)
65536      (65536 0 0 0) 0.0 (0.0000000000 0.0000000000) 0.000000 0.000000 0.0e+00 0.0e+00 (0.0000000000 0.0000000000) 0.0e+00 0.0e+00 0 0 0 0 1 0 1 bwd_weight Resnet50_validation_nchw_CHECK_NCHW_4_f16 (103 of 107)
6422528    (6420496 2017 15 0) inf (65504.0000000000 inf) inf inf inf inf (65504.0000000000 inf) -nan -nan 0 0 0 0 1 0 1 fwd Resnet50_validation_nhwc_CHECK_NHWC_1_f16 (104 of 107)
25690112   (25687204 2908 0 0) 1.0 (7136.0000000000 7132.0000000000) 4.000000 0.000453 6.0e-04 6.0e-04 (6644.0000000000 6648.0000000000) 6.3e-08 5.2e-06 0 0 0 0 1 0 1 fwd Resnet50_validation_nhwc_CHECK_NHWC_2_f16 (105 of 107)
147456     (147456 0 0 0) 0.0 (0.0000000000 0.0000000000) 0.000000 0.000000 0.0e+00 0.0e+00 (0.0000000000 0.0000000000) 0.0e+00 0.0e+00 0 0 0 0 1 0 1 bwd_weight Resnet50_validation_nhwc_CHECK_NHWC_3_f16 (106 of 107)
65536      (65536 0 0 0) 0.0 (0.0000000000 0.0000000000) 0.000000 0.000000 0.0e+00 0.0e+00 (0.0000000000 0.0000000000) 0.0e+00 0.0e+00 0 0 0 0 1 0 1 bwd_weight Resnet50_validation_nhwc_CHECK_NHWC_4_f16 (107 of 107)
