25690112   (25671434 18678 0 0) 1.0 (57600.0000000000 57632.0000000000) 32.000000 0.023266 5.8e-04 5.8e-04 (55392.0000000000 55360.0000000000) 4.0e-07 1.4e-05 1 0 0 0 0 1 0 fwd conv2d_harness_cpu_verifier_kyxc_nhwc_nhwk_f16_E2E_f16 (1 of 107)
802816     (802682 134 0 0) 1.0 (3494.0000000000 3492.0000000000) 2.000000 0.000334 6.1e-04 6.1e-04 (3258.0000000000 3260.0000000000) 9.3e-08 6.2e-06 0 1 1 0 1 0 1 bwd_data conv2d_host_validation_f16_bwd_CHECK_BWD_DATA1 (2 of 107)
4096       (4096 0 0 0) 0.0 (0.0000000000 0.0000000000) 0.000000 0.000000 0.0e+00 0.0e+00 (0.0000000000 0.0000000000) 0.0e+00 0.0e+00 0 1 1 0 1 0 1 bwd_weight conv2d_host_validation_f16_bwd_CHECK_BWD_WEIGHT1 (3 of 107)
147456     (147456 0 0 0) 0.0 (0.0000000000 0.0000000000) 0.000000 0.000000 0.0e+00 0.0e+00 (0.0000000000 0.0000000000) 0.0e+00 0.0e+00 0 1 1 0 1 0 1 bwd_weight conv2d_host_validation_f16_bwd_CHECK_ISSUE_127_10 (4 of 107)
294912     (294912 0 0 0) 0.0 (0.0000000000 0.0000000000) 0.000000 0.000000 0.0e+00 0.0e+00 (0.0000000000 0.0000000000) 0.0e+00 0.0e+00 0 1 1 0 1 0 1 bwd_weight conv2d_host_validation_f16_bwd_CHECK_ISSUE_127_15 (5 of 107)
589824     (589824 0 0 0) 0.0 (0.0000000000 0.0000000000) 0.000000 0.000000 0.0e+00 0.0e+00 (0.0000000000 0.0000000000) 0.0e+00 0.0e+00 0 1 1 0 1 0 1 bwd_weight conv2d_host_validation_f16_bwd_CHECK_ISSUE_127_16 (6 of 107)
1179648    (1179648 0 0 0) 0.0 (0.0000000000 0.0000000000) 0.000000 0.000000 0.0e+00 0.0e+00 (0.0000000000 0.0000000000) 0.0e+00 0.0e+00 0 1 1 0 1 0 1 bwd_weight conv2d_host_validation_f16_bwd_CHECK_ISSUE_127_17 (7 of 107)
147456     (147456 0 0 0) 0.0 (0.0000000000 0.0000000000) 0.000000 0.000000 0.0e+00 0.0e+00 (0.0000000000 0.0000000000) 0.0e+00 0.0e+00 0 1 1 0 1 0 1 bwd_weight conv2d_host_validation_f16_bwd_CHECK_ISSUE_127_18 (8 of 107)
2097152    (2097152 0 0 0) 0.0 (0.0000000000 0.0000000000) 0.000000 0.000000 0.0e+00 0.0e+00 (0.0000000000 0.0000000000) 0.0e+00 0.0e+00 0 1 1 0 1 0 1 bwd_weight conv2d_host_validation_f16_bwd_CHECK_ISSUE_127_6 (9 of 107)
262144     (262144 0 0 0) 0.0 (0.0000000000 0.0000000000) 0.000000 0.000000 0.0e+00 0.0e+00 (0.0000000000 0.0000000000) 0.0e+00 0.0e+00 0 1 1 0 1 0 1 bwd_weight conv2d_host_validation_f16_bwd_CHECK_ISSUE_127_7 (10 of 107)
147456     (147456 0 0 0) 0.0 (0.0000000000 0.0000000000) 0.000000 0.000000 0.0e+00 0.0e+00 (0.0000000000 0.0000000000) 0.0e+00 0.0e+00 0 1 1 0 1 0 1 bwd_weight conv2d_host_validation_f16_bwd_CHECK_ISSUE_127_8 (11 of 107)
147456     (147456 0 0 0) 0.0 (0.0000000000 0.0000000000) 0.000000 0.000000 0.0e+00 0.0e+00 (0.0000000000 0.0000000000) 0.0e+00 0.0e+00 0 1 1 0 1 0 1 bwd_weight conv2d_host_validation_f16_bwd_CHECK_ISSUE_127_9 (12 of 107)
1024       (1024 0 0 0) 0.0 (0.0000000000 0.0000000000) 0.000000 0.000000 0.0e+00 0.0e+00 (0.0000000000 0.0000000000) 0.0e+00 0.0e+00 0 1 1 0 1 0 1 bwd_weight conv2d_host_validation_f16_bwd_CHECK_ISSUE_70_1 (13 of 107)
65536      (65536 0 0 0) 0.0 (0.0000000000 0.0000000000) 0.000000 0.000000 0.0e+00 0.0e+00 (0.0000000000 0.0000000000) 0.0e+00 0.0e+00 0 1 1 0 1 0 1 bwd_weight conv2d_host_validation_f16_bwd_CHECK_ISSUE_70_2 (14 of 107)
4096       (4096 0 0 0) 0.0 (0.0000000000 0.0000000000) 0.000000 0.000000 0.0e+00 0.0e+00 (0.0000000000 0.0000000000) 0.0e+00 0.0e+00 0 1 1 0 1 0 1 bwd_weight conv2d_host_validation_f16_bwd_CHECK_ISSUE_70_3 (15 of 107)
1024       (1024 0 0 0) 0.0 (0.0000000000 0.0000000000) 0.000000 0.000000 0.0e+00 0.0e+00 (0.0000000000 0.0000000000) 0.0e+00 0.0e+00 0 1 1 0 1 0 1 bwd_weight conv2d_host_validation_f16_bwd_CHECK_ISSUE_71_1 (16 of 107)
1024       (1024 0 0 0) 0.0 (0.0000000000 0.0000000000) 0.000000 0.000000 0.0e+00 0.0e+00 (0.0000000000 0.0000000000) 0.0e+00 0.0e+00 0 1 1 0 1 0 1 bwd_weight conv2d_host_validation_f16_bwd_CHECK_ISSUE_71_2 (17 of 107)
1024       (1024 0 0 0) 0.0 (0.0000000000 0.0000000000) 0.000000 0.000000 0.0e+00 0.0e+00 (0.0000000000 0.0000000000) 0.0e+00 0.0e+00 0 1 1 0 1 0 1 bwd_weight conv2d_host_validation_f16_bwd_CHECK_ISSUE_71_3 (18 of 107)
1024       (1024 0 0 0) 0.0 (0.0000000000 0.0000000000) 0.000000 0.000000 0.0e+00 0.0e+00 (0.0000000000 0.0000000000) 0.0e+00 0.0e+00 0 1 1 0 1 0 1 bwd_weight conv2d_host_validation_f16_bwd_CHECK_ISSUE_71_4 (19 of 107)
12845056   (12840876 4180 0 0) 1.0 (10432.0000000000 10440.0000000000) 16.000000 0.002857 9.8e-04 9.8e-04 (16384.0000000000 16400.0000000000) 1.9e-07 9.4e-06 0 0 0 0 0 1 0 fwd conv2d_host_validation_f16_CHECK_RESNET101_NCHW_CONFIG1_FWD_f16 (20 of 107)
12845056   (12841138 3918 0 0) 1.0 (16576.0000000000 16592.0000000000) 16.000000 0.002535 9.8e-04 9.8e-04 (16384.0000000000 16400.0000000000) 1.9e-07 8.5e-06 0 0 0 0 0 1 0 fwd conv2d_host_validation_f16_CHECK_RESNET101_NCHW_CONFIG2_FWD_f16 (21 of 107)
25690112   (25680933 9179 0 0) 1.0 (14736.0000000000 14728.0000000000) 8.000000 0.002858 5.9e-04 5.9e-04 (13536.0000000000 13528.0000000000) 2.0e-07 9.6e-06 0 0 0 0 0 1 0 bwd_data conv2d_host_validation_f16_CHECK_RESNET101_NCHW_CONFIG8_BWD_f16 (22 of 107)
102760448  (102742163 18285 0 0) 1.0 (3624.0000000000 3622.0000000000) 2.000000 0.000356 6.3e-04 6.3e-04 (3176.0000000000 3178.0000000000) 9.9e-08 6.2e-06 0 0 0 0 0 1 0 fwd conv2d_host_validation_f16_CHECK_RESNET101_NCHW_CONFIG8_FWD_f16 (23 of 107)
16384      (16384 0 0 0) 0.0 (0.0000000000 0.0000000000) 0.000000 0.000000 0.0e+00 0.0e+00 (0.0000000000 0.0000000000) 0.0e+00 0.0e+00 0 0 0 0 0 1 0 bwd_weight conv2d_host_validation_f16_CHECK_RESNET101_NCHW_CONFIG8_WRW_f16 (24 of 107)
12845056   (12840839 4217 0 0) 1.0 (10576.0000000000 10584.0000000000) 16.000000 0.002876 9.8e-04 9.8e-04 (16384.0000000000 16400.0000000000) 1.9e-07 9.4e-06 0 0 0 0 0 1 0 fwd conv2d_host_validation_f16_CHECK_RESNET101_NHWC_CONFIG1_FWD_f16 (25 of 107)
12845056   (12841191 3865 0 0) 1.0 (10584.0000000000 10592.0000000000) 16.000000 0.002494 9.8e-04 9.8e-04 (16384.0000000000 16400.0000000000) 1.9e-07 8.5e-06 0 0 0 0 0 1 0 fwd conv2d_host_validation_f16_CHECK_RESNET101_NHWC_CONFIG2_FWD_f16 (26 of 107)
25690112   (25680975 9137 0 0) 1.0 (14152.0000000000 14144.0000000000) 8.000000 0.002845 5.9e-04 5.9e-04 (13584.0000000000 13592.0000000000) 2.0e-07 9.7e-06 0 0 0 0 0 1 0 bwd_data conv2d_host_validation_f16_CHECK_RESNET101_NHWC_CONFIG8_BWD_f16 (27 of 107)
102760448  (102742470 17978 0 0) 1.0 (3414.0000000000 3412.0000000000) 4.000000 0.000350 9.7e-04 9.7e-04 (4136.0000000000 4140.0000000000) 9.7e-08 6.2e-06 0 0 0 0 0 1 0 fwd conv2d_host_validation_f16_CHECK_RESNET101_NHWC_CONFIG8_FWD_f16 (28 of 107)
16384      (16384 0 0 0) 0.0 (0.0000000000 0.0000000000) 0.000000 0.000000 0.0e+00 0.0e+00 (0.0000000000 0.0000000000) 0.0e+00 0.0e+00 0 0 0 0 0 1 0 bwd_weight conv2d_host_validation_f16_CHECK_RESNET101_NHWC_CONFIG8_WRW_f16 (29 of 107)
4194304    (4194304 0 0 0) 0.0 (0.0000000000 0.0000000000) 0.000000 0.000000 0.0e+00 0.0e+00 (0.0000000000 0.0000000000) 0.0e+00 0.0e+00 0 1 1 0 1 0 1 fwd conv2d_host_validation_f16_fwd_CHECK_FILTER1_f16 (30 of 107)
4194304    (4194304 0 0 0) 0.0 (0.0000000000 0.0000000000) 0.000000 0.000000 0.0e+00 0.0e+00 (0.0000000000 0.0000000000) 0.0e+00 0.0e+00 0 1 1 0 1 0 1 fwd conv2d_host_validation_f16_fwd_CHECK_FILTER2_f16 (31 of 107)
16777216   (16776892 324 0 0) 1.0 (523.0000000000 522.5000000000) 0.500000 0.000005 9.6e-04 9.6e-04 (523.0000000000 522.5000000000) 1.1e-08 1.7e-06 0 1 1 0 1 0 1 fwd conv2d_host_validation_f16_fwd_CHECK_ISSUE_114_1_f16 (32 of 107)
16777216   (16776889 327 0 0) 1.0 (511.7500000000 511.5000000000) 0.500000 0.000005 9.6e-04 9.6e-04 (520.0000000000 519.5000000000) 1.2e-08 1.7e-06 0 1 1 0 1 0 1 fwd conv2d_host_validation_f16_fwd_CHECK_ISSUE_114_2_f16 (33 of 107)
4194304    (4194217 87 0 0) 1.0 (535.0000000000 535.5000000000) 0.500000 0.000005 9.3e-04 9.3e-04 (535.0000000000 535.5000000000) 1.2e-08 1.7e-06 0 1 1 0 1 0 1 fwd conv2d_host_validation_f16_fwd_CHECK_ISSUE_114_3_f16 (34 of 107)
4194304    (4194218 86 0 0) 1.0 (397.7500000000 398.0000000000) 0.500000 0.000005 8.9e-04 8.9e-04 (563.0000000000 563.5000000000) 1.2e-08 1.7e-06 0 1 1 0 1 0 1 fwd conv2d_host_validation_f16_fwd_CHECK_ISSUE_114_4_f16 (35 of 107)
16777216   (16776854 362 0 0) 1.0 (394.2500000000 394.5000000000) 0.500000 0.000005 9.5e-04 9.5e-04 (525.0000000000 525.5000000000) 1.3e-08 1.8e-06 0 1 1 0 1 0 1 fwd conv2d_host_validation_f16_fwd_CHECK_ISSUE_114_5_f16 (36 of 107)
16777216   (16776885 331 0 0) 1.0 (429.2500000000 429.5000000000) 0.500000 0.000005 9.8e-04 9.8e-04 (512.0000000000 512.5000000000) 1.2e-08 1.7e-06 0 1 1 0 1 0 1 fwd conv2d_host_validation_f16_fwd_CHECK_ISSUE_114_6_f16 (37 of 107)
4194304    (4194220 84 0 0) 1.0 (354.0000000000 354.2500000000) 0.250000 0.000005 7.9e-04 7.9e-04 (318.2500000000 318.0000000000) 1.2e-08 1.7e-06 0 1 1 0 1 0 1 fwd conv2d_host_validation_f16_fwd_CHECK_ISSUE_114_7_f16 (38 of 107)
4194304    (4194234 70 0 0) 1.0 (415.0000000000 414.7500000000) 0.500000 0.000004 9.7e-04 9.7e-04 (514.0000000000 513.5000000000) 9.9e-09 1.7e-06 0 1 1 0 1 0 1 fwd conv2d_host_validation_f16_fwd_CHECK_ISSUE_114_8_f16 (39 of 107)
12845056   (12845027 29 0 0) 1.0 (57600.0000000000 57632.0000000000) 32.000000 0.000072 5.6e-04 5.6e-04 (56768.0000000000 56800.0000000000) 1.3e-09 0.0e+00 0 1 1 0 1 0 1 fwd conv2d_host_validation_f16_fwd_CHECK_ISSUE_127_11_f16 (40 of 107)
12845056   (12844887 169 0 0) 1.0 (57408.0000000000 57440.0000000000) 32.000000 0.000421 5.7e-04 5.7e-04 (56256.0000000000 56288.0000000000) 7.3e-09 0.0e+00 0 1 1 0 1 0 1 fwd conv2d_host_validation_f16_fwd_CHECK_ISSUE_127_12_f16 (41 of 107)
12845056   (12844289 767 0 0) 1.0 (58368.0000000000 58400.0000000000) 32.000000 0.001911 5.7e-04 5.7e-04 (56064.0000000000 56096.0000000000) 3.3e-08 0.0e+00 0 1 1 0 1 0 1 fwd conv2d_host_validation_f16_fwd_CHECK_ISSUE_127_13_f16 (42 of 107)
12845056   (12845050 6 0 0) 1.0 (56576.0000000000 56608.0000000000) 32.000000 0.000015 5.7e-04 5.7e-04 (56576.0000000000 56608.0000000000) 2.6e-10 0.0e+00 0 1 1 0 1 0 1 fwd conv2d_host_validation_f16_fwd_CHECK_ISSUE_127_14_f16 (43 of 107)
12845056   (12845056 0 0 0) 0.0 (0.0000000000 0.0000000000) 0.000000 0.000000 0.0e+00 0.0e+00 (0.0000000000 0.0000000000) 0.0e+00 0.0e+00 0 1 1 0 1 0 1 fwd conv2d_host_validation_f16_fwd_CHECK_ISSUE_127_1_f16 (44 of 107)
6422528    (6422528 0 0 0) 0.0 (0.0000000000 0.0000000000) 0.000000 0.000000 0.0e+00 0.0e+00 (0.0000000000 0.0000000000) 0.0e+00 0.0e+00 0 1 1 0 1 0 1 fwd conv2d_host_validation_f16_fwd_CHECK_ISSUE_127_2_f16 (45 of 107)
25690112   (25670673 19284 155 0) inf (65504.0000000000 inf) inf inf inf inf (65504.0000000000 inf) -nan -nan 0 1 1 0 1 0 1 fwd conv2d_host_validation_f16_fwd_CHECK_ISSUE_127_3_f16 (46 of 107)
12845056   (12845056 0 0 0) 0.0 (0.0000000000 0.0000000000) 0.000000 0.000000 0.0e+00 0.0e+00 (0.0000000000 0.0000000000) 0.0e+00 0.0e+00 0 1 1 0 1 0 1 fwd conv2d_host_validation_f16_fwd_CHECK_ISSUE_127_4_f16 (47 of 107)
12845056   (12844853 203 0 0) 1.0 (58336.0000000000 58304.0000000000) 32.000000 0.000506 5.7e-04 5.7e-04 (56192.0000000000 56224.0000000000) 8.8e-09 0.0e+00 0 1 1 0 1 0 1 fwd conv2d_host_validation_f16_fwd_CHECK_ISSUE_127_5_f16 (48 of 107)
7372800    (7371581 1219 0 0) 1.0 (3792.0000000000 3790.0000000000) 4.000000 0.000388 9.8e-04 9.8e-04 (4096.0000000000 4100.0000000000) 9.6e-08 6.8e-06 0 1 1 0 1 0 1 fwd conv2d_host_validation_f16_fwd_CHECK_ISSUE_40_1_f16 (49 of 107)
3440640    (3439816 824 0 0) 1.0 (8160.0000000000 8156.0000000000) 8.000000 0.001130 9.8e-04 9.8e-04 (8192.0000000000 8200.0000000000) 1.4e-07 8.5e-06 0 1 1 0 1 0 1 fwd conv2d_host_validation_f16_fwd_CHECK_ISSUE_40_2_f16 (50 of 107)
6422528    (6420122 2406 0 0) 1.0 (22064.0000000000 22048.0000000000) 16.000000 0.005994 7.6e-04 7.6e-04 (21136.0000000000 21120.0000000000) 2.7e-07 1.3e-05 0 1 1 0 1 0 1 fwd conv2d_host_validation_f16_fwd_CHECK_ISSUE_40_3_f16 (51 of 107)
14745600   (14741832 3768 0 0) 1.0 (9248.0000000000 9240.0000000000) 8.000000 0.002040 9.4e-04 9.4e-04 (8552.0000000000 8544.0000000000) 1.9e-07 1.0e-05 0 1 1 0 1 0 1 fwd conv2d_host_validation_f16_fwd_CHECK_ISSUE_40_4_f16 (52 of 107)
6881280    (6879606 1674 0 0) 1.0 (7012.0000000000 7016.0000000000) 4.000000 0.000973 6.4e-04 6.4e-04 (6244.0000000000 6240.0000000000) 1.4e-07 8.2e-06 0 1 0 0 0 0 1 fwd conv2d_host_validation_f16_fwd_CHECK_ISSUE_40_5_f16 (53 of 107)
1048576    (1048268 308 0 0) 1.0 (11096.0000000000 11104.0000000000) 8.000000 0.002350 7.5e-04 7.5e-04 (10728.0000000000 10720.0000000000) 2.1e-07 1.1e-05 0 1 1 0 1 0 1 fwd conv2d_host_validation_f16_fwd_CHECK_ISSUE_41_10_f16 (54 of 107)
12845056   (12843011 2045 0 0) 1.0 (3964.0000000000 3966.0000000000) 4.000000 0.000380 9.8e-04 9.8e-04 (4096.0000000000 4100.0000000000) 9.4e-08 6.7e-06 0 1 1 0 1 0 1 fwd conv2d_host_validation_f16_fwd_CHECK_ISSUE_41_11_f16 (55 of 107)
9437184    (9434664 2520 0 0) 1.0 (10840.0000000000 10848.0000000000) 8.000000 0.002136 7.6e-04 7.6e-04 (10520.0000000000 10528.0000000000) 1.9e-07 1.1e-05 0 1 1 0 1 0 1 fwd conv2d_host_validation_f16_fwd_CHECK_ISSUE_41_12_f16 (56 of 107)
921600     (921447 153 0 0) 1.0 (4028.0000000000 4030.0000000000) 4.000000 0.000410 9.8e-04 9.8e-04 (4100.0000000000 4096.0000000000) 1.0e-07 7.2e-06 0 1 1 0 1 0 1 fwd conv2d_host_validation_f16_fwd_CHECK_ISSUE_41_2_f16 (57 of 107)
1605632    (1605372 260 0 0) 1.0 (4050.0000000000 4052.0000000000) 4.000000 0.000397 9.8e-04 9.8e-04 (4096.0000000000 4100.0000000000) 9.8e-08 7.1e-06 0 1 1 0 1 0 1 fwd conv2d_host_validation_f16_fwd_CHECK_ISSUE_41_3_f16 (58 of 107)
200704     (200671 33 0 0) 1.0 (3798.0000000000 3800.0000000000) 4.000000 0.000419 9.7e-04 9.7e-04 (4104.0000000000 4108.0000000000) 1.0e-07 7.4e-06 0 1 1 0 1 0 1 fwd conv2d_host_validation_f16_fwd_CHECK_ISSUE_41_4_f16 (59 of 107)
1605632    (1605251 381 0 0) 1.0 (7964.0000000000 7960.0000000000) 8.000000 0.001116 9.8e-04 9.8e-04 (8200.0000000000 8192.0000000000) 1.4e-07 8.6e-06 0 1 1 0 1 0 1 fwd conv2d_host_validation_f16_fwd_CHECK_ISSUE_41_5_f16 (60 of 107)
802816     (802671 145 0 0) 1.0 (3916.0000000000 3918.0000000000) 4.000000 0.000448 9.8e-04 9.8e-04 (4096.0000000000 4100.0000000000) 1.1e-07 7.6e-06 0 1 1 0 1 0 1 fwd conv2d_host_validation_f16_fwd_CHECK_ISSUE_41_6_f16 (61 of 107)
4194304    (4193708 596 0 0) 1.0 (2846.0000000000 2848.0000000000) 4.000000 0.000335 9.8e-04 9.8e-04 (4096.0000000000 4100.0000000000) 8.8e-08 6.3e-06 0 1 1 0 1 0 1 fwd conv2d_host_validation_f16_fwd_CHECK_ISSUE_41_7_f16 (62 of 107)
3211264    (3210456 808 0 0) 1.0 (11608.0000000000 11616.0000000000) 8.000000 0.001998 9.3e-04 9.3e-04 (8608.0000000000 8600.0000000000) 1.9e-07 1.0e-05 0 1 1 0 1 0 1 fwd conv2d_host_validation_f16_fwd_CHECK_ISSUE_41_8_f16 (63 of 107)
2359296    (2358918 378 0 0) 1.0 (4008.0000000000 4010.0000000000) 4.000000 0.000397 9.8e-04 9.8e-04 (4096.0000000000 4100.0000000000) 9.8e-08 7.1e-06 0 1 1 0 1 0 1 fwd conv2d_host_validation_f16_fwd_CHECK_ISSUE_41_9_f16 (64 of 107)
25690112   (25671668 18444 0 0) 1.0 (57056.0000000000 57024.0000000000) 32.000000 0.022974 5.8e-04 5.8e-04 (55616.0000000000 55584.0000000000) 4.0e-07 1.4e-05 0 1 1 0 1 0 1 fwd conv2d_host_validation_f16_fwd_CHECK_KCYX_NCHW_NKHW1_f16 (65 of 107)
3686400    (3686035 365 0 0) 1.0 (2154.0000000000 2152.0000000000) 2.000000 0.000129 9.8e-04 9.8e-04 (2050.0000000000 2052.0000000000) 6.3e-08 5.6e-06 0 1 1 0 1 0 1 fwd conv2d_host_validation_f16_fwd_CHECK_KCYX_NCHW_NKHW2_f16 (66 of 107)
409600     (409551 49 0 0) 1.0 (1932.0000000000 1931.0000000000) 2.000000 0.000154 9.7e-04 9.7e-04 (2054.0000000000 2052.0000000000) 7.6e-08 6.2e-06 0 1 1 0 1 0 1 fwd conv2d_host_validation_f16_fwd_CHECK_KCYX_NCHW_NKHW3_f16 (67 of 107)
147456     (147440 16 0 0) 1.0 (1981.0000000000 1980.0000000000) 2.000000 0.000122 9.7e-04 9.7e-04 (2056.0000000000 2058.0000000000) 6.1e-08 5.1e-06 0 1 1 0 1 0 1 fwd conv2d_host_validation_f16_fwd_CHECK_KCYX_NCHW_NKHW4_f16 (68 of 107)
102400     (102387 13 0 0) 1.0 (2086.0000000000 2088.0000000000) 2.000000 0.000156 9.6e-04 9.6e-04 (2086.0000000000 2088.0000000000) 7.7e-08 6.1e-06 0 1 1 0 1 0 1 fwd conv2d_host_validation_f16_fwd_CHECK_KCYX_NCHW_NKHW5_f16 (69 of 107)
15745024   (15743220 1804 0 0) 1.0 (1755.0000000000 1756.0000000000) 2.000000 0.000115 9.8e-04 9.8e-04 (2050.0000000000 2048.0000000000) 6.4e-08 4.7e-06 0 1 1 0 1 0 1 fwd conv2d_host_validation_f16_fwd_CHECK_KCYX_NCHW_NKHW6_f16 (70 of 107)
13778944   (13775446 3498 0 0) 1.0 (7328.0000000000 7324.0000000000) 4.000000 0.001015 6.0e-04 6.0e-04 (6676.0000000000 6680.0000000000) 1.4e-07 7.9e-06 0 1 1 0 1 0 1 fwd conv2d_host_validation_f16_fwd_CHECK_KCYX_NCHW_NKHW7_f16 (71 of 107)
25690112   (25671803 18309 0 0) 1.0 (57984.0000000000 58016.0000000000) 32.000000 0.022806 5.8e-04 5.8e-04 (55232.0000000000 55264.0000000000) 4.0e-07 1.4e-05 0 1 1 0 1 0 1 fwd conv2d_host_validation_f16_fwd_CHECK_KYXC_NHWC_NHWK1_f16 (72 of 107)
3686400    (3686023 377 0 0) 1.0 (2039.0000000000 2040.0000000000) 2.000000 0.000130 9.8e-04 9.8e-04 (2048.0000000000 2050.0000000000) 6.4e-08 5.6e-06 0 1 1 0 1 0 1 fwd conv2d_host_validation_f16_fwd_CHECK_KYXC_NHWC_NHWK2_f16 (73 of 107)
409600     (409555 45 0 0) 1.0 (1970.0000000000 1969.0000000000) 2.000000 0.000137 9.7e-04 9.7e-04 (2052.0000000000 2050.0000000000) 6.8e-08 5.8e-06 0 1 1 0 1 0 1 fwd conv2d_host_validation_f16_fwd_CHECK_KYXC_NHWC_NHWK3_f16 (74 of 107)
147456     (147436 20 0 0) 1.0 (2062.0000000000 2060.0000000000) 2.000000 0.000203 9.7e-04 9.7e-04 (2062.0000000000 2060.0000000000) 9.8e-08 7.6e-06 0 1 1 0 1 0 1 fwd conv2d_host_validation_f16_fwd_CHECK_KYXC_NHWC_NHWK4_f16 (75 of 107)
102400     (102384 16 0 0) 1.0 (2001.0000000000 2000.0000000000) 2.000000 0.000205 9.6e-04 9.6e-04 (2080.0000000000 2082.0000000000) 1.0e-07 7.3e-06 0 1 1 0 1 0 1 fwd conv2d_host_validation_f16_fwd_CHECK_KYXC_NHWC_NHWK5_f16 (76 of 107)
15745024   (15743200 1824 0 0) 1.0 (1696.0000000000 1697.0000000000) 2.000000 0.000116 9.7e-04 9.7e-04 (2052.0000000000 2050.0000000000) 6.5e-08 4.7e-06 0 1 1 0 1 0 1 fwd conv2d_host_validation_f16_fwd_CHECK_KYXC_NHWC_NHWK6_f16 (77 of 107)
13778944   (13775448 3496 0 0) 1.0 (7248.0000000000 7252.0000000000) 4.000000 0.001015 6.0e-04 6.0e-04 (6648.0000000000 6652.0000000000) 1.4e-07 7.8e-06 0 1 1 0 1 0 1 fwd conv2d_host_validation_f16_fwd_CHECK_KYXC_NHWC_NHWK7_f16 (78 of 107)
802816     (802740 76 0 0) 1.0 (1949.0000000000 1950.0000000000) 2.000000 0.000110 9.7e-04 9.7e-04 (2052.0000000000 2054.0000000000) 6.0e-08 4.9e-06 0 1 1 0 1 0 1 fwd conv2d_host_validation_f16_fwd_CHECK_PADDING1_f16 (79 of 107)
802816     (802737 79 0 0) 1.0 (820.5000000000 820.0000000000) 2.000000 0.000113 9.8e-04 9.8e-04 (2050.0000000000 2052.0000000000) 6.3e-08 4.9e-06 0 1 1 0 1 0 1 fwd conv2d_host_validation_f16_fwd_CHECK_PADDING2_f16 (80 of 107)
2048       (2048 0 0 0) 0.0 (0.0000000000 0.0000000000) 0.000000 0.000000 0.0e+00 0.0e+00 (0.0000000000 0.0000000000) 0.0e+00 0.0e+00 0 1 1 0 1 0 1 fwd conv2d_host_validation_f16_fwd_CHECK_PADDING3_f16 (81 of 107)
205520896  (205484890 36006 0 0) 1.0 (3638.0000000000 3636.0000000000) 2.000000 0.000350 6.4e-04 6.4e-04 (3128.0000000000 3130.0000000000) 9.7e-08 6.1e-06 0 1 0 0 1 0 1 fwd conv2d_host_validation_f32_fwd_GROUP_NCHW_f16 (82 of 107)
51380224   (51371336 8888 0 0) 1.0 (3696.0000000000 3698.0000000000) 2.000000 0.000346 6.4e-04 6.4e-04 (3130.0000000000 3128.0000000000) 9.7e-08 6.2e-06 1 0 0 0 0 1 0 fwd conv2d_host_validation_random_CHECK_KCYX_NCHW_NKHW_5_f16 (83 of 107)
51380224   (51371223 9001 0 0) 1.0 (3732.0000000000 3730.0000000000) 2.000000 0.000350 6.4e-04 6.4e-04 (3142.0000000000 3140.0000000000) 9.8e-08 6.3e-06 1 0 0 0 0 1 0 fwd conv2d_host_validation_random_CHECK_KCYX_NCHW_NKHW_6_f16 (84 of 107)
47775744   (47750403 25341 0 0) 1.0 (31616.0000000000 31632.0000000000) 32.000000 0.009114 9.8e-04 9.8e-04 (32768.0000000000 32800.0000000000) 2.8e-07 1.2e-05 1 0 0 0 0 1 0 fwd conv2d_host_validation_random_CHECK_KCYX_NCHW_NKHW_7_f16 (85 of 107)
51380224   (51353897 26327 0 0) 1.0 (31968.0000000000 31952.0000000000) 32.000000 0.008759 9.8e-04 9.8e-04 (32768.0000000000 32800.0000000000) 2.8e-07 1.2e-05 1 0 0 0 0 1 0 fwd conv2d_host_validation_random_CHECK_KCYX_NCHW_NKHW_8_f16 (86 of 107)
16777216   (16776840 376 0 0) 1.0 (474.0000000000 473.7500000000) 0.500000 0.000006 9.7e-04 9.7e-04 (513.5000000000 513.0000000000) 1.3e-08 1.8e-06 1 0 0 0 0 1 0 fwd conv2d_host_validation_random_CHECK_KYXC_NHWC_NHWK_4_f16 (87 of 107)
16777216   (16776897 319 0 0) 1.0 (411.0000000000 411.2500000000) 0.500000 0.000005 9.7e-04 9.7e-04 (515.0000000000 514.5000000000) 1.1e-08 1.7e-06 1 0 0 0 0 1 0 fwd conv2d_host_validation_random_CHECK_KYXC_NHWC_NHWK_5_f16 (88 of 107)
25690112   (25671623 18489 0 0) 1.0 (58176.0000000000 58144.0000000000) 32.000000 0.023030 5.8e-04 5.8e-04 (55136.0000000000 55104.0000000000) 4.0e-07 1.4e-05 1 0 1 0 0 1 0 fwd conv2d_host_validation_random_CHECK_RAND_FLOAT_2_f16 (89 of 107)
205520896  (205485053 35843 0 0) 1.0 (3466.0000000000 3464.0000000000) 4.000000 0.000349 9.7e-04 9.7e-04 (4108.0000000000 4104.0000000000) 9.7e-08 6.2e-06 1 0 0 0 0 1 0 fwd conv2d_host_validation_random_GROUP_NHWC_f16 (90 of 107)
30720      (30713 7 0 0) 1.0 (7268.0000000000 7264.0000000000) 8.000000 0.001172 9.6e-04 9.6e-04 (8368.0000000000 8360.0000000000) 1.5e-07 9.1e-06 0 1 0 0 1 0 1 fwd padding_kernel_all_fwd_CHECK_RESNET50_CONFIG2_f16 (91 of 107)
30720      (30715 5 0 0) 1.0 (5988.0000000000 5992.0000000000) 4.000000 0.000651 8.3e-04 8.3e-04 (4812.0000000000 4808.0000000000) 1.0e-07 5.7e-06 0 1 0 0 1 0 1 fwd padding_kernel_all_fwd_CHECK_RESNET50_CONFIG4_f16 (92 of 107)
882        (882 0 0 0) 0.0 (0.0000000000 0.0000000000) 0.000000 0.000000 0.0e+00 0.0e+00 (0.0000000000 0.0000000000) 0.0e+00 0.0e+00 0 1 0 0 1 0 1 bwd_weight padding_kernel_all_wrw_CHECK_RESNET50_CONFIG2_f16 (93 of 107)
882        (882 0 0 0) 0.0 (0.0000000000 0.0000000000) 0.000000 0.000000 0.0e+00 0.0e+00 (0.0000000000 0.0000000000) 0.0e+00 0.0e+00 0 1 0 0 1 0 1 bwd_weight padding_kernel_all_wrw_CHECK_RESNET50_CONFIG4_f16 (94 of 107)
205520896  (205480296 40600 0 0) 1.0 (7808.0000000000 7804.0000000000) 8.000000 0.001156 9.8e-04 9.8e-04 (8192.0000000000 8200.0000000000) 1.4e-07 9.5e-06 0 1 1 0 1 0 1 fwd padding_kernel_gemmK_CHECK_RESNET50_F16_CONFIG1 (95 of 107)
205520896  (205480165 40731 0 0) 1.0 (8104.0000000000 8108.0000000000) 8.000000 0.001187 9.8e-04 9.8e-04 (8192.0000000000 8200.0000000000) 1.4e-07 9.7e-06 0 1 1 0 1 0 1 fwd padding_kernel_gemmK_CHECK_RESNET50_F16_CONFIG2 (96 of 107)
205520896  (205479950 40946 0 0) 1.0 (8224.0000000000 8232.0000000000) 8.000000 0.001182 9.8e-04 9.8e-04 (8192.0000000000 8200.0000000000) 1.4e-07 9.6e-06 0 1 1 0 1 0 1 fwd padding_kernel_gemmK_CHECK_RESNET50_F16_CONFIG4 (97 of 107)
9408       (9408 0 0 0) 0.0 (0.0000000000 0.0000000000) 0.000000 0.000000 0.0e+00 0.0e+00 (0.0000000000 0.0000000000) 0.0e+00 0.0e+00 0 1 1 0 1 0 1 bwd_weight padding_kernel_gemmN_CHECK_RESNET50_CONFIG2 (98 of 107)
9408       (9408 0 0 0) 0.0 (0.0000000000 0.0000000000) 0.000000 0.000000 0.0e+00 0.0e+00 (0.0000000000 0.0000000000) 0.0e+00 0.0e+00 0 1 1 0 1 0 1 bwd_weight padding_kernel_gemmN_CHECK_RESNET50_CONFIG4 (99 of 107)
6422528    (6417956 4544 28 0) inf (inf 65504.0000000000) inf inf inf inf (65504.0000000000 inf) -nan -nan 0 0 0 0 1 0 1 fwd Resnet50_validation_nchw_CHECK_NCHW_1_f16 (100 of 107)
25690112   (25683615 6497 0 0) 1.0 (6968.0000000000 6972.0000000000) 4.000000 0.001012 6.1e-04 6.1e-04 (6568.0000000000 6564.0000000000) 1.4e-07 7.7e-06 0 0 0 0 1 0 1 fwd Resnet50_validation_nchw_CHECK_NCHW_2_f16 (101 of 107)
147456     (147456 0 0 0) 0.0 (0.0000000000 0.0000000000) 0.000000 0.000000 0.0e+00 0.0e+00 (0.0000000000 0.0000000000) 0.0e+00 0.0e+00 0 0 0 0 1 0 1 bwd_weight Resnet50_validation_nchw_CHECK_NCHW_3_f16 (102 of 107)
65536      (65536 0 0 0) 0.0 (0.0000000000 0.0000000000) 0.000000 0.000000 0.0e+00 0.0e+00 (0.0000000000 0.0000000000) 0.0e+00 0.0e+00 0 0 0 0 1 0 1 bwd_weight Resnet50_validation_nchw_CHECK_NCHW_4_f16 (103 of 107)
6422528    (6418028 4466 34 0) inf (inf 65504.0000000000) inf inf inf inf (65504.0000000000 inf) -nan -nan 0 0 0 0 1 0 1 fwd Resnet50_validation_nhwc_CHECK_NHWC_1_f16 (104 of 107)
25690112   (25683703 6409 0 0) 1.0 (7004.0000000000 7008.0000000000) 4.000000 0.000998 6.1e-04 6.1e-04 (6600.0000000000 6596.0000000000) 1.4e-07 7.7e-06 0 0 0 0 1 0 1 fwd Resnet50_validation_nhwc_CHECK_NHWC_2_f16 (105 of 107)
147456     (147456 0 0 0) 0.0 (0.0000000000 0.0000000000) 0.000000 0.000000 0.0e+00 0.0e+00 (0.0000000000 0.0000000000) 0.0e+00 0.0e+00 0 0 0 0 1 0 1 bwd_weight Resnet50_validation_nhwc_CHECK_NHWC_3_f16 (106 of 107)
65536      (65536 0 0 0) 0.0 (0.0000000000 0.0000000000) 0.000000 0.000000 0.0e+00 0.0e+00 (0.0000000000 0.0000000000) 0.0e+00 0.0e+00 0 0 0 0 1 0 1 bwd_weight Resnet50_validation_nhwc_CHECK_NHWC_4_f16 (107 of 107)
