25690112   (25618306 66497 5309 0) 13056.0 (-0.0001068115 -0.0008850098) 32.000000 0.000454 7.3e+00 4.8e-01 (-0.0010261536 -0.0015144348) 3.8e-06 5.4e-07 1 0 0 0 0 1 0 fwd conv2d_harness_cpu_verifier_kyxc_nhwc_nhwk_f16_E2E_f16 (1 of 107)
802816     (802297 483 36 0) 80.0 (0.0009536743 0.0009155273) 0.500000 0.000026 4.0e-02 9.9e-03 (-0.0030822754 -0.0031127930) 5.8e-07 1.8e-06 0 1 1 0 1 0 1 bwd_data conv2d_host_validation_f16_bwd_CHECK_BWD_DATA1 (2 of 107)
4096       (4079 13 4 0) 3.0 (-3.2480468750 -3.2421875000) 0.500000 0.000344 1.8e-03 1.8e-03 (-0.5288085938 -0.5297851562) 4.1e-06 0.0e+00 0 1 1 0 1 0 1 bwd_weight conv2d_host_validation_f16_bwd_CHECK_BWD_WEIGHT1 (3 of 107)
147456     (145272 1959 225 0) 1424.0 (-0.0473632812 -0.0256347656) 16.000000 0.019462 4.6e-01 4.6e-01 (-0.0473632812 -0.0256347656) 2.4e-05 9.9e-06 0 1 1 0 1 0 1 bwd_weight conv2d_host_validation_f16_bwd_CHECK_ISSUE_127_10 (4 of 107)
294912     (291784 2852 276 0) 1488.0 (0.0119628906 0.0233154297) 16.000000 0.009722 9.5e-01 9.5e-01 (0.0119628906 0.0233154297) 1.5e-05 7.8e-06 0 1 1 0 1 0 1 bwd_weight conv2d_host_validation_f16_bwd_CHECK_ISSUE_127_15 (5 of 107)
589824     (585178 4270 376 0) 6792.0 (0.0038490295 0.0006103516) 8.000000 0.004744 8.4e-01 8.4e-01 (0.0038490295 0.0006103516) 1.1e-05 6.8e-06 0 1 1 0 1 0 1 bwd_weight conv2d_host_validation_f16_bwd_CHECK_ISSUE_127_16 (6 of 107)
1179648    (1172960 6154 534 0) 39296.0 (0.0001678467 -0.0045166016) 8.000000 0.002244 2.8e+01 3.6e-01 (-0.0064697266 -0.0041503906) 3.0e-05 4.9e-06 0 1 1 0 1 0 1 bwd_weight conv2d_host_validation_f16_bwd_CHECK_ISSUE_127_17 (7 of 107)
147456     (143458 3589 409 0) 538.0 (-0.5166015625 -0.3852539062) 32.000000 0.084894 2.6e-01 2.6e-01 (-0.3701171875 -0.4658203125) 3.6e-05 0.0e+00 0 1 1 0 1 0 1 bwd_weight conv2d_host_validation_f16_bwd_CHECK_ISSUE_127_18 (8 of 107)
2097152    (2087684 8679 789 0) 1328.0 (-0.0057678223 -0.0032348633) 4.000000 0.001334 4.4e-01 4.4e-01 (-0.0057678223 -0.0032348633) 5.1e-06 4.1e-06 0 1 1 0 1 0 1 bwd_weight conv2d_host_validation_f16_bwd_CHECK_ISSUE_127_6 (9 of 107)
262144     (260006 1955 183 0) 438.0 (0.0244140625 0.0177307129) 8.000000 0.005503 2.7e-01 2.7e-01 (0.0244140625 0.0177307129) 1.0e-05 7.3e-06 0 1 1 0 1 0 1 bwd_weight conv2d_host_validation_f16_bwd_CHECK_ISSUE_127_7 (10 of 107)
147456     (145183 2054 219 0) 752.0 (-0.0463256836 -0.0692749023) 16.000000 0.023227 5.0e-01 5.0e-01 (-0.0463256836 -0.0692749023) 1.8e-05 1.0e-05 0 1 1 0 1 0 1 bwd_weight conv2d_host_validation_f16_bwd_CHECK_ISSUE_127_8 (11 of 107)
147456     (145288 1944 224 0) 227.0 (-0.1206665039 -0.1345214844) 16.000000 0.019256 1.1e-01 1.1e-01 (-0.1206665039 -0.1345214844) 1.8e-05 0.0e+00 0 1 1 0 1 0 1 bwd_weight conv2d_host_validation_f16_bwd_CHECK_ISSUE_127_9 (12 of 107)
1024       (1019 5 0 0) 1.0 (-85.8125000000 -85.8750000000) 0.250000 0.000437 7.8e-04 7.8e-04 (-322.5000000000 -322.7500000000) 3.5e-06 1.5e-06 0 1 1 0 1 0 1 bwd_weight conv2d_host_validation_f16_bwd_CHECK_ISSUE_70_1 (13 of 107)
65536      (64567 868 101 0) 353.0 (0.0712890625 0.0928344727) 16.000000 0.020417 3.0e-01 3.0e-01 (0.0712890625 0.0928344727) 2.0e-05 1.1e-05 0 1 1 0 1 0 1 bwd_weight conv2d_host_validation_f16_bwd_CHECK_ISSUE_70_2 (14 of 107)
4096       (4080 14 2 0) 3.0 (0.4912109375 0.4904785156) 1.000000 0.000756 1.6e-03 1.6e-03 (1.2031250000 1.2050781250) 3.4e-06 3.0e-06 0 1 1 0 1 0 1 bwd_weight conv2d_host_validation_f16_bwd_CHECK_ISSUE_70_3 (15 of 107)
1024       (1016 8 0 0) 1.0 (-999.5000000000 -999.0000000000) 0.500000 0.001284 8.1e-04 8.1e-04 (-1.2119140625 -1.2109375000) 4.8e-06 4.1e-07 0 1 1 0 1 0 1 bwd_weight conv2d_host_validation_f16_bwd_CHECK_ISSUE_71_1 (16 of 107)
1024       (1020 4 0 0) 1.0 (-63.7500000000 -63.7812500000) 0.031250 0.000063 9.7e-04 9.7e-04 (-1.0019531250 -1.0029296875) 2.9e-06 0.0e+00 0 1 1 0 1 0 1 bwd_weight conv2d_host_validation_f16_bwd_CHECK_ISSUE_71_2 (17 of 107)
1024       (1020 4 0 0) 1.0 (-1595.0000000000 -1596.0000000000) 8.000000 0.017578 7.5e-04 7.5e-04 (-10720.0000000000 -10712.0000000000) 2.7e-06 0.0e+00 0 1 1 0 1 0 1 bwd_weight conv2d_host_validation_f16_bwd_CHECK_ISSUE_71_3 (18 of 107)
1024       (1017 7 0 0) 1.0 (20.0156250000 20.0312500000) 1.000000 0.001138 7.8e-04 7.8e-04 (20.0156250000 20.0312500000) 4.2e-06 5.2e-06 0 1 1 0 1 0 1 bwd_weight conv2d_host_validation_f16_bwd_CHECK_ISSUE_71_4 (19 of 107)
12845056   (12826729 17148 1179 0) 4112.0 (-0.0001716614 0.0000734329) 1.000000 0.000114 2.2e+00 1.3e-01 (0.0020542145 0.0023155212) 1.9e-06 2.0e-06 0 0 0 0 0 1 0 fwd conv2d_host_validation_f16_CHECK_RESNET101_NCHW_CONFIG1_FWD_f16 (20 of 107)
12845056   (12827857 16048 1151 0) 2560.0 (-0.0001869202 -0.0000343323) 2.000000 0.000102 8.2e-01 1.2e-01 (0.0022258759 0.0019550323) 1.6e-06 2.2e-06 0 0 0 0 0 1 0 fwd conv2d_host_validation_f16_CHECK_RESNET101_NCHW_CONFIG2_FWD_f16 (21 of 107)
25690112   (25653483 34110 2519 0) 4608.0 (0.0002059937 -0.0000686646) 1.000000 0.000111 1.3e+00 2.2e-01 (-0.0024642944 -0.0019340515) 1.6e-06 2.2e-06 0 0 0 0 0 1 0 bwd_data conv2d_host_validation_f16_CHECK_RESNET101_NCHW_CONFIG8_BWD_f16 (22 of 107)
102760448  (102692817 63182 4449 0) 1664.0 (-0.0000724792 0.0000267029) 1.000000 0.000024 8.0e+00 6.2e-02 (0.0017166138 0.0016098022) 9.7e-07 1.3e-06 0 0 0 0 0 1 0 fwd conv2d_host_validation_f16_CHECK_RESNET101_NCHW_CONFIG8_FWD_f16 (23 of 107)
16384      (16067 285 32 0) 21.0 (0.4047851562 0.4099121094) 16.000000 0.043467 1.3e-02 1.3e-02 (0.4047851562 0.4099121094) 1.7e-05 0.0e+00 0 0 0 0 0 1 0 bwd_weight conv2d_host_validation_f16_CHECK_RESNET101_NCHW_CONFIG8_WRW_f16 (24 of 107)
12845056   (12826909 16903 1244 0) 496.0 (-0.0004355907 -0.0003173351) 1.000000 0.000109 2.7e-01 1.8e-01 (0.0014724731 0.0012130737) 1.4e-06 2.3e-06 0 0 0 0 0 1 0 fwd conv2d_host_validation_f16_CHECK_RESNET101_NHWC_CONFIG1_FWD_f16 (25 of 107)
12845056   (12827687 16143 1226 0) 1056.0 (0.0001068115 0.0000438690) 1.000000 0.000099 5.9e-01 1.0e-01 (0.0011138916 0.0012283325) 1.4e-06 2.0e-06 0 0 0 0 0 1 0 fwd conv2d_host_validation_f16_CHECK_RESNET101_NHWC_CONFIG2_FWD_f16 (26 of 107)
25690112   (25653498 34125 2489 0) 3168.0 (-0.0001392365 0.0000495911) 1.000000 0.000111 1.7e+00 2.0e-01 (-0.0010223389 -0.0012273788) 1.6e-06 2.3e-06 0 0 0 0 0 1 0 bwd_data conv2d_host_validation_f16_CHECK_RESNET101_NHWC_CONFIG8_BWD_f16 (27 of 107)
102760448  (102692417 63402 4629 0) 768.0 (-0.0000610352 -0.0001068115) 1.000000 0.000024 2.5e+00 7.6e-02 (-0.0010986328 -0.0011825562) 7.3e-07 7.9e-07 0 0 0 0 0 1 0 fwd conv2d_host_validation_f16_CHECK_RESNET101_NHWC_CONFIG8_FWD_f16 (28 of 107)
16384      (16070 289 25 0) 15.0 (7.7382812500 7.7968750000) 16.000000 0.038264 8.2e-03 8.2e-03 (-13.2812500000 -13.3906250000) 1.6e-05 9.4e-06 0 0 0 0 0 1 0 bwd_weight conv2d_host_validation_f16_CHECK_RESNET101_NHWC_CONFIG8_WRW_f16 (29 of 107)
4194304    (4194005 287 12 0) 8.0 (-0.0005569458 -0.0005607605) 0.125000 0.000000 1.4e-02 1.2e-03 (-0.0015335083 -0.0015316010) 5.7e-08 4.3e-07 0 1 1 0 1 0 1 fwd conv2d_host_validation_f16_fwd_CHECK_FILTER1_f16 (30 of 107)
4194304    (4194058 234 12 0) 32.0 (-0.0000839233 -0.0000820160) 0.125000 0.000000 3.6e-02 1.5e-03 (0.0024719238 0.0024757385) 6.3e-08 4.6e-07 0 1 1 0 1 0 1 fwd conv2d_host_validation_f16_fwd_CHECK_FILTER2_f16 (31 of 107)
16777216   (16774732 2348 136 0) 64.0 (0.0000610352 0.0000572205) 0.250000 0.000002 1.2e-01 7.4e-03 (-0.0010318756 -0.0010395050) 1.3e-07 7.0e-07 0 1 1 0 1 0 1 fwd conv2d_host_validation_f16_fwd_CHECK_ISSUE_114_1_f16 (32 of 107)
16777216   (16774872 2246 98 0) 40.0 (-0.0000534058 -0.0000557899) 0.250000 0.000002 1.2e-01 6.3e-03 (0.0012207031 0.0012283325) 1.2e-07 6.5e-07 0 1 1 0 1 0 1 fwd conv2d_host_validation_f16_fwd_CHECK_ISSUE_114_2_f16 (33 of 107)
4194304    (4193667 604 33 0) 32.0 (0.0004882812 0.0004806519) 0.125000 0.000002 1.6e-02 7.7e-03 (-0.0012359619 -0.0012454987) 1.2e-07 7.2e-07 0 1 1 0 1 0 1 fwd conv2d_host_validation_f16_fwd_CHECK_ISSUE_114_3_f16 (34 of 107)
4194304    (4193661 605 38 0) 40.0 (-0.0001106262 -0.0001082420) 0.250000 0.000002 1.6e-01 7.1e-03 (0.0010671616 0.0010595322) 1.7e-07 7.2e-07 0 1 1 0 1 0 1 fwd conv2d_host_validation_f16_fwd_CHECK_ISSUE_114_4_f16 (35 of 107)
16777216   (16774535 2553 128 0) 104.0 (-0.0000305176 -0.0000367165) 0.250000 0.000002 2.0e-01 4.7e-03 (0.0012130737 0.0012073517) 1.5e-07 7.9e-07 0 1 1 0 1 0 1 fwd conv2d_host_validation_f16_fwd_CHECK_ISSUE_114_5_f16 (36 of 107)
16777216   (16774819 2266 131 0) 64.0 (0.0000457764 0.0000495911) 0.250000 0.000002 1.9e-01 6.4e-03 (-0.0011901855 -0.0011825562) 1.4e-07 6.4e-07 0 1 1 0 1 0 1 fwd conv2d_host_validation_f16_fwd_CHECK_ISSUE_114_6_f16 (37 of 107)
4194304    (4193712 566 26 0) 128.0 (0.0001182556 0.0001258850) 0.125000 0.000002 6.5e-02 3.2e-03 (-0.0035648346 -0.0035762787) 1.3e-07 7.0e-07 0 1 1 0 1 0 1 fwd conv2d_host_validation_f16_fwd_CHECK_ISSUE_114_7_f16 (38 of 107)
4194304    (4193612 661 31 0) 32.0 (-0.0000114441 -0.0000133514) 0.250000 0.000002 1.7e-01 3.5e-03 (0.0021514893 0.0021438599) 1.8e-07 6.8e-07 0 1 1 0 1 0 1 fwd conv2d_host_validation_f16_fwd_CHECK_ISSUE_114_8_f16 (39 of 107)
12845056   (12793221 47718 4117 0) 6464.0 (0.0000724792 0.0004577637) 4.000000 0.001003 5.3e+00 7.4e-01 (0.0018920898 0.0032882690) 5.8e-06 1.1e-06 0 1 1 0 1 0 1 fwd conv2d_host_validation_f16_fwd_CHECK_ISSUE_127_11_f16 (40 of 107)
12845056   (12794339 46767 3950 0) 10192.0 (-0.0021228790 0.0003070831) 16.000000 0.000969 3.6e+00 1.1e+00 (-0.0021228790 0.0003070831) 4.9e-06 1.1e-06 0 1 1 0 1 0 1 fwd conv2d_host_validation_f16_fwd_CHECK_ISSUE_127_12_f16 (41 of 107)
12845056   (12797281 44140 3635 0) 16640.0 (0.0003662109 -0.0036010742) 4.000000 0.000872 1.1e+01 1.9e+00 (-0.0021190643 0.0019168854) 5.7e-06 1.0e-06 0 1 1 0 1 0 1 fwd conv2d_host_validation_f16_fwd_CHECK_ISSUE_127_13_f16 (42 of 107)
12845056   (12792859 48095 4102 0) 12768.0 (0.0002365112 0.0017585754) 16.000000 0.001041 6.4e+00 7.7e-01 (-0.0018234253 -0.0032196045) 5.6e-06 1.2e-06 0 1 1 0 1 0 1 fwd conv2d_host_validation_f16_fwd_CHECK_ISSUE_127_14_f16 (43 of 107)
12845056   (12792310 48690 4056 0) 16128.0 (0.0017127991 -0.0002098083) 4.000000 0.001047 4.8e+00 1.1e+00 (0.0017127991 -0.0002098083) 5.4e-06 1.2e-06 0 1 1 0 1 0 1 fwd conv2d_host_validation_f16_fwd_CHECK_ISSUE_127_1_f16 (44 of 107)
6422528    (6385989 33519 3020 0) 5416.0 (0.0033950806 0.0008125305) 32.000000 0.002144 1.2e+00 1.2e+00 (0.0030021667 0.0065917969) 7.2e-06 1.1e-06 0 1 1 0 1 0 1 fwd conv2d_host_validation_f16_fwd_CHECK_ISSUE_127_2_f16 (45 of 107)
25690112   (25613349 70910 5853 0) 10496.0 (-0.0005722046 0.0000534058) 4.000000 0.000513 3.9e+00 4.8e-01 (0.0023765564 0.0012474060) 3.8e-06 3.3e-06 0 1 1 0 1 0 1 fwd conv2d_host_validation_f16_fwd_CHECK_ISSUE_127_3_f16 (46 of 107)
12845056   (12792256 48753 4047 0) 15904.0 (-0.0008583069 0.0000896454) 4.000000 0.001060 7.8e+00 7.7e-01 (-0.0016994476 -0.0003948212) 5.2e-06 4.0e-06 0 1 1 0 1 0 1 fwd conv2d_host_validation_f16_fwd_CHECK_ISSUE_127_4_f16 (47 of 107)
12845056   (12794387 46712 3957 0) 18432.0 (0.0000724792 0.0011711121) 4.000000 0.000963 1.5e+01 2.3e+00 (0.0010147095 -0.0013504028) 6.8e-06 4.0e-06 0 1 1 0 1 0 1 fwd conv2d_host_validation_f16_fwd_CHECK_ISSUE_127_5_f16 (48 of 107)
7372800    (7367664 4794 342 0) 448.0 (-0.0002899170 -0.0002365112) 0.500000 0.000028 1.8e-01 3.0e-02 (0.0011444092 0.0011787415) 7.2e-07 1.6e-06 0 1 1 0 1 0 1 fwd conv2d_host_validation_f16_fwd_CHECK_ISSUE_40_1_f16 (49 of 107)
3440640    (3437039 3376 225 0) 1024.0 (0.0000534058 0.0001144409) 1.000000 0.000063 1.1e+00 8.5e-02 (0.0012626648 0.0011558533) 1.7e-06 2.0e-06 0 1 1 0 1 0 1 fwd conv2d_host_validation_f16_fwd_CHECK_ISSUE_40_2_f16 (50 of 107)
6422528    (6411030 10672 826 0) 3584.0 (0.0000379086 0.0002515316) 2.000000 0.000182 5.6e+00 1.9e-01 (0.0014724731 0.0011978149) 3.0e-06 2.8e-06 0 1 1 0 1 0 1 fwd conv2d_host_validation_f16_fwd_CHECK_ISSUE_40_3_f16 (51 of 107)
14745600   (14727429 16927 1244 0) 2448.0 (-0.0000305176 0.0001153946) 1.000000 0.000084 4.8e+00 9.6e-02 (-0.0012664795 -0.0011444092) 1.7e-06 2.2e-06 0 1 1 0 1 0 1 fwd conv2d_host_validation_f16_fwd_CHECK_ISSUE_40_4_f16 (52 of 107)
6881280    (6874706 6118 456 0) 256.0 (0.0001335144 0.0001182556) 1.000000 0.000048 2.2e-01 7.9e-02 (0.0015525818 0.0016746521) 9.8e-07 1.6e-06 0 1 0 0 0 0 1 fwd conv2d_host_validation_f16_fwd_CHECK_ISSUE_40_5_f16 (53 of 107)
1048576    (1047266 1213 97 0) 768.0 (-0.0002822876 -0.0004653931) 1.000000 0.000076 6.5e-01 1.0e-01 (0.0012197495 0.0010976791) 1.8e-06 2.1e-06 0 1 1 0 1 0 1 fwd conv2d_host_validation_f16_fwd_CHECK_ISSUE_41_10_f16 (54 of 107)
12845056   (12835983 8446 627 0) 1600.0 (-0.0000095367 -0.0001049042) 0.500000 0.000028 1.0e+01 3.3e-02 (-0.0013809204 -0.0013351440) 1.4e-06 1.4e-06 0 1 1 0 1 0 1 fwd conv2d_host_validation_f16_fwd_CHECK_ISSUE_41_11_f16 (55 of 107)
9437184    (9425410 11000 774 0) 641.0 (-0.0001705885 -0.0002470016) 1.000000 0.000084 4.5e-01 1.2e-01 (-0.0014038086 -0.0012283325) 1.3e-06 2.2e-06 0 1 1 0 1 0 1 fwd conv2d_host_validation_f16_fwd_CHECK_ISSUE_41_12_f16 (56 of 107)
921600     (920949 599 52 0) 80.0 (-0.0002441406 -0.0002346039) 0.500000 0.000026 3.9e-02 1.3e-02 (0.0011348724 0.0011501312) 6.6e-07 1.7e-06 0 1 1 0 1 0 1 fwd conv2d_host_validation_f16_fwd_CHECK_ISSUE_41_2_f16 (57 of 107)
1605632    (1604525 1030 77 0) 60.0 (-0.0011978149 -0.0011405945) 0.500000 0.000028 4.8e-02 4.8e-02 (-0.0011978149 -0.0011405945) 6.6e-07 1.6e-06 0 1 1 0 1 0 1 fwd conv2d_host_validation_f16_fwd_CHECK_ISSUE_41_3_f16 (58 of 107)
200704     (200557 133 14 0) 128.0 (-0.0000877380 -0.0000953674) 0.500000 0.000031 8.7e-02 7.3e-03 (0.0033798218 0.0034046173) 1.1e-06 1.9e-06 0 1 1 0 1 0 1 fwd conv2d_host_validation_f16_fwd_CHECK_ISSUE_41_4_f16 (59 of 107)
1605632    (1603963 1561 108 0) 144.0 (-0.0002822876 -0.0003166199) 1.000000 0.000061 1.7e-01 2.8e-02 (-0.0046157837 -0.0047454834) 1.1e-06 2.2e-06 0 1 1 0 1 0 1 fwd conv2d_host_validation_f16_fwd_CHECK_ISSUE_41_5_f16 (60 of 107)
802816     (802245 532 39 0) 160.0 (0.0002021790 0.0002212524) 0.500000 0.000031 9.4e-02 1.7e-02 (-0.0026702881 -0.0027160645) 7.3e-07 1.9e-06 0 1 1 0 1 0 1 fwd conv2d_host_validation_f16_fwd_CHECK_ISSUE_41_6_f16 (61 of 107)
4194304    (4191496 2621 187 0) 256.0 (-0.0000219345 -0.0000066757) 1.000000 0.000028 7.0e-01 4.6e-02 (-0.0011520386 -0.0010986328) 8.2e-07 1.7e-06 0 1 1 0 1 0 1 fwd conv2d_host_validation_f16_fwd_CHECK_ISSUE_41_7_f16 (62 of 107)
3211264    (3207489 3536 239 0) 1600.0 (0.0002059937 0.0001106262) 1.000000 0.000077 4.6e-01 1.1e-01 (0.0027847290 0.0030975342) 1.4e-06 2.1e-06 0 1 1 0 1 0 1 fwd conv2d_host_validation_f16_fwd_CHECK_ISSUE_41_8_f16 (63 of 107)
2359296    (2357680 1515 101 0) 37.0 (-0.0022659302 -0.0023365021) 0.500000 0.000029 3.1e-02 3.1e-02 (-0.0022659302 -0.0023365021) 5.8e-07 1.8e-06 0 1 1 0 1 0 1 fwd conv2d_host_validation_f16_fwd_CHECK_ISSUE_41_9_f16 (64 of 107)
25690112   (25617816 66892 5404 0) 8256.0 (0.0004482269 -0.0000438690) 4.000000 0.000464 1.4e+00 7.5e-01 (0.0010604858 0.0018529892) 3.4e-06 3.3e-06 0 1 1 0 1 0 1 fwd conv2d_host_validation_f16_fwd_CHECK_KCYX_NCHW_NKHW1_f16 (65 of 107)
3686400    (3684674 1607 119 0) 320.0 (-0.0000089407 0.0000101328) 0.500000 0.000012 2.1e+00 1.5e-02 (0.0019836426 0.0019531250) 1.0e-06 1.4e-06 0 1 1 0 1 0 1 fwd conv2d_host_validation_f16_fwd_CHECK_KCYX_NCHW_NKHW2_f16 (66 of 107)
409600     (409401 190 9 0) 8.0 (0.0036239624 0.0036087036) 0.250000 0.000013 4.2e-03 4.2e-03 (0.0036239624 0.0036087036) 3.7e-07 1.4e-06 0 1 1 0 1 0 1 fwd conv2d_host_validation_f16_fwd_CHECK_KCYX_NCHW_NKHW3_f16 (67 of 107)
147456     (147375 72 9 0) 8.0 (0.0033493042 0.0033340454) 0.250000 0.000018 4.6e-03 4.6e-03 (0.0033493042 0.0033340454) 4.5e-07 2.0e-06 0 1 1 0 1 0 1 fwd conv2d_host_validation_f16_fwd_CHECK_KCYX_NCHW_NKHW4_f16 (68 of 107)
102400     (102364 34 2 0) 8.0 (-0.0090026855 -0.0090637207) 0.250000 0.000008 6.8e-03 6.8e-03 (-0.0090026855 -0.0090637207) 3.0e-07 1.2e-06 0 1 1 0 1 0 1 fwd conv2d_host_validation_f16_fwd_CHECK_KCYX_NCHW_NKHW5_f16 (69 of 107)
15745024   (15738560 6053 411 0) 256.0 (0.0000152588 0.0000305176) 0.500000 0.000011 1.0e+00 2.2e-02 (0.0010261536 0.0010490417) 4.4e-07 1.2e-06 0 1 1 0 1 0 1 fwd conv2d_host_validation_f16_fwd_CHECK_KCYX_NCHW_NKHW6_f16 (70 of 107)
13778944   (13765432 12581 931 0) 2948.0 (-0.0002393723 -0.0000636578) 1.000000 0.000055 7.3e-01 1.4e-01 (0.0010604858 0.0012044907) 1.2e-06 1.8e-06 0 1 1 0 1 0 1 fwd conv2d_host_validation_f16_fwd_CHECK_KCYX_NCHW_NKHW7_f16 (71 of 107)
25690112   (25617131 67570 5411 0) 10816.0 (0.0000524521 -0.0005922318) 32.000000 0.000473 1.2e+01 5.6e-01 (0.0010604858 0.0004653931) 3.8e-06 5.5e-07 0 1 1 0 1 0 1 fwd conv2d_host_validation_f16_fwd_CHECK_KYXC_NHWC_NHWK1_f16 (72 of 107)
3686400    (3684713 1576 111 0) 132.0 (-0.0004310608 -0.0004625320) 0.500000 0.000012 1.7e-01 2.7e-02 (-0.0011215210 -0.0010910034) 5.7e-07 1.2e-06 0 1 1 0 1 0 1 fwd conv2d_host_validation_f16_fwd_CHECK_KYXC_NHWC_NHWK2_f16 (73 of 107)
409600     (409405 185 10 0) 24.0 (0.0009155273 0.0009269714) 0.250000 0.000013 1.3e-02 3.4e-03 (0.0022506714 0.0022583008) 3.7e-07 1.4e-06 0 1 1 0 1 0 1 fwd conv2d_host_validation_f16_fwd_CHECK_KYXC_NHWC_NHWK3_f16 (74 of 107)
147456     (147407 44 5 0) 16.0 (-0.0010833740 -0.0010986328) 0.250000 0.000010 1.4e-02 1.4e-02 (-0.0010833740 -0.0010986328) 4.8e-07 1.4e-06 0 1 1 0 1 0 1 fwd conv2d_host_validation_f16_fwd_CHECK_KYXC_NHWC_NHWK4_f16 (75 of 107)
102400     (102356 43 1 0) 3.0 (-0.0074386597 -0.0074272156) 0.250000 0.000015 1.5e-03 1.5e-03 (-0.0074386597 -0.0074272156) 3.0e-07 1.6e-06 0 1 1 0 1 0 1 fwd conv2d_host_validation_f16_fwd_CHECK_KYXC_NHWC_NHWK5_f16 (76 of 107)
15745024   (15738375 6217 432 0) 256.0 (-0.0000956059 -0.0001108646) 0.500000 0.000011 3.1e-01 1.8e-02 (-0.0010681152 -0.0010871887) 4.5e-07 1.3e-06 0 1 1 0 1 0 1 fwd conv2d_host_validation_f16_fwd_CHECK_KYXC_NHWC_NHWK6_f16 (77 of 107)
13778944   (13765312 12732 900 0) 1024.0 (-0.0000991821 -0.0001602173) 1.000000 0.000054 1.1e+00 5.2e-02 (-0.0016098022 -0.0015258789) 1.1e-06 2.0e-06 0 1 1 0 1 0 1 fwd conv2d_host_validation_f16_fwd_CHECK_KYXC_NHWC_NHWK7_f16 (78 of 107)
802816     (802497 289 30 0) 21.0 (0.0032386780 0.0031986237) 0.250000 0.000010 2.0e-02 1.3e-02 (0.0011787415 0.0011634827) 4.0e-07 1.2e-06 0 1 1 0 1 0 1 fwd conv2d_host_validation_f16_fwd_CHECK_PADDING1_f16 (79 of 107)
802816     (802454 338 24 0) 32.0 (-0.0006332397 -0.0006179810) 0.250000 0.000011 2.4e-02 4.4e-03 (-0.0043716431 -0.0043525696) 3.7e-07 1.3e-06 0 1 1 0 1 0 1 fwd conv2d_host_validation_f16_fwd_CHECK_PADDING2_f16 (80 of 107)
2048       (2047 1 0 0) 1.0 (0.1054077148 0.1053466797) 0.000061 0.000000 5.8e-04 5.8e-04 (0.1054077148 0.1053466797) 2.8e-07 2.3e-09 0 1 1 0 1 0 1 fwd conv2d_host_validation_f16_fwd_CHECK_PADDING3_f16 (81 of 107)
205520896  (205385496 126398 9002 0) 1088.0 (-0.0001182556 -0.0000534058) 1.000000 0.000025 4.0e+00 1.3e-01 (-0.0011863708 -0.0013389587) 7.8e-07 1.3e-06 0 1 0 0 1 0 1 fwd conv2d_host_validation_f32_fwd_GROUP_NCHW_f16 (82 of 107)
51380224   (51346260 31714 2250 0) 1408.0 (0.0000457764 0.0001296997) 0.500000 0.000024 1.8e+00 7.8e-02 (-0.0010852814 -0.0010004044) 7.5e-07 1.4e-06 1 0 0 0 0 1 0 fwd conv2d_host_validation_random_CHECK_KCYX_NCHW_NKHW_5_f16 (83 of 107)
51380224   (51346125 31860 2239 0) 1152.0 (-0.0000305176 0.0000381470) 1.000000 0.000025 5.8e+00 6.0e-02 (0.0012969971 0.0013751984) 9.0e-07 1.4e-06 1 0 0 0 0 1 0 fwd conv2d_host_validation_random_CHECK_KCYX_NCHW_NKHW_6_f16 (84 of 107)
47775744   (47673632 94765 7347 0) 5888.0 (0.0001068115 -0.0002441406) 2.000000 0.000259 3.0e+01 5.5e-01 (-0.0011978149 -0.0005416870) 3.4e-06 2.7e-06 1 0 0 0 0 1 0 fwd conv2d_host_validation_random_CHECK_KCYX_NCHW_NKHW_7_f16 (85 of 107)
51380224   (51272130 100305 7789 0) 4672.0 (0.0002593994 -0.0000190735) 2.000000 0.000249 3.0e+00 5.5e-01 (-0.0013484955 -0.0020923615) 2.6e-06 2.7e-06 1 0 0 0 0 1 0 fwd conv2d_host_validation_random_CHECK_KCYX_NCHW_NKHW_8_f16 (86 of 107)
16777216   (16774622 2458 136 0) 32.0 (0.0001831055 0.0001792908) 0.250000 0.000002 3.1e-02 1.9e-02 (-0.0012054443 -0.0011825562) 1.3e-07 6.4e-07 1 0 0 0 0 1 0 fwd conv2d_host_validation_random_CHECK_KYXC_NHWC_NHWK_4_f16 (87 of 107)
16777216   (16774603 2487 126 0) 76.0 (0.0000534058 0.0000488758) 0.250000 0.000002 8.5e-02 4.6e-03 (0.0010299683 0.0010251999) 1.4e-07 7.7e-07 1 0 0 0 0 1 0 fwd conv2d_host_validation_random_CHECK_KYXC_NHWC_NHWK_5_f16 (88 of 107)
25690112   (25617799 66869 5444 0) 32896.0 (-0.0019683838 -0.0000076294) 4.000000 0.000459 4.8e+00 1.0e+00 (-0.0019683838 -0.0000076294) 3.6e-06 3.2e-06 1 0 1 0 0 1 0 fwd conv2d_host_validation_random_CHECK_RAND_FLOAT_2_f16 (89 of 107)
205520896  (205384570 127220 9106 0) 1024.0 (-0.0001144409 -0.0001754761) 1.000000 0.000024 1.0e+01 6.9e-02 (0.0011091232 0.0010328293) 8.8e-07 7.1e-07 1 0 0 0 0 1 0 fwd conv2d_host_validation_random_GROUP_NHWC_f16 (90 of 107)
30720      (30687 31 2 0) 3.0 (0.0571899414 0.0572814941) 0.250000 0.000031 1.6e-03 1.6e-03 (0.0571899414 0.0572814941) 7.7e-07 1.5e-06 0 1 0 0 1 0 1 fwd padding_kernel_all_fwd_CHECK_RESNET50_CONFIG2_f16 (91 of 107)
30720      (30687 30 3 0) 4.0 (0.0121917725 0.0122222900) 0.250000 0.000050 2.5e-03 2.5e-03 (0.0121917725 0.0122222900) 8.4e-07 1.8e-06 0 1 0 0 1 0 1 fwd padding_kernel_all_fwd_CHECK_RESNET50_CONFIG4_f16 (92 of 107)
882        (872 9 1 0) 47.0 (0.0450744629 0.0436401367) 1.000000 0.002686 3.2e-02 3.2e-02 (0.0450744629 0.0436401367) 4.4e-05 4.8e-06 0 1 0 0 1 0 1 bwd_weight padding_kernel_all_wrw_CHECK_RESNET50_CONFIG2_f16 (93 of 107)
882        (877 3 2 0) 3.0 (-1.1503906250 -1.1474609375) 2.000000 0.002910 2.5e-03 2.5e-03 (-1.1503906250 -1.1474609375) 6.8e-06 9.0e-06 0 1 0 0 1 0 1 bwd_weight padding_kernel_all_wrw_CHECK_RESNET50_CONFIG4_f16 (94 of 107)
205520896  (205305371 200867 14658 0) 2816.0 (-0.0000762939 0.0000915527) 1.000000 0.000060 1.7e+01 2.1e-01 (0.0010185242 0.0012321472) 1.4e-06 1.8e-06 0 1 1 0 1 0 1 fwd padding_kernel_gemmK_CHECK_RESNET50_F16_CONFIG1 (95 of 107)
205520896  (205302797 203320 14779 0) 2880.0 (0.0000991821 0.0002708435) 1.000000 0.000060 7.0e+00 2.2e-01 (-0.0016098022 -0.0012588501) 1.4e-06 1.8e-06 0 1 1 0 1 0 1 fwd padding_kernel_gemmK_CHECK_RESNET50_F16_CONFIG2 (96 of 107)
205520896  (205300709 205184 15003 0) 1664.0 (-0.0000591278 0.0000400543) 1.000000 0.000062 8.0e+00 2.4e-01 (-0.0010185242 -0.0007743835) 1.3e-06 1.8e-06 0 1 1 0 1 0 1 fwd padding_kernel_gemmK_CHECK_RESNET50_F16_CONFIG4 (97 of 107)
9408       (8888 447 73 0) 273.0 (-1.8808593750 -1.6142578125) 32.000000 0.354503 1.4e-01 1.4e-01 (-1.8808593750 -1.6142578125) 9.6e-05 0.0e+00 0 1 1 0 1 0 1 bwd_weight padding_kernel_gemmN_CHECK_RESNET50_CONFIG2 (98 of 107)
9408       (8919 441 48 0) 129.0 (-5.3750000000 -5.8789062500) 32.000000 0.346676 9.4e-02 9.4e-02 (-5.3750000000 -5.8789062500) 6.2e-05 0.0e+00 0 1 1 0 1 0 1 bwd_weight padding_kernel_gemmN_CHECK_RESNET50_CONFIG4 (99 of 107)
6422528    (6403818 17316 1394 0) 3072.0 (-0.0002136230 -0.0000305176) 4.000000 0.000511 8.6e-01 3.3e-01 (0.0019607544 0.0026054382) 3.2e-06 3.3e-06 0 0 0 0 1 0 1 fwd Resnet50_validation_nchw_CHECK_NCHW_1_f16 (100 of 107)
25690112   (25664919 23480 1713 0) 960.0 (-0.0001602173 -0.0001029968) 1.000000 0.000053 8.2e-01 8.0e-02 (0.0011482239 0.0012397766) 1.1e-06 1.9e-06 0 0 0 0 1 0 1 fwd Resnet50_validation_nchw_CHECK_NCHW_2_f16 (101 of 107)
147456     (145205 2033 218 0) 2135.0 (-0.0133743286 -0.0296630859) 16.000000 0.021724 1.2e+00 1.2e+00 (-0.0133743286 -0.0296630859) 2.6e-05 1.0e-05 0 0 0 0 1 0 1 bwd_weight Resnet50_validation_nchw_CHECK_NCHW_3_f16 (102 of 107)
65536      (64538 907 91 0) 276.0 (-0.0515136719 -0.0599365234) 16.000000 0.022155 1.6e-01 1.6e-01 (-0.0515136719 -0.0599365234) 2.3e-05 1.0e-05 0 0 0 0 1 0 1 bwd_weight Resnet50_validation_nchw_CHECK_NCHW_4_f16 (103 of 107)
6422528    (6403767 17357 1404 0) 6240.0 (-0.0004730225 -0.0001010895) 2.000000 0.000505 7.9e-01 5.3e-01 (-0.0012121201 -0.0005712509) 3.2e-06 1.3e-06 0 0 0 0 1 0 1 fwd Resnet50_validation_nhwc_CHECK_NHWC_1_f16 (104 of 107)
25690112   (25664611 23798 1703 0) 512.0 (0.0001525879 0.0002136230) 1.000000 0.000053 8.8e-01 8.6e-02 (-0.0014572144 -0.0013313293) 1.1e-06 7.5e-07 0 0 0 0 1 0 1 fwd Resnet50_validation_nhwc_CHECK_NHWC_2_f16 (105 of 107)
147456     (145339 1930 187 0) 495.0 (-0.0619812012 -0.0468750000) 8.000000 0.017860 2.4e-01 2.4e-01 (-0.0619812012 -0.0468750000) 1.8e-05 0.0e+00 0 0 0 0 1 0 1 bwd_weight Resnet50_validation_nhwc_CHECK_NHWC_3_f16 (106 of 107)
65536      (64599 847 90 0) 310.0 (-0.0545043945 -0.0639648438) 16.000000 0.020237 1.7e-01 1.7e-01 (-0.0545043945 -0.0639648438) 1.6e-05 9.0e-06 0 0 0 0 1 0 1 bwd_weight Resnet50_validation_nhwc_CHECK_NHWC_4_f16 (107 of 107)
