25690112   (25652488 35038 2586 0) 5680.0 (-0.0008296967 -0.0001525879) 2.000000 0.000216 2.3e+01 3.7e-01 (0.0029106140 0.0039787292) 2.6e-06 3.5e-07 1 0 0 0 0 1 0 fwd conv2d_harness_cpu_verifier_kyxc_nhwc_nhwk_f16_E2E_f16 (1 of 107)
802816     (802457 342 17 0) 20.0 (0.0006294250 0.0006198883) 0.500000 0.000013 1.5e-02 7.4e-03 (0.0036315918 0.0036048889) 3.9e-07 1.4e-06 0 1 1 0 1 0 1 bwd_data conv2d_host_validation_f16_bwd_CHECK_BWD_DATA1 (2 of 107)
4096       (4091 5 0 0) 1.0 (-32.9375000000 -32.9687500000) 0.125000 0.000084 9.5e-04 9.5e-04 (-32.9375000000 -32.9687500000) 7.9e-07 0.0e+00 0 1 1 0 1 0 1 bwd_weight conv2d_host_validation_f16_bwd_CHECK_BWD_WEIGHT1 (3 of 107)
147456     (147108 330 18 0) 12.0 (0.3930664062 0.3959960938) 8.000000 0.001861 7.5e-03 7.5e-03 (0.3930664062 0.3959960938) 1.9e-06 2.2e-06 0 1 1 0 1 0 1 bwd_weight conv2d_host_validation_f16_bwd_CHECK_ISSUE_127_10 (4 of 107)
294912     (294291 562 59 0) 250.0 (0.0042343140 0.0051879883) 8.000000 0.001139 2.3e-01 2.3e-01 (0.0042343140 0.0051879883) 3.0e-06 2.5e-06 0 1 1 0 1 0 1 bwd_weight conv2d_host_validation_f16_bwd_CHECK_ISSUE_127_15 (5 of 107)
589824     (588574 1151 99 0) 235.0 (0.0028896332 0.0024414062) 4.000000 0.000733 1.6e-01 1.6e-01 (0.0028896332 0.0024414062) 2.8e-06 0.0e+00 0 1 1 0 1 0 1 bwd_weight conv2d_host_validation_f16_bwd_CHECK_ISSUE_127_16 (6 of 107)
1179648    (1177349 2136 163 0) 95.0 (-0.0056190491 -0.0059814453) 4.000000 0.000461 8.0e-02 8.0e-02 (0.0172882080 0.0186767578) 2.0e-06 2.0e-06 0 1 1 0 1 0 1 bwd_weight conv2d_host_validation_f16_bwd_CHECK_ISSUE_127_17 (7 of 107)
147456     (146122 1207 127 0) 180.0 (0.3889160156 0.3449707031) 32.000000 0.016125 1.1e-01 1.1e-01 (0.3889160156 0.3449707031) 1.0e-05 0.0e+00 0 1 1 0 1 0 1 bwd_weight conv2d_host_validation_f16_bwd_CHECK_ISSUE_127_18 (8 of 107)
2097152    (2093107 3704 341 0) 348.0 (0.0035476685 0.0042114258) 4.000000 0.000369 1.9e-01 1.9e-01 (0.0035476685 0.0042114258) 2.2e-06 2.1e-06 0 1 1 0 1 0 1 bwd_weight conv2d_host_validation_f16_bwd_CHECK_ISSUE_127_6 (9 of 107)
262144     (261601 496 47 0) 142.0 (0.0194702148 0.0173034668) 4.000000 0.000646 1.1e-01 1.1e-01 (0.0194702148 0.0173034668) 2.2e-06 2.0e-06 0 1 1 0 1 0 1 bwd_weight conv2d_host_validation_f16_bwd_CHECK_ISSUE_127_7 (10 of 107)
147456     (147158 282 16 0) 24.0 (-0.1765136719 -0.1794433594) 8.000000 0.001806 1.7e-02 1.7e-02 (-0.1765136719 -0.1794433594) 1.7e-06 2.6e-06 0 1 1 0 1 0 1 bwd_weight conv2d_host_validation_f16_bwd_CHECK_ISSUE_127_8 (11 of 107)
147456     (147116 312 28 0) 25.0 (0.0997314453 0.1012573242) 8.000000 0.002099 1.8e-02 1.8e-02 (0.3063964844 0.3117675781) 2.1e-06 3.0e-06 0 1 1 0 1 0 1 bwd_weight conv2d_host_validation_f16_bwd_CHECK_ISSUE_127_9 (12 of 107)
1024       (1023 1 0 0) 1.0 (126.5000000000 126.5625000000) 0.062500 0.000061 4.9e-04 4.9e-04 (126.5000000000 126.5625000000) 4.8e-07 2.8e-07 0 1 1 0 1 0 1 bwd_weight conv2d_host_validation_f16_bwd_CHECK_ISSUE_70_1 (13 of 107)
65536      (65287 226 23 0) 170.0 (-0.0615844727 -0.0563964844) 16.000000 0.002956 9.5e-02 9.5e-02 (-0.0477294922 -0.0432128906) 8.3e-06 0.0e+00 0 1 1 0 1 0 1 bwd_weight conv2d_host_validation_f16_bwd_CHECK_ISSUE_70_2 (14 of 107)
4096       (4092 4 0 0) 1.0 (8.6796875000 8.6875000000) 0.062500 0.000025 9.0e-04 9.0e-04 (8.6796875000 8.6875000000) 6.5e-07 1.4e-07 0 1 1 0 1 0 1 bwd_weight conv2d_host_validation_f16_bwd_CHECK_ISSUE_70_3 (15 of 107)
1024       (1024 0 0 0) 0.0 (0.0000000000 0.0000000000) 0.000000 0.000000 0.0e+00 0.0e+00 (0.0000000000 0.0000000000) 0.0e+00 0.0e+00 0 1 1 0 1 0 1 bwd_weight conv2d_host_validation_f16_bwd_CHECK_ISSUE_71_1 (16 of 107)
1024       (1024 0 0 0) 0.0 (0.0000000000 0.0000000000) 0.000000 0.000000 0.0e+00 0.0e+00 (0.0000000000 0.0000000000) 0.0e+00 0.0e+00 0 1 1 0 1 0 1 bwd_weight conv2d_host_validation_f16_bwd_CHECK_ISSUE_71_2 (17 of 107)
1024       (1021 3 0 0) 1.0 (-439.7500000000 -440.0000000000) 0.250000 0.000549 6.4e-04 6.4e-04 (-97.2500000000 -97.1875000000) 1.7e-06 0.0e+00 0 1 1 0 1 0 1 bwd_weight conv2d_host_validation_f16_bwd_CHECK_ISSUE_71_3 (18 of 107)
1024       (1024 0 0 0) 0.0 (0.0000000000 0.0000000000) 0.000000 0.000000 0.0e+00 0.0e+00 (0.0000000000 0.0000000000) 0.0e+00 0.0e+00 0 1 1 0 1 0 1 bwd_weight conv2d_host_validation_f16_bwd_CHECK_ISSUE_71_4 (19 of 107)
12845056   (12834510 9818 728 0) 1442.0 (0.0000859499 0.0000000000) 2.000000 0.000057 1.0e+00 9.3e-02 (0.0015373230 0.0013942719) 1.0e-06 1.6e-06 0 0 0 0 0 1 0 fwd conv2d_host_validation_f16_CHECK_RESNET101_NCHW_CONFIG1_FWD_f16 (20 of 107)
12845056   (12834437 9976 643 0) 510.0 (-0.0000263453 -0.0000567436) 1.000000 0.000055 1.2e+00 6.0e-02 (-0.0010700226 -0.0011339188) 9.4e-07 1.5e-06 0 0 0 0 0 1 0 fwd conv2d_host_validation_f16_CHECK_RESNET101_NCHW_CONFIG2_FWD_f16 (21 of 107)
25690112   (25669720 19075 1317 0) 1350.0 (-0.0000606775 -0.0001411438) 1.000000 0.000054 1.3e+00 6.9e-02 (0.0018434525 0.0017166138) 8.4e-07 1.5e-06 0 0 0 0 0 1 0 bwd_data conv2d_host_validation_f16_CHECK_RESNET101_NCHW_CONFIG8_BWD_f16 (22 of 107)
102760448  (102718057 39814 2577 0) 944.0 (0.0000524521 0.0001087189) 0.500000 0.000013 4.3e+00 3.7e-02 (-0.0013208389 -0.0012722015) 5.2e-07 1.0e-06 0 0 0 0 0 1 0 fwd conv2d_host_validation_f16_CHECK_RESNET101_NCHW_CONFIG8_FWD_f16 (23 of 107)
16384      (16309 71 4 0) 11.0 (-1.8203125000 -1.8310546875) 16.000000 0.007816 5.9e-03 5.9e-03 (-1.8203125000 -1.8310546875) 3.8e-06 0.0e+00 0 0 0 0 0 1 0 bwd_weight conv2d_host_validation_f16_CHECK_RESNET101_NCHW_CONFIG8_WRW_f16 (24 of 107)
12845056   (12834812 9543 701 0) 1070.0 (0.0000888109 0.0001525879) 1.000000 0.000057 7.2e-01 9.8e-02 (-0.0023136139 -0.0025405884) 9.1e-07 1.6e-06 0 0 0 0 0 1 0 fwd conv2d_host_validation_f16_CHECK_RESNET101_NHWC_CONFIG1_FWD_f16 (25 of 107)
12845056   (12835590 8827 639 0) 1402.0 (0.0000938177 0.0001773834) 1.000000 0.000050 3.2e+00 5.7e-02 (0.0011491776 0.0010833740) 1.1e-06 1.4e-06 0 0 0 0 0 1 0 fwd conv2d_host_validation_f16_CHECK_RESNET101_NHWC_CONFIG2_FWD_f16 (26 of 107)
25690112   (25670020 18793 1299 0) 748.0 (0.0001461506 0.0001015663) 1.000000 0.000054 9.3e-01 8.0e-02 (0.0013647079 0.0012550354) 9.4e-07 1.4e-06 0 0 0 0 0 1 0 bwd_data conv2d_host_validation_f16_CHECK_RESNET101_NHWC_CONFIG8_BWD_f16 (27 of 107)
102760448  (102717868 39908 2672 0) 556.0 (-0.0000660419 -0.0000991821) 0.500000 0.000013 1.6e+00 4.2e-02 (0.0013923645 0.0013341904) 4.5e-07 4.9e-07 0 0 0 0 0 1 0 fwd conv2d_host_validation_f16_CHECK_RESNET101_NHWC_CONFIG8_FWD_f16 (28 of 107)
16384      (16316 63 5 0) 22.0 (0.5507812500 0.5615234375) 16.000000 0.005316 2.0e-02 2.0e-02 (0.2646484375 0.2592773438) 5.4e-06 4.7e-06 0 0 0 0 0 1 0 bwd_weight conv2d_host_validation_f16_CHECK_RESNET101_NHWC_CONFIG8_WRW_f16 (29 of 107)
4194304    (4194304 0 0 0) 0.0 (0.0000000000 0.0000000000) 0.000000 0.000000 0.0e+00 0.0e+00 (0.0000000000 0.0000000000) 0.0e+00 0.0e+00 0 1 1 0 1 0 1 fwd conv2d_host_validation_f16_fwd_CHECK_FILTER1_f16 (30 of 107)
4194304    (4194304 0 0 0) 0.0 (0.0000000000 0.0000000000) 0.000000 0.000000 0.0e+00 0.0e+00 (0.0000000000 0.0000000000) 0.0e+00 0.0e+00 0 1 1 0 1 0 1 fwd conv2d_host_validation_f16_fwd_CHECK_FILTER2_f16 (31 of 107)
16777216   (16775973 1175 68 0) 64.0 (0.0001068115 0.0001106262) 0.250000 0.000001 1.4e-01 3.7e-03 (0.0010375977 0.0010414124) 7.3e-08 4.8e-07 0 1 1 0 1 0 1 fwd conv2d_host_validation_f16_fwd_CHECK_ISSUE_114_1_f16 (32 of 107)
16777216   (16775982 1171 63 0) 32.0 (-0.0000658035 -0.0000677109) 0.250000 0.000001 1.2e-01 3.8e-03 (0.0010147095 0.0010108948) 6.9e-08 4.8e-07 0 1 1 0 1 0 1 fwd conv2d_host_validation_f16_fwd_CHECK_ISSUE_114_2_f16 (33 of 107)
4194304    (4194039 256 9 0) 16.0 (0.0004196167 0.0004234314) 0.125000 0.000001 9.1e-03 1.5e-03 (0.0018892288 0.0018920898) 4.6e-08 4.6e-07 0 1 1 0 1 0 1 fwd conv2d_host_validation_f16_fwd_CHECK_ISSUE_114_3_f16 (34 of 107)
4194304    (4193989 301 14 0) 16.0 (0.0000467300 0.0000457764) 0.125000 0.000001 2.0e-02 3.5e-03 (-0.0010766983 -0.0010728836) 6.3e-08 4.3e-07 0 1 1 0 1 0 1 fwd conv2d_host_validation_f16_fwd_CHECK_ISSUE_114_4_f16 (35 of 107)
16777216   (16775856 1282 78 0) 16.0 (-0.0001611710 -0.0001592636) 0.250000 0.000001 3.0e-02 3.6e-03 (-0.0010547638 -0.0010585785) 7.0e-08 4.7e-07 0 1 1 0 1 0 1 fwd conv2d_host_validation_f16_fwd_CHECK_ISSUE_114_5_f16 (36 of 107)
16777216   (16775848 1315 53 0) 92.0 (0.0001056194 0.0001001358) 0.125000 0.000001 1.1e-01 3.8e-03 (-0.0010013580 -0.0010051727) 7.7e-08 4.1e-07 0 1 1 0 1 0 1 fwd conv2d_host_validation_f16_fwd_CHECK_ISSUE_114_6_f16 (37 of 107)
4194304    (4193988 303 13 0) 64.0 (0.0000114441 0.0000152588) 0.250000 0.000001 3.3e-01 2.3e-03 (0.0025081635 0.0025024414) 1.4e-07 4.8e-07 0 1 1 0 1 0 1 fwd conv2d_host_validation_f16_fwd_CHECK_ISSUE_114_7_f16 (38 of 107)
4194304    (4193953 331 20 0) 32.0 (-0.0001697540 -0.0001659393) 0.125000 0.000001 2.2e-02 3.7e-03 (0.0010185242 0.0010223389) 6.8e-08 5.4e-07 0 1 1 0 1 0 1 fwd conv2d_host_validation_f16_fwd_CHECK_ISSUE_114_8_f16 (39 of 107)
12845056   (12818907 24279 1870 0) 4819.0 (0.0000668168 0.0003540516) 4.000000 0.000456 4.3e+00 5.3e-01 (-0.0013713837 -0.0006456375) 2.9e-06 7.9e-07 0 1 1 0 1 0 1 fwd conv2d_host_validation_f16_fwd_CHECK_ISSUE_127_11_f16 (40 of 107)
12845056   (12819486 23696 1874 0) 3459.0 (0.0001104474 0.0003166199) 4.000000 0.000446 4.0e+00 2.2e-01 (0.0030002594 0.0023269653) 2.6e-06 7.5e-07 0 1 1 0 1 0 1 fwd conv2d_host_validation_f16_fwd_CHECK_ISSUE_127_12_f16 (41 of 107)
12845056   (12820596 22731 1729 0) 14824.0 (-0.0000224113 -0.0009059906) 4.000000 0.000395 3.9e+01 4.6e-01 (-0.0014896393 -0.0021762848) 5.6e-06 6.9e-07 0 1 1 0 1 0 1 fwd conv2d_host_validation_f16_fwd_CHECK_ISSUE_127_13_f16 (42 of 107)
12845056   (12818759 24262 2035 0) 10048.0 (0.0006141663 0.0000152588) 4.000000 0.000459 9.8e-01 5.9e-01 (0.0013694763 0.0021724701) 2.3e-06 7.9e-07 0 1 1 0 1 0 1 fwd conv2d_host_validation_f16_fwd_CHECK_ISSUE_127_14_f16 (43 of 107)
12845056   (12818755 24343 1958 0) 2349.0 (-0.0003960133 -0.0009560585) 16.000000 0.000477 1.4e+00 4.1e-01 (-0.0011377335 -0.0006713867) 2.6e-06 8.2e-07 0 1 1 0 1 0 1 fwd conv2d_host_validation_f16_fwd_CHECK_ISSUE_127_1_f16 (44 of 107)
6422528    (6404133 17009 1386 0) 4906.0 (0.0004792213 -0.0006904602) 32.000000 0.000961 2.9e+00 4.7e-01 (-0.0013847351 -0.0020389557) 4.5e-06 7.3e-07 0 1 1 0 1 0 1 fwd conv2d_host_validation_f16_fwd_CHECK_ISSUE_127_2_f16 (45 of 107)
25690112   (25650470 36830 2812 0) 4386.0 (-0.0000904799 -0.0003519058) 4.000000 0.000243 1.2e+01 2.3e-01 (-0.0012388229 -0.0009536743) 2.4e-06 2.3e-06 0 1 1 0 1 0 1 fwd conv2d_host_validation_f16_fwd_CHECK_ISSUE_127_3_f16 (46 of 107)
12845056   (12818466 24719 1871 0) 745.0 (-0.0017938614 -0.0025043488) 4.000000 0.000485 4.0e-01 4.0e-01 (-0.0017938614 -0.0025043488) 2.1e-06 2.7e-06 0 1 1 0 1 0 1 fwd conv2d_host_validation_f16_fwd_CHECK_ISSUE_127_4_f16 (47 of 107)
12845056   (12818227 24979 1850 0) 5361.0 (0.0001143813 0.0004339218) 4.000000 0.000465 9.2e+00 4.5e-01 (0.0013008118 0.0018901825) 3.4e-06 2.4e-06 0 1 1 0 1 0 1 fwd conv2d_host_validation_f16_fwd_CHECK_ISSUE_127_5_f16 (48 of 107)
7372800    (7369624 2975 201 0) 288.0 (0.0000877380 0.0001049042) 1.000000 0.000016 4.4e-01 2.1e-02 (0.0016670227 0.0016326904) 5.1e-07 1.2e-06 0 1 1 0 1 0 1 fwd conv2d_host_validation_f16_fwd_CHECK_ISSUE_40_1_f16 (49 of 107)
3440640    (3438544 1976 120 0) 203.0 (-0.0000960231 -0.0000839233) 1.000000 0.000030 1.3e-01 4.6e-02 (0.0018558502 0.0017700195) 6.0e-07 1.4e-06 0 1 1 0 1 0 1 fwd conv2d_host_validation_f16_fwd_CHECK_ISSUE_40_2_f16 (50 of 107)
6422528    (6416316 5804 408 0) 978.0 (-0.0003273487 -0.0002107620) 2.000000 0.000087 4.1e-01 1.5e-01 (0.0011739731 0.0013523102) 1.1e-06 1.8e-06 0 1 1 0 1 0 1 fwd conv2d_host_validation_f16_fwd_CHECK_ISSUE_40_3_f16 (51 of 107)
14745600   (14735427 9530 643 0) 1542.0 (-0.0000911951 -0.0001831055) 1.000000 0.000041 1.4e+00 7.0e-02 (-0.0016450882 -0.0017604828) 9.5e-07 1.5e-06 0 1 1 0 1 0 1 fwd conv2d_host_validation_f16_fwd_CHECK_ISSUE_40_4_f16 (52 of 107)
6881280    (6877495 3550 235 0) 920.0 (-0.0001130104 -0.0001678467) 1.000000 0.000026 4.9e-01 2.8e-02 (-0.0013151169 -0.0013523102) 6.3e-07 1.4e-06 0 1 0 0 0 0 1 fwd conv2d_host_validation_f16_fwd_CHECK_ISSUE_40_5_f16 (53 of 107)
1048576    (1047863 653 60 0) 386.0 (-0.0005192757 -0.0004272461) 0.500000 0.000035 1.8e-01 3.7e-02 (-0.0054321289 -0.0052337646) 8.5e-07 1.4e-06 0 1 1 0 1 0 1 fwd conv2d_host_validation_f16_fwd_CHECK_ISSUE_41_10_f16 (54 of 107)
12845056   (12839454 5241 361 0) 221.0 (-0.0001127124 -0.0001258850) 0.500000 0.000014 5.7e-01 2.4e-02 (0.0010204315 0.0010452271) 4.6e-07 1.1e-06 0 1 1 0 1 0 1 fwd conv2d_host_validation_f16_fwd_CHECK_ISSUE_41_11_f16 (55 of 107)
9437184    (9430478 6275 431 0) 1696.0 (-0.0000143051 0.0000867844) 1.000000 0.000043 7.1e+00 8.9e-02 (-0.0011940002 -0.0013008118) 1.6e-06 1.6e-06 0 1 1 0 1 0 1 fwd conv2d_host_validation_f16_fwd_CHECK_ISSUE_41_12_f16 (56 of 107)
921600     (921213 363 24 0) 49.0 (0.0005521774 0.0005755424) 0.500000 0.000013 4.2e-02 2.2e-02 (0.0013656616 0.0013351440) 4.1e-07 9.7e-07 0 1 1 0 1 0 1 fwd conv2d_host_validation_f16_fwd_CHECK_ISSUE_41_2_f16 (57 of 107)
1605632    (1604947 638 47 0) 94.0 (-0.0001714230 -0.0001602173) 0.500000 0.000016 6.5e-02 8.7e-03 (0.0043945312 0.0043563843) 4.2e-07 1.3e-06 0 1 1 0 1 0 1 fwd conv2d_host_validation_f16_fwd_CHECK_ISSUE_41_3_f16 (58 of 107)
200704     (200602 95 7 0) 8.0 (0.0055847168 0.0055541992) 0.500000 0.000013 5.5e-03 5.5e-03 (0.0055847168 0.0055541992) 4.0e-07 1.3e-06 0 1 1 0 1 0 1 fwd conv2d_host_validation_f16_fwd_CHECK_ISSUE_41_4_f16 (59 of 107)
1605632    (1604620 947 65 0) 143.0 (-0.0003774166 -0.0003433228) 0.500000 0.000033 9.0e-02 2.0e-02 (0.0018854141 0.0019226074) 5.9e-07 1.5e-06 0 1 1 0 1 0 1 fwd conv2d_host_validation_f16_fwd_CHECK_ISSUE_41_5_f16 (60 of 107)
802816     (802435 359 22 0) 43.0 (-0.0003178120 -0.0003280640) 0.500000 0.000018 3.2e-02 8.7e-03 (0.0048484802 0.0048904419) 4.7e-07 1.5e-06 0 1 1 0 1 0 1 fwd conv2d_host_validation_f16_fwd_CHECK_ISSUE_41_6_f16 (61 of 107)
4194304    (4192591 1590 123 0) 200.0 (-0.0000491142 -0.0000610352) 0.500000 0.000013 2.9e-01 1.6e-02 (-0.0016031265 -0.0015773773) 5.6e-07 1.2e-06 0 1 1 0 1 0 1 fwd conv2d_host_validation_f16_fwd_CHECK_ISSUE_41_7_f16 (62 of 107)
3211264    (3209047 2067 150 0) 248.0 (-0.0003452301 -0.0004043579) 1.000000 0.000043 1.7e-01 3.3e-02 (0.0011987686 0.0011596680) 7.5e-07 1.6e-06 0 1 1 0 1 0 1 fwd conv2d_host_validation_f16_fwd_CHECK_ISSUE_41_8_f16 (63 of 107)
2359296    (2358255 981 60 0) 130.0 (0.0000556707 0.0000634193) 0.500000 0.000015 1.4e-01 1.6e-02 (-0.0013647079 -0.0013866425) 4.8e-07 1.3e-06 0 1 1 0 1 0 1 fwd conv2d_host_validation_f16_fwd_CHECK_ISSUE_41_9_f16 (64 of 107)
25690112   (25652209 35231 2672 0) 10655.0 (-0.0001063943 -0.0007414818) 4.000000 0.000216 6.0e+00 3.8e-01 (0.0010299683 0.0014190674) 2.3e-06 2.0e-06 0 1 1 0 1 0 1 fwd conv2d_host_validation_f16_fwd_CHECK_KCYX_NCHW_NKHW1_f16 (65 of 107)
3686400    (3685255 1079 66 0) 68.0 (0.0000874996 0.0000915527) 0.500000 0.000007 4.6e-02 1.3e-02 (-0.0013160706 -0.0012989044) 2.7e-07 1.0e-06 0 1 1 0 1 0 1 fwd conv2d_host_validation_f16_fwd_CHECK_KCYX_NCHW_NKHW2_f16 (66 of 107)
409600     (409481 109 10 0) 5.0 (0.0019245148 0.0019292831) 0.250000 0.000006 2.7e-03 2.7e-03 (-0.0028209686 -0.0028285980) 2.2e-07 9.4e-07 0 1 1 0 1 0 1 fwd conv2d_host_validation_f16_fwd_CHECK_KCYX_NCHW_NKHW3_f16 (67 of 107)
147456     (147407 46 3 0) 11.0 (-0.0004982948 -0.0005035400) 0.250000 0.000007 1.1e-02 1.7e-03 (-0.0046081543 -0.0046157837) 3.0e-07 1.2e-06 0 1 1 0 1 0 1 fwd conv2d_host_validation_f16_fwd_CHECK_KCYX_NCHW_NKHW4_f16 (68 of 107)
102400     (102372 27 1 0) 16.0 (-0.0004243851 -0.0004205704) 0.250000 0.000010 9.0e-03 9.5e-04 (-1.0273437500 -1.0263671875) 2.8e-07 1.4e-06 0 1 1 0 1 0 1 fwd conv2d_host_validation_f16_fwd_CHECK_KCYX_NCHW_NKHW5_f16 (69 of 107)
15745024   (15740270 4475 279 0) 192.0 (0.0000534058 0.0000419617) 0.500000 0.000007 9.0e+00 1.7e-02 (-0.0017566681 -0.0017271042) 8.5e-07 1.0e-06 0 1 1 0 1 0 1 fwd conv2d_host_validation_f16_fwd_CHECK_KCYX_NCHW_NKHW6_f16 (70 of 107)
13778944   (13771074 7349 521 0) 512.0 (-0.0002288818 -0.0001678467) 1.000000 0.000027 2.7e-01 1.2e-01 (-0.0014162064 -0.0015888214) 6.2e-07 1.3e-06 0 1 1 0 1 0 1 fwd conv2d_host_validation_f16_fwd_CHECK_KCYX_NCHW_NKHW7_f16 (71 of 107)
25690112   (25652644 34824 2644 0) 952.0 (-0.0003452301 -0.0002317429) 4.000000 0.000216 4.9e-01 3.2e-01 (-0.0010280609 -0.0013570786) 1.7e-06 3.4e-07 0 1 1 0 1 0 1 fwd conv2d_host_validation_f16_fwd_CHECK_KYXC_NHWC_NHWK1_f16 (72 of 107)
3686400    (3685262 1061 77 0) 58.0 (0.0003018379 0.0002880096) 0.500000 0.000007 7.9e-02 6.7e-03 (-0.0011377335 -0.0011301041) 3.0e-07 9.9e-07 0 1 1 0 1 0 1 fwd conv2d_host_validation_f16_fwd_CHECK_KYXC_NHWC_NHWK2_f16 (73 of 107)
409600     (409479 113 8 0) 12.0 (-0.0007638931 -0.0007581711) 0.500000 0.000010 1.1e-02 7.8e-03 (0.0014686584 0.0014801025) 2.7e-07 1.5e-06 0 1 1 0 1 0 1 fwd conv2d_host_validation_f16_fwd_CHECK_KYXC_NHWC_NHWK3_f16 (74 of 107)
147456     (147420 32 4 0) 4.0 (0.0059700012 0.0059852600) 0.500000 0.000006 2.6e-03 2.6e-03 (0.0059700012 0.0059852600) 2.1e-07 1.5e-06 0 1 1 0 1 0 1 fwd conv2d_host_validation_f16_fwd_CHECK_KYXC_NHWC_NHWK4_f16 (75 of 107)
102400     (102365 33 2 0) 64.0 (0.0001125336 0.0001087189) 0.250000 0.000012 3.4e-02 5.4e-03 (0.0017700195 0.0017604828) 6.0e-07 1.3e-06 0 1 1 0 1 0 1 fwd conv2d_host_validation_f16_fwd_CHECK_KYXC_NHWC_NHWK5_f16 (76 of 107)
15745024   (15740360 4351 313 0) 112.0 (-0.0000391006 -0.0000457764) 0.500000 0.000006 1.7e-01 9.7e-03 (-0.0018653870 -0.0018472672) 2.9e-07 7.6e-07 0 1 1 0 1 0 1 fwd conv2d_host_validation_f16_fwd_CHECK_KYXC_NHWC_NHWK6_f16 (77 of 107)
13778944   (13770938 7490 516 0) 374.0 (-0.0000311136 -0.0000088215) 1.000000 0.000027 7.2e-01 2.9e-02 (0.0012788773 0.0013160706) 6.1e-07 1.3e-06 0 1 1 0 1 0 1 fwd conv2d_host_validation_f16_fwd_CHECK_KYXC_NHWC_NHWK7_f16 (78 of 107)
802816     (802563 238 15 0) 60.0 (0.0000269413 0.0000305176) 0.250000 0.000008 1.3e-01 4.5e-03 (0.0012836456 0.0012893677) 4.2e-07 1.1e-06 0 1 1 0 1 0 1 fwd conv2d_host_validation_f16_fwd_CHECK_PADDING1_f16 (79 of 107)
802816     (802583 216 17 0) 10.0 (0.0001862049 0.0001850128) 0.250000 0.000005 6.4e-03 3.5e-03 (-0.0043106079 -0.0043258667) 2.3e-07 8.0e-07 0 1 1 0 1 0 1 fwd conv2d_host_validation_f16_fwd_CHECK_PADDING2_f16 (80 of 107)
2048       (2047 1 0 0) 1.0 (-0.0149154663 -0.0149078369) 0.000008 0.000000 5.1e-04 5.1e-04 (-0.0149154663 -0.0149078369) 2.5e-07 2.1e-10 0 1 1 0 1 0 1 fwd conv2d_host_validation_f16_fwd_CHECK_PADDING3_f16 (81 of 107)
205520896  (205436084 79558 5254 0) 386.0 (-0.0000687838 -0.0000457764) 0.500000 0.000013 3.5e+00 3.2e-02 (-0.0012607574 -0.0012207031) 4.6e-07 9.9e-07 0 1 0 0 1 0 1 fwd conv2d_host_validation_f32_fwd_GROUP_NCHW_f16 (82 of 107)
51380224   (51358530 20401 1293 0) 369.0 (-0.0000085235 -0.0000305176) 0.500000 0.000014 2.6e+00 3.4e-02 (-0.0013780594 -0.0013313293) 5.1e-07 1.1e-06 1 0 0 0 0 1 0 fwd conv2d_host_validation_random_CHECK_KCYX_NCHW_NKHW_5_f16 (83 of 107)
51380224   (51358766 20155 1303 0) 724.0 (-0.0001347065 -0.0000915527) 0.500000 0.000013 6.0e+00 3.5e-02 (-0.0010833740 -0.0010452271) 6.1e-07 1.1e-06 1 0 0 0 0 1 0 fwd conv2d_host_validation_random_CHECK_KCYX_NCHW_NKHW_6_f16 (84 of 107)
47775744   (47721375 50700 3669 0) 3994.0 (0.0000518560 0.0002899170) 2.000000 0.000123 2.2e+01 3.1e-01 (0.0011186600 0.0007705688) 2.1e-06 1.9e-06 1 0 0 0 0 1 0 fwd conv2d_host_validation_random_CHECK_KCYX_NCHW_NKHW_7_f16 (85 of 107)
51380224   (51322248 53968 4008 0) 4600.0 (-0.0007405281 -0.0001921654) 2.000000 0.000118 1.0e+01 2.1e-01 (0.0016651154 0.0020141602) 1.7e-06 1.9e-06 1 0 0 0 0 1 0 fwd conv2d_host_validation_random_CHECK_KCYX_NCHW_NKHW_8_f16 (86 of 107)
16777216   (16776104 1053 59 0) 24.0 (-0.0001120567 -0.0001134872) 0.125000 0.000001 2.1e-02 3.8e-03 (0.0010147095 0.0010185242) 5.4e-08 4.4e-07 1 0 0 0 0 1 0 fwd conv2d_host_validation_random_CHECK_KYXC_NHWC_NHWK_4_f16 (87 of 107)
16777216   (16775992 1148 76 0) 32.0 (-0.0000095367 -0.0000076294) 0.125000 0.000001 1.0e+00 3.4e-03 (-0.0011177063 -0.0011215210) 1.3e-07 4.3e-07 1 0 0 0 0 1 0 fwd conv2d_host_validation_random_CHECK_KYXC_NHWC_NHWK_5_f16 (88 of 107)
25690112   (25652603 34992 2517 0) 5367.0 (0.0001841784 0.0008239746) 2.000000 0.000218 3.5e+00 2.8e-01 (0.0017776489 0.0012855530) 2.0e-06 2.3e-06 1 0 1 0 0 1 0 fwd conv2d_host_validation_random_CHECK_RAND_FLOAT_2_f16 (89 of 107)
205520896  (205435629 80104 5163 0) 568.0 (-0.0000414848 -0.0000076294) 1.000000 0.000013 2.7e+01 3.2e-02 (0.0017147064 0.0017700195) 6.3e-07 6.2e-07 1 0 0 0 0 1 0 fwd conv2d_host_validation_random_GROUP_NHWC_f16 (90 of 107)
30720      (30695 24 1 0) 2.0 (0.0567321777 0.0567932129) 0.500000 0.000057 1.1e-03 1.1e-03 (0.0567321777 0.0567932129) 5.7e-07 2.5e-06 0 1 0 0 1 0 1 fwd padding_kernel_all_fwd_CHECK_RESNET50_CONFIG2_f16 (91 of 107)
30720      (30695 23 2 0) 3.0 (0.0237579346 0.0238037109) 0.500000 0.000059 1.9e-03 1.9e-03 (0.0237579346 0.0238037109) 6.4e-07 2.7e-06 0 1 0 0 1 0 1 fwd padding_kernel_all_fwd_CHECK_RESNET50_CONFIG4_f16 (92 of 107)
882        (880 2 0 0) 1.0 (1675.0000000000 1676.0000000000) 1.000000 0.001701 6.3e-04 6.3e-04 (791.0000000000 790.5000000000) 1.4e-06 4.8e-06 0 1 0 0 1 0 1 bwd_weight padding_kernel_all_wrw_CHECK_RESNET50_CONFIG2_f16 (93 of 107)
882        (881 1 0 0) 1.0 (-52.4687500000 -52.4375000000) 0.031250 0.000035 6.0e-04 6.0e-04 (-52.4687500000 -52.4375000000) 6.8e-07 1.5e-07 0 1 0 0 1 0 1 bwd_weight padding_kernel_all_wrw_CHECK_RESNET50_CONFIG4_f16 (94 of 107)
205520896  (205396284 116622 7990 0) 1160.0 (0.0000491142 0.0001182556) 1.000000 0.000031 1.3e+01 9.0e-02 (-0.0010433197 -0.0011367798) 8.3e-07 1.3e-06 0 1 1 0 1 0 1 fwd padding_kernel_gemmK_CHECK_RESNET50_F16_CONFIG1 (95 of 107)
205520896  (205395303 117635 7958 0) 1075.0 (0.0000488162 -0.0000152588) 1.000000 0.000031 6.4e+00 9.3e-02 (-0.0012283325 -0.0011138916) 7.5e-07 1.3e-06 0 1 1 0 1 0 1 fwd padding_kernel_gemmK_CHECK_RESNET50_F16_CONFIG2 (96 of 107)
205520896  (205394624 118334 7938 0) 1356.0 (0.0000197887 -0.0000610352) 1.000000 0.000031 3.8e+01 6.7e-02 (-0.0011653900 -0.0012435913) 8.8e-07 1.2e-06 0 1 1 0 1 0 1 fwd padding_kernel_gemmK_CHECK_RESNET50_F16_CONFIG4 (97 of 107)
9408       (9170 218 20 0) 8942.0 (-0.3129882812 -0.0401000977) 32.000000 0.155930 8.7e-01 8.7e-01 (-0.3129882812 -0.0401000977) 1.2e-04 0.0e+00 0 1 1 0 1 0 1 bwd_weight padding_kernel_gemmN_CHECK_RESNET50_CONFIG2 (98 of 107)
9408       (9177 200 31 0) 6117.0 (-0.4699707031 -0.0966186523) 32.000000 0.140634 7.9e-01 7.9e-01 (-0.4699707031 -0.0966186523) 1.2e-04 0.0e+00 0 1 1 0 1 0 1 bwd_weight padding_kernel_gemmN_CHECK_RESNET50_CONFIG4 (99 of 107)
6422528    (6412871 8967 690 0) 3325.0 (0.0000608563 -0.0001373291) 2.000000 0.000228 3.3e+00 2.6e-01 (0.0010137558 0.0007514954) 2.1e-06 2.2e-06 0 0 0 0 1 0 1 fwd Resnet50_validation_nchw_CHECK_NCHW_1_f16 (100 of 107)
25690112   (25675587 13598 927 0) 593.0 (0.0002022982 0.0001316071) 1.000000 0.000027 1.2e+00 4.3e-02 (0.0010004044 0.0009570122) 6.4e-07 1.3e-06 0 0 0 0 1 0 1 fwd Resnet50_validation_nchw_CHECK_NCHW_2_f16 (101 of 107)
147456     (147152 289 15 0) 25.0 (0.0791625977 0.0776367188) 8.000000 0.001690 1.9e-02 1.9e-02 (0.0791625977 0.0776367188) 1.7e-06 2.6e-06 0 0 0 0 1 0 1 bwd_weight Resnet50_validation_nchw_CHECK_NCHW_3_f16 (102 of 107)
65536      (65382 142 12 0) 12.0 (-0.6166992188 -0.6108398438) 8.000000 0.002166 9.5e-03 9.5e-03 (-0.6166992188 -0.6108398438) 2.0e-06 1.8e-06 0 0 0 0 1 0 1 bwd_weight Resnet50_validation_nchw_CHECK_NCHW_4_f16 (103 of 107)
6422528    (6412895 8973 660 0) 1884.0 (0.0001962185 0.0000839233) 2.000000 0.000241 5.7e-01 3.0e-01 (0.0012989044 0.0009059906) 1.7e-06 9.0e-07 0 0 0 0 1 0 1 fwd Resnet50_validation_nhwc_CHECK_NHWC_1_f16 (104 of 107)
25690112   (25675394 13727 991 0) 978.0 (-0.0000087023 0.0000495911) 4.000000 0.000027 6.7e+00 6.4e-02 (-0.0012550354 -0.0013351440) 8.4e-07 5.2e-07 0 0 0 0 1 0 1 fwd Resnet50_validation_nhwc_CHECK_NHWC_2_f16 (105 of 107)
147456     (147144 287 25 0) 12.0 (0.1832275391 0.1817626953) 16.000000 0.001691 8.7e-03 8.7e-03 (0.2524414062 0.2502441406) 1.7e-06 0.0e+00 0 0 0 0 1 0 1 bwd_weight Resnet50_validation_nhwc_CHECK_NHWC_3_f16 (106 of 107)
65536      (65400 119 17 0) 17.0 (0.4890136719 0.4931640625) 16.000000 0.001599 8.5e-03 8.5e-03 (0.4890136719 0.4931640625) 2.1e-06 3.0e-06 0 0 0 0 1 0 1 bwd_weight Resnet50_validation_nhwc_CHECK_NHWC_4_f16 (107 of 107)
