25690112   (25652909 34669 2534 0) 116.0 (-0.0000138283 -0.0000207424) 0.031250 0.000002 3.8e+01 7.1e-03 (0.0010747910 0.0010824203) 4.0e-06 3.5e-07 1 0 0 0 0 1 0 fwd conv2d_harness_cpu_verifier_kyxc_nhwc_nhwk_f16_E2E_f16 (1 of 107)
802816     (802507 294 15 0) 5.0 (-0.0000820756 -0.0000817776) 0.003906 0.000000 1.2e-02 9.8e-04 (0.1250000000 0.1251220703) 3.1e-07 1.2e-06 0 1 1 0 1 0 1 bwd_data conv2d_host_validation_f16_bwd_CHECK_BWD_DATA1 (2 of 107)
4096       (4090 6 0 0) 1.0 (-15.3671875000 -15.3750000000) 0.007812 0.000004 5.4e-04 5.4e-04 (-0.9028320312 -0.9033203125) 7.6e-07 1.6e-07 0 1 1 0 1 0 1 bwd_weight conv2d_host_validation_f16_bwd_CHECK_BWD_WEIGHT1 (3 of 107)
147456     (147131 296 29 0) 135.0 (-0.0003874302 -0.0004196167) 0.125000 0.000017 8.3e-02 1.4e-02 (0.0022811890 0.0022487640) 2.6e-06 2.7e-06 0 1 1 0 1 0 1 bwd_weight conv2d_host_validation_f16_bwd_CHECK_ISSUE_127_10 (4 of 107)
294912     (294300 576 36 0) 19.0 (0.0014152527 0.0014333725) 0.062500 0.000011 1.3e-02 1.3e-02 (0.0014152527 0.0014333725) 1.6e-06 2.2e-06 0 1 1 0 1 0 1 bwd_weight conv2d_host_validation_f16_bwd_CHECK_ISSUE_127_15 (5 of 107)
589824     (588657 1094 73 0) 62.0 (0.0002956390 0.0003104210) 0.062500 0.000007 5.0e-02 1.1e-02 (-0.0010919571 -0.0010795593) 1.8e-06 8.2e-08 0 1 1 0 1 0 1 bwd_weight conv2d_host_validation_f16_bwd_CHECK_ISSUE_127_16 (6 of 107)
1179648    (1177403 2066 179 0) 90.0 (0.0002510548 0.0002403259) 0.062500 0.000005 1.8e-01 1.1e-02 (0.0011291504 0.0011415482) 2.0e-06 1.9e-06 0 1 1 0 1 0 1 bwd_weight conv2d_host_validation_f16_bwd_CHECK_ISSUE_127_17 (7 of 107)
147456     (146081 1261 114 0) 318.0 (0.0015449524 0.0018482208) 0.250000 0.000165 2.0e-01 2.0e-01 (0.0015449524 0.0018482208) 9.9e-06 5.5e-06 0 1 1 0 1 0 1 bwd_weight conv2d_host_validation_f16_bwd_CHECK_ISSUE_127_18 (8 of 107)
2097152    (2093125 3735 292 0) 100.0 (-0.0001208782 -0.0001268387) 0.031250 0.000004 8.4e-02 1.2e-02 (0.0011091232 0.0010957718) 1.8e-06 2.2e-06 0 1 1 0 1 0 1 bwd_weight conv2d_host_validation_f16_bwd_CHECK_ISSUE_127_6 (9 of 107)
262144     (261607 503 34 0) 166.0 (-0.0000041723 0.0000057220) 0.062500 0.000007 2.4e+00 8.9e-03 (-0.0016021729 -0.0015878677) 1.1e-05 2.2e-06 0 1 1 0 1 0 1 bwd_weight conv2d_host_validation_f16_bwd_CHECK_ISSUE_127_7 (10 of 107)
147456     (147137 298 21 0) 35.0 (-0.0008645058 -0.0008478165) 0.062500 0.000015 2.4e-02 2.4e-02 (0.0010023117 0.0009784698) 2.1e-06 2.3e-06 0 1 1 0 1 0 1 bwd_weight conv2d_host_validation_f16_bwd_CHECK_ISSUE_127_8 (11 of 107)
147456     (147189 248 19 0) 78.0 (-0.0009069443 -0.0009441376) 0.125000 0.000013 4.1e-02 1.1e-02 (-0.0027809143 -0.0028114319) 2.1e-06 4.2e-08 0 1 1 0 1 0 1 bwd_weight conv2d_host_validation_f16_bwd_CHECK_ISSUE_127_9 (12 of 107)
1024       (1023 1 0 0) 1.0 (-0.0137863159 -0.0137939453) 0.000008 0.000000 5.5e-04 5.5e-04 (-0.0137863159 -0.0137939453) 5.4e-07 3.8e-09 0 1 1 0 1 0 1 bwd_weight conv2d_host_validation_f16_bwd_CHECK_ISSUE_70_1 (13 of 107)
65536      (65271 235 30 0) 46.0 (-0.0009007454 -0.0008788109) 0.125000 0.000031 2.4e-02 1.3e-02 (-0.0039367676 -0.0038871765) 4.6e-06 7.1e-08 0 1 1 0 1 0 1 bwd_weight conv2d_host_validation_f16_bwd_CHECK_ISSUE_70_2 (14 of 107)
4096       (4088 6 2 0) 3.0 (-0.0006985664 -0.0006971359) 0.007812 0.000004 2.0e-03 1.7e-03 (0.0016889572 0.0016860962) 2.0e-06 2.0e-06 0 1 1 0 1 0 1 bwd_weight conv2d_host_validation_f16_bwd_CHECK_ISSUE_70_3 (15 of 107)
1024       (1020 4 0 0) 1.0 (-3.2187500000 -3.2167968750) 0.001953 0.000004 7.3e-04 7.3e-04 (-0.0838623047 -0.0839233398) 2.6e-06 1.6e-07 0 1 1 0 1 0 1 bwd_weight conv2d_host_validation_f16_bwd_CHECK_ISSUE_71_1 (16 of 107)
1024       (1024 0 0 0) 0.0 (0.0000000000 0.0000000000) 0.000000 0.000000 0.0e+00 0.0e+00 (0.0000000000 0.0000000000) 0.0e+00 0.0e+00 0 1 1 0 1 0 1 bwd_weight conv2d_host_validation_f16_bwd_CHECK_ISSUE_71_2 (17 of 107)
1024       (1024 0 0 0) 0.0 (0.0000000000 0.0000000000) 0.000000 0.000000 0.0e+00 0.0e+00 (0.0000000000 0.0000000000) 0.0e+00 0.0e+00 0 1 1 0 1 0 1 bwd_weight conv2d_host_validation_f16_bwd_CHECK_ISSUE_71_3 (18 of 107)
1024       (1023 0 1 0) 5.0 (-0.0007510185 -0.0007534027) 0.000002 0.000000 3.2e-03 0.0e+00 (0.0000000000 0.0000000000) 3.1e-06 1.1e-09 0 1 1 0 1 0 1 bwd_weight conv2d_host_validation_f16_bwd_CHECK_ISSUE_71_4 (19 of 107)
12845056   (12834554 9833 669 0) 24.0 (0.0000251532 0.0000265837) 0.015625 0.000001 5.0e-01 1.9e-03 (-0.0010309219 -0.0010328293) 8.8e-07 1.6e-06 0 0 0 0 0 1 0 fwd conv2d_host_validation_f16_CHECK_RESNET101_NCHW_CONFIG1_FWD_f16 (20 of 107)
12845056   (12834515 9906 635 0) 24.0 (-0.0000233054 -0.0000247359) 0.015625 0.000001 3.8e-01 1.8e-03 (-0.0010719299 -0.0010738373) 8.7e-07 1.6e-06 0 0 0 0 0 1 0 fwd conv2d_host_validation_f16_CHECK_RESNET101_NCHW_CONFIG2_FWD_f16 (21 of 107)
25690112   (25669871 18946 1295 0) 34.0 (-0.0000414848 -0.0000435114) 0.015625 0.000001 1.6e+00 3.3e-03 (-0.0014629364 -0.0014581680) 8.5e-07 1.5e-06 0 0 0 0 0 1 0 bwd_data conv2d_host_validation_f16_CHECK_RESNET101_NCHW_CONFIG8_BWD_f16 (22 of 107)
102760448  (102717833 40790 1825 0) 12.0 (0.0000628233 0.0000621080) 0.007812 0.000000 1.0e+00 9.8e-04 (-0.0625000000 -0.0625610352) 4.4e-07 1.0e-06 0 0 0 0 0 1 0 fwd conv2d_host_validation_f16_CHECK_RESNET101_NCHW_CONFIG8_FWD_f16 (23 of 107)
16384      (16320 58 6 0) 44.0 (-0.0032405853 -0.0031566620) 0.062500 0.000024 2.6e-02 2.6e-02 (-0.0032405853 -0.0031566620) 4.4e-06 7.1e-07 0 0 0 0 0 1 0 bwd_weight conv2d_host_validation_f16_CHECK_RESNET101_NCHW_CONFIG8_WRW_f16 (24 of 107)
12845056   (12834682 9684 690 0) 26.0 (0.0000498295 0.0000513792) 0.015625 0.000001 1.7e-01 2.9e-03 (-0.0010013580 -0.0010042191) 8.3e-07 1.5e-06 0 0 0 0 0 1 0 fwd conv2d_host_validation_f16_CHECK_RESNET101_NHWC_CONFIG1_FWD_f16 (25 of 107)
12845056   (12835323 9142 591 0) 27.0 (-0.0000154376 -0.0000170469) 0.015625 0.000000 1.8e+00 1.9e-03 (-0.0010156631 -0.0010137558) 1.0e-06 1.3e-06 0 0 0 0 0 1 0 fwd conv2d_host_validation_f16_CHECK_RESNET101_NHWC_CONFIG2_FWD_f16 (26 of 107)
25690112   (25669998 18820 1294 0) 27.0 (-0.0000122786 -0.0000106692) 0.015625 0.000001 3.7e+00 2.9e-03 (0.0013256073 0.0013294220) 1.2e-06 1.5e-06 0 0 0 0 0 1 0 bwd_data conv2d_host_validation_f16_CHECK_RESNET101_NHWC_CONFIG8_BWD_f16 (27 of 107)
102760448  (102717383 41140 1925 0) 10.0 (-0.0000419617 -0.0000413656) 0.015625 0.000000 1.0e+00 9.8e-04 (-0.5000000000 -0.5004882812) 4.7e-07 5.3e-07 0 0 0 0 0 1 0 fwd conv2d_host_validation_f16_CHECK_RESNET101_NHWC_CONFIG8_FWD_f16 (28 of 107)
16384      (16327 52 5 0) 49.0 (0.0017118454 0.0017585754) 0.125000 0.000040 2.7e-02 2.7e-02 (0.0017118454 0.0017585754) 4.9e-06 3.7e-06 0 0 0 0 0 1 0 bwd_weight conv2d_host_validation_f16_CHECK_RESNET101_NHWC_CONFIG8_WRW_f16 (29 of 107)
4194304    (4194304 0 0 0) 0.0 (0.0000000000 0.0000000000) 0.000000 0.000000 0.0e+00 0.0e+00 (0.0000000000 0.0000000000) 0.0e+00 0.0e+00 0 1 1 0 1 0 1 fwd conv2d_host_validation_f16_fwd_CHECK_FILTER1_f16 (30 of 107)
4194304    (4194304 0 0 0) 0.0 (0.0000000000 0.0000000000) 0.000000 0.000000 0.0e+00 0.0e+00 (0.0000000000 0.0000000000) 0.0e+00 0.0e+00 0 1 1 0 1 0 1 fwd conv2d_host_validation_f16_fwd_CHECK_FILTER2_f16 (31 of 107)
16777216   (16776068 1147 1 0) 2.0 (0.0001200438 0.0001201630) 0.001953 0.000000 4.5e-02 9.8e-04 (0.0078201294 0.0078277588) 5.9e-08 4.4e-07 0 1 1 0 1 0 1 fwd conv2d_host_validation_f16_fwd_CHECK_ISSUE_114_1_f16 (32 of 107)
16777216   (16776117 1098 1 0) 2.0 (-0.0000712872 -0.0000714064) 0.001953 0.000000 3.4e-02 9.8e-04 (-0.0019550323 -0.0019569397) 5.7e-08 4.4e-07 0 1 1 0 1 0 1 fwd conv2d_host_validation_f16_fwd_CHECK_ISSUE_114_2_f16 (33 of 107)
4194304    (4194015 289 0 0) 1.0 (-0.0008602142 -0.0008606911) 0.001953 0.000000 5.3e-02 9.7e-04 (0.0078506470 0.0078430176) 7.1e-08 5.7e-07 0 1 1 0 1 0 1 fwd conv2d_host_validation_f16_fwd_CHECK_ISSUE_114_3_f16 (34 of 107)
4194304    (4194008 296 0 0) 1.0 (0.0278472900 0.0278320312) 0.001953 0.000000 1.4e-02 9.7e-04 (-0.0039176941 -0.0039138794) 6.2e-08 4.2e-07 0 1 1 0 1 0 1 fwd conv2d_host_validation_f16_fwd_CHECK_ISSUE_114_4_f16 (35 of 107)
16777216   (16776126 1090 0 0) 1.0 (0.0005259514 0.0005264282) 0.001953 0.000000 3.4e-02 9.7e-04 (-0.0156707764 -0.0156555176) 5.7e-08 4.7e-07 0 1 1 0 1 0 1 fwd conv2d_host_validation_f16_fwd_CHECK_ISSUE_114_5_f16 (36 of 107)
16777216   (16776010 1205 1 0) 2.0 (0.0000904799 0.0000905991) 0.001953 0.000000 1.7e-01 9.7e-04 (-0.0039176941 -0.0039215088) 7.4e-08 4.6e-07 0 1 1 0 1 0 1 fwd conv2d_host_validation_f16_fwd_CHECK_ISSUE_114_6_f16 (37 of 107)
4194304    (4194023 281 0 0) 1.0 (-0.0478820801 -0.0479125977) 0.001953 0.000000 4.2e-02 9.6e-04 (1.0126953125 1.0136718750) 6.1e-08 5.1e-07 0 1 1 0 1 0 1 fwd conv2d_host_validation_f16_fwd_CHECK_ISSUE_114_7_f16 (38 of 107)
4194304    (4193989 315 0 0) 1.0 (0.0000323653 0.0000323057) 0.001953 0.000000 1.2e-02 9.8e-04 (0.1250000000 0.1251220703) 5.9e-08 4.8e-07 0 1 1 0 1 0 1 fwd conv2d_host_validation_f16_fwd_CHECK_ISSUE_114_8_f16 (39 of 107)
12845056   (12818625 24573 1858 0) 153.0 (0.0000285506 0.0000194311) 0.031250 0.000005 7.4e-01 1.7e-02 (0.0010595322 0.0010776520) 2.4e-06 7.9e-07 0 1 1 0 1 0 1 fwd conv2d_host_validation_f16_fwd_CHECK_ISSUE_127_11_f16 (40 of 107)
12845056   (12819160 24076 1820 0) 256.0 (-0.0000287294 -0.0000134706) 0.031250 0.000004 6.5e-01 1.5e-02 (-0.0010137558 -0.0010290146) 2.3e-06 7.1e-07 0 1 1 0 1 0 1 fwd conv2d_host_validation_f16_fwd_CHECK_ISSUE_127_12_f16 (41 of 107)
12845056   (12820446 22815 1795 0) 191.0 (-0.0000321865 -0.0000435710) 0.031250 0.000004 3.1e+00 1.0e-02 (-0.0012102127 -0.0012226105) 2.6e-06 7.0e-07 0 1 1 0 1 0 1 fwd conv2d_host_validation_f16_fwd_CHECK_ISSUE_127_13_f16 (42 of 107)
12845056   (12818771 24404 1881 0) 200.0 (-0.0000562072 -0.0000681281) 0.031250 0.000005 7.5e+00 1.5e-02 (0.0012178421 0.0012359619) 3.1e-06 7.8e-07 0 1 1 0 1 0 1 fwd conv2d_host_validation_f16_fwd_CHECK_ISSUE_127_14_f16 (43 of 107)
12845056   (12818168 24970 1918 0) 229.0 (0.0000305772 0.0000442266) 0.062500 0.000005 1.8e+00 1.7e-02 (-0.0011320114 -0.0011510849) 2.6e-06 8.1e-07 0 1 1 0 1 0 1 fwd conv2d_host_validation_f16_fwd_CHECK_ISSUE_127_1_f16 (44 of 107)
6422528    (6404389 16822 1317 0) 327.0 (0.0001029372 0.0001224279) 0.062500 0.000010 1.2e+01 2.4e-02 (-0.0012340546 -0.0012044907) 5.1e-06 3.6e-06 0 1 1 0 1 0 1 fwd conv2d_host_validation_f16_fwd_CHECK_ISSUE_127_2_f16 (45 of 107)
25690112   (25650226 37083 2803 0) 175.0 (-0.0000402927 -0.0000507236) 0.031250 0.000002 1.3e+01 9.0e-03 (0.0014772415 0.0014905930) 2.6e-06 2.3e-06 0 1 1 0 1 0 1 fwd conv2d_host_validation_f16_fwd_CHECK_ISSUE_127_3_f16 (46 of 107)
12845056   (12818236 24946 1874 0) 351.0 (0.0001124144 0.0000914931) 0.031250 0.000005 1.2e+00 1.6e-02 (-0.0013465881 -0.0013685226) 2.6e-06 2.5e-06 0 1 1 0 1 0 1 fwd conv2d_host_validation_f16_fwd_CHECK_ISSUE_127_4_f16 (47 of 107)
12845056   (12817991 25113 1952 0) 251.0 (-0.0000507236 -0.0000357628) 0.031250 0.000005 3.1e+00 1.3e-02 (0.0015630722 0.0015430450) 2.6e-06 2.6e-06 0 1 1 0 1 0 1 fwd conv2d_host_validation_f16_fwd_CHECK_ISSUE_127_5_f16 (48 of 107)
7372800    (7369561 3076 163 0) 8.0 (-0.0000007153 -0.0000002384) 0.007812 0.000000 1.0e+00 9.8e-04 (0.0039062500 0.0039100647) 6.3e-07 1.2e-06 0 1 1 0 1 0 1 fwd conv2d_host_validation_f16_fwd_CHECK_ISSUE_40_1_f16 (49 of 107)
3440640    (3438533 1974 133 0) 14.0 (-0.0001154542 -0.0001162887) 0.007812 0.000000 1.2e-01 9.8e-04 (-0.5000000000 -0.5004882812) 6.2e-07 1.5e-06 0 1 1 0 1 0 1 fwd conv2d_host_validation_f16_fwd_CHECK_ISSUE_40_2_f16 (50 of 107)
6422528    (6416364 5752 412 0) 38.0 (-0.0000417233 -0.0000439882) 0.015625 0.000001 3.0e+00 3.8e-03 (-0.0010061264 -0.0010023117) 1.9e-06 1.8e-06 0 1 1 0 1 0 1 fwd conv2d_host_validation_f16_fwd_CHECK_ISSUE_40_3_f16 (51 of 107)
14745600   (14735441 9537 622 0) 22.0 (0.0000643730 0.0000630617) 0.015625 0.000000 1.0e+00 1.9e-03 (0.0010070801 0.0010051727) 8.4e-07 1.6e-06 0 1 1 0 1 0 1 fwd conv2d_host_validation_f16_fwd_CHECK_ISSUE_40_4_f16 (52 of 107)
6881280    (6877488 3587 205 0) 15.0 (-0.0000553727 -0.0000562668) 0.007812 0.000000 2.9e-01 9.8e-04 (-0.2500000000 -0.2502441406) 6.0e-07 1.2e-06 0 1 0 0 0 0 1 fwd conv2d_host_validation_f16_fwd_CHECK_ISSUE_40_5_f16 (53 of 107)
1048576    (1047857 679 40 0) 12.0 (0.0000944734 0.0000937581) 0.007812 0.000000 7.3e-02 1.6e-03 (0.0012035370 0.0012016296) 6.5e-07 1.4e-06 0 1 1 0 1 0 1 fwd conv2d_host_validation_f16_fwd_CHECK_ISSUE_41_10_f16 (54 of 107)
12845056   (12839406 5417 233 0) 9.0 (0.0000414252 0.0000419617) 0.003906 0.000000 1.0e+00 9.8e-04 (0.0078125000 0.0078201294) 5.4e-07 1.2e-06 0 1 1 0 1 0 1 fwd conv2d_host_validation_f16_fwd_CHECK_ISSUE_41_11_f16 (55 of 107)
9437184    (9430515 6236 433 0) 23.0 (-0.0000246167 -0.0000232458) 0.015625 0.000000 2.0e+00 1.5e-03 (0.0012607574 0.0012588501) 1.1e-06 1.5e-06 0 1 1 0 1 0 1 fwd conv2d_host_validation_f16_fwd_CHECK_ISSUE_41_12_f16 (56 of 107)
921600     (921216 363 21 0) 6.0 (0.0000029802 0.0000033379) 0.003906 0.000000 1.2e-01 9.7e-04 (-0.2504882812 -0.2507324219) 5.9e-07 1.2e-06 0 1 1 0 1 0 1 fwd conv2d_host_validation_f16_fwd_CHECK_ISSUE_41_2_f16 (57 of 107)
1605632    (1604934 665 33 0) 7.0 (-0.0000090599 -0.0000094771) 0.007812 0.000000 4.6e-02 9.8e-04 (0.0078125000 0.0078201294) 4.0e-07 1.1e-06 0 1 1 0 1 0 1 fwd conv2d_host_validation_f16_fwd_CHECK_ISSUE_41_3_f16 (58 of 107)
200704     (200634 67 3 0) 6.0 (-0.0001123548 -0.0001119971) 0.003906 0.000000 3.2e-03 9.6e-04 (0.0019912720 0.0019931793) 2.7e-07 1.1e-06 0 1 1 0 1 0 1 fwd conv2d_host_validation_f16_fwd_CHECK_ISSUE_41_4_f16 (59 of 107)
1605632    (1604635 949 48 0) 10.0 (-0.0000394583 -0.0000388622) 0.007812 0.000000 7.8e-02 9.8e-04 (0.0312500000 0.0312805176) 5.6e-07 1.5e-06 0 1 1 0 1 0 1 fwd conv2d_host_validation_f16_fwd_CHECK_ISSUE_41_5_f16 (60 of 107)
802816     (802420 374 22 0) 6.0 (0.0000768900 0.0000772476) 0.003906 0.000000 1.4e-02 9.8e-04 (-4.0039062500 -4.0000000000) 4.2e-07 1.1e-06 0 1 1 0 1 0 1 fwd conv2d_host_validation_f16_fwd_CHECK_ISSUE_41_6_f16 (61 of 107)
4194304    (4192540 1688 76 0) 6.0 (0.0000143051 0.0000139475) 0.003906 0.000000 4.0e-01 9.8e-04 (-0.0039100647 -0.0039062500) 5.8e-07 1.2e-06 0 1 1 0 1 0 1 fwd conv2d_host_validation_f16_fwd_CHECK_ISSUE_41_7_f16 (62 of 107)
3211264    (3209190 1941 133 0) 13.0 (-0.0001053214 -0.0001060963) 0.015625 0.000000 1.0e+00 1.8e-03 (0.0010814667 0.0010833740) 1.1e-06 1.4e-06 0 1 1 0 1 0 1 fwd conv2d_host_validation_f16_fwd_CHECK_ISSUE_41_8_f16 (63 of 107)
2359296    (2358271 979 46 0) 5.0 (0.0000820756 0.0000823736) 0.007812 0.000000 1.1e-01 9.8e-04 (-0.1251220703 -0.1252441406) 4.3e-07 1.3e-06 0 1 1 0 1 0 1 fwd conv2d_host_validation_f16_fwd_CHECK_ISSUE_41_9_f16 (64 of 107)
25690112   (25652451 35037 2624 0) 105.0 (0.0000407100 0.0000469685) 0.031250 0.000002 7.1e-01 8.9e-03 (-0.0012826920 -0.0012712479) 1.6e-06 2.3e-06 0 1 1 0 1 0 1 fwd conv2d_host_validation_f16_fwd_CHECK_KCYX_NCHW_NKHW1_f16 (65 of 107)
3686400    (3685258 1110 32 0) 4.0 (-0.0000864267 -0.0000861883) 0.003906 0.000000 1.2e-01 9.8e-04 (-0.1250000000 -0.1251220703) 3.1e-07 1.1e-06 0 1 1 0 1 0 1 fwd conv2d_host_validation_f16_fwd_CHECK_KCYX_NCHW_NKHW2_f16 (66 of 107)
409600     (409477 119 4 0) 2.0 (0.0001086593 0.0001087785) 0.003906 0.000000 1.4e-02 9.7e-04 (-0.0313110352 -0.0312805176) 2.6e-07 1.1e-06 0 1 1 0 1 0 1 fwd conv2d_host_validation_f16_fwd_CHECK_KCYX_NCHW_NKHW3_f16 (67 of 107)
147456     (147403 53 0 0) 1.0 (0.0380859375 0.0381164551) 0.001953 0.000000 1.4e-03 9.6e-04 (2.0449218750 2.0429687500) 2.4e-07 9.4e-07 0 1 1 0 1 0 1 fwd conv2d_host_validation_f16_fwd_CHECK_KCYX_NCHW_NKHW4_f16 (68 of 107)
102400     (102369 31 0 0) 1.0 (0.1045532227 0.1044921875) 0.001953 0.000000 9.5e-04 9.5e-04 (0.0160980225 0.0161132812) 2.0e-07 1.1e-06 0 1 1 0 1 0 1 fwd conv2d_host_validation_f16_fwd_CHECK_KCYX_NCHW_NKHW5_f16 (69 of 107)
15745024   (15740398 4531 95 0) 5.0 (0.0000634193 0.0000637174) 0.003906 0.000000 2.5e-01 9.8e-04 (-0.0156250000 -0.0156402588) 2.7e-07 9.3e-07 0 1 1 0 1 0 1 fwd conv2d_host_validation_f16_fwd_CHECK_KCYX_NCHW_NKHW6_f16 (70 of 107)
13778944   (13771022 7480 442 0) 13.0 (-0.0000358820 -0.0000351071) 0.007812 0.000000 7.1e-01 1.2e-03 (0.0015563965 0.0015583038) 6.4e-07 1.3e-06 0 1 1 0 1 0 1 fwd conv2d_host_validation_f16_fwd_CHECK_KCYX_NCHW_NKHW7_f16 (71 of 107)
25690112   (25652358 35147 2607 0) 97.0 (-0.0000044703 0.0000013113) 0.031250 0.000002 3.0e+00 8.8e-03 (-0.0010814667 -0.0010910034) 2.1e-06 3.5e-07 0 1 1 0 1 0 1 fwd conv2d_host_validation_f16_fwd_CHECK_KYXC_NHWC_NHWK1_f16 (72 of 107)
3686400    (3685252 1121 27 0) 4.0 (-0.0000686646 -0.0000684261) 0.003906 0.000000 1.0e+00 9.7e-04 (0.1252441406 0.1253662109) 5.2e-07 9.2e-07 0 1 1 0 1 0 1 fwd conv2d_host_validation_f16_fwd_CHECK_KYXC_NHWC_NHWK2_f16 (73 of 107)
409600     (409463 136 1 0) 2.0 (0.0000540018 0.0000541210) 0.001953 0.000000 1.2e-02 9.7e-04 (-0.0628662109 -0.0628051758) 2.7e-07 9.5e-07 0 1 1 0 1 0 1 fwd conv2d_host_validation_f16_fwd_CHECK_KYXC_NHWC_NHWK3_f16 (74 of 107)
147456     (147409 47 0 0) 1.0 (0.0354003906 0.0354309082) 0.001953 0.000000 1.4e-03 9.7e-04 (0.5024414062 0.5029296875) 2.4e-07 1.2e-06 0 1 1 0 1 0 1 fwd conv2d_host_validation_f16_fwd_CHECK_KYXC_NHWC_NHWK4_f16 (75 of 107)
102400     (102373 26 1 0) 2.0 (-0.0000116825 -0.0000118017) 0.000977 0.000000 1.0e-02 9.7e-04 (-0.5039062500 -0.5043945312) 2.7e-07 5.7e-07 0 1 1 0 1 0 1 fwd conv2d_host_validation_f16_fwd_CHECK_KYXC_NHWC_NHWK5_f16 (76 of 107)
15745024   (15740412 4507 105 0) 4.0 (0.0000646710 0.0000644326) 0.003906 0.000000 1.0e+00 9.8e-04 (0.0078201294 0.0078277588) 3.3e-07 9.6e-07 0 1 1 0 1 0 1 fwd conv2d_host_validation_f16_fwd_CHECK_KYXC_NHWC_NHWK6_f16 (77 of 107)
13778944   (13771128 7417 399 0) 24.0 (-0.0001174212 -0.0001188517) 0.007812 0.000000 3.3e-01 9.8e-04 (-0.0078125000 -0.0078201294) 5.8e-07 1.1e-06 0 1 1 0 1 0 1 fwd conv2d_host_validation_f16_fwd_CHECK_KYXC_NHWC_NHWK7_f16 (78 of 107)
802816     (802582 228 6 0) 3.0 (-0.0000600815 -0.0000599027) 0.003906 0.000000 1.5e-02 9.7e-04 (-0.0039253235 -0.0039215088) 2.3e-07 8.8e-07 0 1 1 0 1 0 1 fwd conv2d_host_validation_f16_fwd_CHECK_PADDING1_f16 (79 of 107)
802816     (802617 194 5 0) 6.0 (0.0001215935 0.0001212358) 0.003906 0.000000 1.3e-02 9.7e-04 (-0.0315246582 -0.0315551758) 2.3e-07 1.1e-06 0 1 1 0 1 0 1 fwd conv2d_host_validation_f16_fwd_CHECK_PADDING2_f16 (80 of 107)
2048       (2048 0 0 0) 0.0 (0.0000000000 0.0000000000) 0.000000 0.000000 0.0e+00 0.0e+00 (0.0000000000 0.0000000000) 0.0e+00 0.0e+00 0 1 1 0 1 0 1 fwd conv2d_host_validation_f16_fwd_CHECK_PADDING3_f16 (81 of 107)
205520896  (205435958 81181 3757 0) 14.0 (0.0001050234 0.0001058578) 0.007812 0.000000 3.0e+00 9.8e-04 (1.0000000000 1.0009765625) 4.8e-07 1.0e-06 0 1 0 0 1 0 1 fwd conv2d_host_validation_f32_fwd_GROUP_NCHW_f16 (82 of 107)
51380224   (51358834 20478 912 0) 8.0 (0.0000183582 0.0000188351) 0.007812 0.000000 3.0e+00 9.8e-04 (-4.0000000000 -4.0039062500) 5.2e-07 1.0e-06 1 0 0 0 0 1 0 fwd conv2d_host_validation_random_CHECK_KCYX_NCHW_NKHW_5_f16 (83 of 107)
51380224   (51358787 20514 923 0) 17.0 (0.0000520349 0.0000530481) 0.007812 0.000000 1.5e+00 9.8e-04 (0.0078125000 0.0078201294) 5.2e-07 1.1e-06 1 0 0 0 0 1 0 fwd conv2d_host_validation_random_CHECK_KCYX_NCHW_NKHW_6_f16 (84 of 107)
47775744   (47721810 50352 3582 0) 79.0 (-0.0000470281 -0.0000517368) 0.031250 0.000001 1.6e+00 4.4e-03 (-0.0013093948 -0.0013036728) 1.3e-06 1.9e-06 1 0 0 0 0 1 0 fwd conv2d_host_validation_random_CHECK_KCYX_NCHW_NKHW_7_f16 (85 of 107)
51380224   (51322079 54232 3913 0) 69.0 (-0.0000224113 -0.0000265241) 0.015625 0.000001 1.1e+01 4.8e-03 (-0.0011863708 -0.0011806488) 1.6e-06 1.7e-06 1 0 0 0 0 1 0 fwd conv2d_host_validation_random_CHECK_KCYX_NCHW_NKHW_8_f16 (86 of 107)
16777216   (16775995 1221 0 0) 1.0 (0.2814941406 0.2817382812) 0.001953 0.000000 1.2e-01 9.8e-04 (0.5004882812 0.5000000000) 7.0e-08 4.2e-07 1 0 0 0 0 1 0 fwd conv2d_host_validation_random_CHECK_KYXC_NHWC_NHWK_4_f16 (87 of 107)
16777216   (16776077 1139 0 0) 1.0 (0.0149612427 0.0149536133) 0.001953 0.000000 9.4e-03 9.8e-04 (-0.0156402588 -0.0156250000) 5.2e-08 3.5e-07 1 0 0 0 0 1 0 fwd conv2d_host_validation_random_CHECK_KYXC_NHWC_NHWK_5_f16 (88 of 107)
25690112   (25652773 34739 2600 0) 138.0 (0.0001084805 0.0001002550) 0.031250 0.000002 3.1e+01 6.4e-03 (-0.0010442734 -0.0010509491) 2.9e-06 2.2e-06 1 0 1 0 0 1 0 fwd conv2d_host_validation_random_CHECK_RAND_FLOAT_2_f16 (89 of 107)
205520896  (205435943 81198 3755 0) 12.0 (0.0000802279 0.0000809431) 0.007812 0.000000 3.0e+00 9.8e-04 (-0.2500000000 -0.2502441406) 4.7e-07 6.4e-07 1 0 0 0 0 1 0 fwd conv2d_host_validation_random_GROUP_NHWC_f16 (90 of 107)
30720      (30698 22 0 0) 1.0 (-1.1357421875 -1.1347656250) 0.001953 0.000000 9.7e-04 9.7e-04 (-0.0019607544 -0.0019588470) 5.0e-07 8.6e-07 0 1 0 0 1 0 1 fwd padding_kernel_all_fwd_CHECK_RESNET50_CONFIG2_f16 (91 of 107)
30720      (30704 16 0 0) 1.0 (-0.9511718750 -0.9516601562) 0.003906 0.000000 9.6e-04 9.6e-04 (0.0316772461 0.0317077637) 3.9e-07 1.7e-06 0 1 0 0 1 0 1 fwd padding_kernel_all_fwd_CHECK_RESNET50_CONFIG4_f16 (92 of 107)
882        (880 2 0 0) 1.0 (3.3300781250 3.3320312500) 0.007812 0.000011 9.2e-04 9.2e-04 (8.4687500000 8.4609375000) 1.7e-06 3.3e-06 0 1 0 0 1 0 1 bwd_weight padding_kernel_all_wrw_CHECK_RESNET50_CONFIG2_f16 (93 of 107)
882        (881 1 0 0) 1.0 (-0.0939941406 -0.0939331055) 0.000061 0.000000 6.5e-04 6.5e-04 (-0.0939941406 -0.0939331055) 7.4e-07 3.3e-08 0 1 0 0 1 0 1 bwd_weight padding_kernel_all_wrw_CHECK_RESNET50_CONFIG4_f16 (94 of 107)
205520896  (205395327 118325 7244 0) 28.0 (-0.0000755787 -0.0000739098) 0.015625 0.000000 7.0e+00 1.9e-03 (-0.0010185242 -0.0010204315) 7.8e-07 1.3e-06 0 1 1 0 1 0 1 fwd padding_kernel_gemmK_CHECK_RESNET50_F16_CONFIG1 (95 of 107)
205520896  (205394935 118601 7360 0) 29.0 (-0.0000535250 -0.0000517964) 0.015625 0.000000 8.0e+00 1.9e-03 (-0.0010166168 -0.0010185242) 8.1e-07 1.3e-06 0 1 1 0 1 0 1 fwd padding_kernel_gemmK_CHECK_RESNET50_F16_CONFIG2 (96 of 107)
205520896  (205395367 118093 7436 0) 25.0 (0.0000309348 0.0000294447) 0.015625 0.000000 4.0e+00 1.9e-03 (-0.0010023117 -0.0010042191) 7.1e-07 1.3e-06 0 1 1 0 1 0 1 fwd padding_kernel_gemmK_CHECK_RESNET50_F16_CONFIG4 (97 of 107)
9408       (9144 233 31 0) 101.0 (0.0200653076 0.0216064453) 0.500000 0.001625 7.7e-02 7.7e-02 (0.0200653076 0.0216064453) 3.6e-05 1.4e-05 0 1 1 0 1 0 1 bwd_weight padding_kernel_gemmN_CHECK_RESNET50_CONFIG2 (98 of 107)
9408       (9164 225 19 0) 51.0 (0.1096191406 0.1127319336) 0.500000 0.001906 3.0e-02 3.0e-02 (0.0806274414 0.0830078125) 2.8e-05 1.7e-05 0 1 1 0 1 0 1 bwd_weight padding_kernel_gemmN_CHECK_RESNET50_CONFIG4 (99 of 107)
6422528    (6412646 9182 700 0) 115.0 (0.0000802875 0.0000871420) 0.031250 0.000002 1.9e+00 5.6e-03 (0.0010166168 0.0010108948) 1.9e-06 2.1e-06 0 0 0 0 1 0 1 fwd Resnet50_validation_nchw_CHECK_NCHW_1_f16 (100 of 107)
25690112   (25675348 13928 836 0) 20.0 (0.0000820756 0.0000832677) 0.007812 0.000000 2.5e-01 1.3e-03 (-0.0014886856 -0.0014905930) 5.7e-07 1.3e-06 0 0 0 0 1 0 1 fwd Resnet50_validation_nchw_CHECK_NCHW_2_f16 (101 of 107)
147456     (147114 315 27 0) 8.0 (-0.0067024231 -0.0067329407) 0.125000 0.000013 4.8e-03 4.8e-03 (-0.0023670197 -0.0023555756) 1.9e-06 4.7e-08 0 0 0 0 1 0 1 bwd_weight Resnet50_validation_nchw_CHECK_NCHW_3_f16 (102 of 107)
65536      (65381 145 10 0) 3.0 (0.0125808716 0.0125579834) 0.062500 0.000015 2.7e-03 2.7e-03 (0.0085296631 0.0085067749) 1.8e-06 1.9e-06 0 0 0 0 1 0 1 bwd_weight Resnet50_validation_nchw_CHECK_NCHW_4_f16 (103 of 107)
6422528    (6412872 8979 677 0) 113.0 (0.0000981688 0.0000914335) 0.031250 0.000002 3.6e-01 6.9e-03 (0.0013875961 0.0013780594) 1.7e-06 8.7e-07 0 0 0 0 1 0 1 fwd Resnet50_validation_nhwc_CHECK_NHWC_1_f16 (104 of 107)
25690112   (25675541 13780 791 0) 15.0 (0.0000979304 0.0000970364) 0.007812 0.000000 2.0e+00 1.3e-03 (0.0014972687 0.0014953613) 6.4e-07 4.9e-07 0 0 0 0 1 0 1 fwd Resnet50_validation_nhwc_CHECK_NHWC_2_f16 (105 of 107)
147456     (147121 318 17 0) 35.0 (-0.0017642975 -0.0017309189) 0.125000 0.000014 1.9e-02 1.9e-02 (-0.0017642975 -0.0017309189) 1.8e-06 4.6e-08 0 0 0 0 1 0 1 bwd_weight Resnet50_validation_nhwc_CHECK_NHWC_3_f16 (106 of 107)
65536      (65410 111 15 0) 19.0 (-0.0009822845 -0.0010004044) 0.062500 0.000011 1.8e-02 1.2e-02 (-0.0027084351 -0.0026760101) 2.1e-06 1.6e-06 0 0 0 0 1 0 1 bwd_weight Resnet50_validation_nhwc_CHECK_NHWC_4_f16 (107 of 107)
