25690112   (25677392 12720 0 0) 1.0 (9080.0000000000 9072.0000000000) 8.000000 0.003961 9.3e-04 9.3e-04 (8584.0000000000 8592.0000000000) 4.3e-07 1.6e-05 1 0 0 0 0 1 0 fwd conv2d_harness_cpu_verifier_kyxc_nhwc_nhwk_f16_E2E_f16 (1 of 107)
802816     (802722 94 0 0) 1.0 (506.5000000000 506.7500000000) 0.500000 0.000054 9.8e-04 9.8e-04 (512.5000000000 512.0000000000) 9.6e-08 6.7e-06 0 1 1 0 1 0 1 bwd_data conv2d_host_validation_f16_bwd_CHECK_BWD_DATA1 (2 of 107)
4096       (4088 8 0 0) 1.0 (28112.0000000000 28096.0000000000) 16.000000 0.031250 5.7e-04 5.7e-04 (27904.0000000000 27888.0000000000) 1.1e-06 2.1e-05 0 1 1 0 1 0 1 bwd_weight conv2d_host_validation_f16_bwd_CHECK_BWD_WEIGHT1 (3 of 107)
147456     (147456 0 0 0) 0.0 (0.0000000000 0.0000000000) 0.000000 0.000000 0.0e+00 0.0e+00 (0.0000000000 0.0000000000) 0.0e+00 0.0e+00 0 1 1 0 1 0 1 bwd_weight conv2d_host_validation_f16_bwd_CHECK_ISSUE_127_10 (4 of 107)
294912     (294912 0 0 0) 0.0 (0.0000000000 0.0000000000) 0.000000 0.000000 0.0e+00 0.0e+00 (0.0000000000 0.0000000000) 0.0e+00 0.0e+00 0 1 1 0 1 0 1 bwd_weight conv2d_host_validation_f16_bwd_CHECK_ISSUE_127_15 (5 of 107)
589824     (589824 0 0 0) 0.0 (0.0000000000 0.0000000000) 0.000000 0.000000 0.0e+00 0.0e+00 (0.0000000000 0.0000000000) 0.0e+00 0.0e+00 0 1 1 0 1 0 1 bwd_weight conv2d_host_validation_f16_bwd_CHECK_ISSUE_127_16 (6 of 107)
1179648    (1178106 1542 0 0) 1.0 (55872.0000000000 55904.0000000000) 32.000000 0.041829 7.9e-04 7.9e-04 (40384.0000000000 40416.0000000000) 9.1e-07 2.0e-05 0 1 1 0 1 0 1 bwd_weight conv2d_host_validation_f16_bwd_CHECK_ISSUE_127_17 (7 of 107)
147456     (147456 0 0 0) 0.0 (0.0000000000 0.0000000000) 0.000000 0.000000 0.0e+00 0.0e+00 (0.0000000000 0.0000000000) 0.0e+00 0.0e+00 0 1 1 0 1 0 1 bwd_weight conv2d_host_validation_f16_bwd_CHECK_ISSUE_127_18 (8 of 107)
2097152    (2094808 2344 0 0) 1.0 (28048.0000000000 28032.0000000000) 16.000000 0.017883 5.9e-04 5.9e-04 (27280.0000000000 27296.0000000000) 6.3e-07 1.8e-05 0 1 1 0 1 0 1 bwd_weight conv2d_host_validation_f16_bwd_CHECK_ISSUE_127_6 (9 of 107)
262144     (262144 0 0 0) 0.0 (0.0000000000 0.0000000000) 0.000000 0.000000 0.0e+00 0.0e+00 (0.0000000000 0.0000000000) 0.0e+00 0.0e+00 0 1 1 0 1 0 1 bwd_weight conv2d_host_validation_f16_bwd_CHECK_ISSUE_127_7 (10 of 107)
147456     (147456 0 0 0) 0.0 (0.0000000000 0.0000000000) 0.000000 0.000000 0.0e+00 0.0e+00 (0.0000000000 0.0000000000) 0.0e+00 0.0e+00 0 1 1 0 1 0 1 bwd_weight conv2d_host_validation_f16_bwd_CHECK_ISSUE_127_8 (11 of 107)
147456     (147456 0 0 0) 0.0 (0.0000000000 0.0000000000) 0.000000 0.000000 0.0e+00 0.0e+00 (0.0000000000 0.0000000000) 0.0e+00 0.0e+00 0 1 1 0 1 0 1 bwd_weight conv2d_host_validation_f16_bwd_CHECK_ISSUE_127_9 (12 of 107)
1024       (1023 1 0 0) 1.0 (28000.0000000000 27984.0000000000) 16.000000 0.015625 5.7e-04 5.7e-04 (28000.0000000000 27984.0000000000) 5.6e-07 1.7e-05 0 1 1 0 1 0 1 bwd_weight conv2d_host_validation_f16_bwd_CHECK_ISSUE_70_1 (13 of 107)
65536      (65536 0 0 0) 0.0 (0.0000000000 0.0000000000) 0.000000 0.000000 0.0e+00 0.0e+00 (0.0000000000 0.0000000000) 0.0e+00 0.0e+00 0 1 1 0 1 0 1 bwd_weight conv2d_host_validation_f16_bwd_CHECK_ISSUE_70_2 (14 of 107)
4096       (4095 1 0 0) 1.0 (28112.0000000000 28096.0000000000) 16.000000 0.003906 5.7e-04 5.7e-04 (28112.0000000000 28096.0000000000) 1.4e-07 8.6e-06 0 1 1 0 1 0 1 bwd_weight conv2d_host_validation_f16_bwd_CHECK_ISSUE_70_3 (15 of 107)
1024       (1023 1 0 0) 1.0 (16024.0000000000 16016.0000000000) 8.000000 0.007812 5.0e-04 5.0e-04 (16024.0000000000 16016.0000000000) 4.9e-07 1.5e-05 0 1 1 0 1 0 1 bwd_weight conv2d_host_validation_f16_bwd_CHECK_ISSUE_71_1 (16 of 107)
1024       (1024 0 0 0) 0.0 (0.0000000000 0.0000000000) 0.000000 0.000000 0.0e+00 0.0e+00 (0.0000000000 0.0000000000) 0.0e+00 0.0e+00 0 1 1 0 1 0 1 bwd_weight conv2d_host_validation_f16_bwd_CHECK_ISSUE_71_2 (17 of 107)
1024       (1024 0 0 0) 0.0 (0.0000000000 0.0000000000) 0.000000 0.000000 0.0e+00 0.0e+00 (0.0000000000 0.0000000000) 0.0e+00 0.0e+00 0 1 1 0 1 0 1 bwd_weight conv2d_host_validation_f16_bwd_CHECK_ISSUE_71_3 (18 of 107)
1024       (1021 3 0 0) 1.0 (27984.0000000000 27968.0000000000) 16.000000 0.046875 5.8e-04 5.8e-04 (27712.0000000000 27728.0000000000) 1.7e-06 3.0e-05 0 1 1 0 1 0 1 bwd_weight conv2d_host_validation_f16_bwd_CHECK_ISSUE_71_4 (19 of 107)
12845056   (12841219 3837 0 0) 1.0 (2376.0000000000 2374.0000000000) 2.000000 0.000519 9.2e-04 9.2e-04 (1082.0000000000 1081.0000000000) 2.2e-07 1.0e-05 0 0 0 0 0 1 0 fwd conv2d_host_validation_f16_CHECK_RESNET101_NCHW_CONFIG1_FWD_f16 (20 of 107)
12845056   (12841239 3817 0 0) 1.0 (2606.0000000000 2608.0000000000) 2.000000 0.000450 9.6e-04 9.6e-04 (1039.0000000000 1040.0000000000) 2.1e-07 8.9e-06 0 0 0 0 0 1 0 fwd conv2d_host_validation_f16_CHECK_RESNET101_NCHW_CONFIG2_FWD_f16 (21 of 107)
25690112   (25683830 6282 0 0) 1.0 (2228.0000000000 2226.0000000000) 2.000000 0.000489 9.8e-04 9.8e-04 (2048.0000000000 2050.0000000000) 2.1e-07 1.2e-05 0 0 0 0 0 1 0 bwd_data conv2d_host_validation_f16_CHECK_RESNET101_NCHW_CONFIG8_BWD_f16 (22 of 107)
102760448  (102748020 12428 0 0) 1.0 (602.5000000000 602.0000000000) 0.500000 0.000058 9.8e-04 9.8e-04 (512.0000000000 512.5000000000) 1.0e-07 6.7e-06 0 0 0 0 0 1 0 fwd conv2d_host_validation_f16_CHECK_RESNET101_NCHW_CONFIG8_FWD_f16 (23 of 107)
16384      (16384 0 0 0) 0.0 (0.0000000000 0.0000000000) 0.000000 0.000000 0.0e+00 0.0e+00 (0.0000000000 0.0000000000) 0.0e+00 0.0e+00 0 0 0 0 0 1 0 bwd_weight conv2d_host_validation_f16_CHECK_RESNET101_NCHW_CONFIG8_WRW_f16 (24 of 107)
12845056   (12841234 3822 0 0) 1.0 (1152.0000000000 1153.0000000000) 2.000000 0.000513 9.7e-04 9.7e-04 (1027.0000000000 1026.0000000000) 2.1e-07 9.9e-06 0 0 0 0 0 1 0 fwd conv2d_host_validation_f16_CHECK_RESNET101_NHWC_CONFIG1_FWD_f16 (25 of 107)
12845056   (12841319 3737 0 0) 1.0 (1695.0000000000 1694.0000000000) 2.000000 0.000440 9.7e-04 9.7e-04 (1028.0000000000 1029.0000000000) 2.0e-07 9.0e-06 0 0 0 0 0 1 0 fwd conv2d_host_validation_f16_CHECK_RESNET101_NHWC_CONFIG2_FWD_f16 (26 of 107)
25690112   (25683909 6203 0 0) 1.0 (2356.0000000000 2354.0000000000) 2.000000 0.000483 9.7e-04 9.7e-04 (2062.0000000000 2060.0000000000) 2.1e-07 1.2e-05 0 0 0 0 0 1 0 bwd_data conv2d_host_validation_f16_CHECK_RESNET101_NHWC_CONFIG8_BWD_f16 (27 of 107)
102760448  (102748084 12364 0 0) 1.0 (531.5000000000 531.0000000000) 0.500000 0.000057 9.8e-04 9.8e-04 (512.0000000000 512.5000000000) 9.9e-08 6.4e-06 0 0 0 0 0 1 0 fwd conv2d_host_validation_f16_CHECK_RESNET101_NHWC_CONFIG8_FWD_f16 (28 of 107)
16384      (16384 0 0 0) 0.0 (0.0000000000 0.0000000000) 0.000000 0.000000 0.0e+00 0.0e+00 (0.0000000000 0.0000000000) 0.0e+00 0.0e+00 0 0 0 0 0 1 0 bwd_weight conv2d_host_validation_f16_CHECK_RESNET101_NHWC_CONFIG8_WRW_f16 (29 of 107)
4194304    (4194300 4 0 0) 1.0 (42.9062500000 42.8750000000) 0.031250 0.000000 7.3e-04 7.3e-04 (42.9062500000 42.8750000000) 6.5e-10 3.5e-07 0 1 1 0 1 0 1 fwd conv2d_host_validation_f16_fwd_CHECK_FILTER1_f16 (30 of 107)
4194304    (4194301 3 0 0) 1.0 (51.0937500000 51.1250000000) 0.031250 0.000000 8.3e-04 8.3e-04 (18.7343750000 18.7500000000) 4.9e-10 2.8e-07 0 1 1 0 1 0 1 fwd conv2d_host_validation_f16_fwd_CHECK_FILTER2_f16 (31 of 107)
16777216   (16776903 313 0 0) 1.0 (68.9375000000 69.0000000000) 0.062500 0.000001 9.7e-04 9.7e-04 (64.3750000000 64.3125000000) 1.3e-08 1.6e-06 0 1 1 0 1 0 1 fwd conv2d_host_validation_f16_fwd_CHECK_ISSUE_114_1_f16 (32 of 107)
16777216   (16776866 350 0 0) 1.0 (65.7500000000 65.6875000000) 0.062500 0.000001 9.8e-04 9.8e-04 (64.0000000000 64.0625000000) 1.5e-08 1.6e-06 0 1 1 0 1 0 1 fwd conv2d_host_validation_f16_fwd_CHECK_ISSUE_114_2_f16 (33 of 107)
4194304    (4194213 91 0 0) 1.0 (78.2500000000 78.1875000000) 0.062500 0.000001 9.5e-04 9.5e-04 (65.6250000000 65.6875000000) 1.5e-08 1.6e-06 0 1 1 0 1 0 1 fwd conv2d_host_validation_f16_fwd_CHECK_ISSUE_114_3_f16 (34 of 107)
4194304    (4194216 88 0 0) 1.0 (71.7500000000 71.6875000000) 0.062500 0.000001 9.7e-04 9.7e-04 (64.2500000000 64.1875000000) 1.5e-08 1.6e-06 0 1 1 0 1 0 1 fwd conv2d_host_validation_f16_fwd_CHECK_ISSUE_114_4_f16 (35 of 107)
16777216   (16776895 321 0 0) 1.0 (82.0625000000 82.0000000000) 0.062500 0.000001 9.7e-04 9.7e-04 (64.1875000000 64.1250000000) 1.3e-08 1.6e-06 0 1 1 0 1 0 1 fwd conv2d_host_validation_f16_fwd_CHECK_ISSUE_114_5_f16 (36 of 107)
16777216   (16776875 341 0 0) 1.0 (81.6250000000 81.5625000000) 0.062500 0.000001 9.7e-04 9.7e-04 (64.1250000000 64.0625000000) 1.5e-08 1.6e-06 0 1 1 0 1 0 1 fwd conv2d_host_validation_f16_fwd_CHECK_ISSUE_114_6_f16 (37 of 107)
4194304    (4194227 77 0 0) 1.0 (59.7500000000 59.7187500000) 0.062500 0.000001 9.7e-04 9.7e-04 (64.5000000000 64.5625000000) 1.3e-08 1.6e-06 0 1 1 0 1 0 1 fwd conv2d_host_validation_f16_fwd_CHECK_ISSUE_114_7_f16 (38 of 107)
4194304    (4194222 82 0 0) 1.0 (72.8750000000 72.9375000000) 0.062500 0.000001 9.6e-04 9.6e-04 (65.1875000000 65.2500000000) 1.4e-08 1.6e-06 0 1 1 0 1 0 1 fwd conv2d_host_validation_f16_fwd_CHECK_ISSUE_114_8_f16 (39 of 107)
12845056   (12833969 11087 0 0) 1.0 (13968.0000000000 13976.0000000000) 16.000000 0.012868 9.2e-04 9.2e-04 (8712.0000000000 8720.0000000000) 6.4e-07 2.0e-05 0 1 1 0 1 0 1 fwd conv2d_host_validation_f16_fwd_CHECK_ISSUE_127_11_f16 (40 of 107)
12845056   (12834102 10954 0 0) 1.0 (13760.0000000000 13768.0000000000) 16.000000 0.011911 9.0e-04 9.0e-04 (8848.0000000000 8856.0000000000) 6.2e-07 1.9e-05 0 1 1 0 1 0 1 fwd conv2d_host_validation_f16_fwd_CHECK_ISSUE_127_12_f16 (41 of 107)
12845056   (12834169 10887 0 0) 1.0 (9384.0000000000 9376.0000000000) 16.000000 0.010375 9.1e-04 9.1e-04 (8776.0000000000 8768.0000000000) 5.9e-07 1.7e-05 0 1 1 0 1 0 1 fwd conv2d_host_validation_f16_fwd_CHECK_ISSUE_127_13_f16 (42 of 107)
12845056   (12834148 10908 0 0) 1.0 (13864.0000000000 13872.0000000000) 16.000000 0.013129 8.9e-04 8.9e-04 (9008.0000000000 9016.0000000000) 6.5e-07 2.0e-05 0 1 1 0 1 0 1 fwd conv2d_host_validation_f16_fwd_CHECK_ISSUE_127_14_f16 (43 of 107)
12845056   (12834133 10923 0 0) 1.0 (20304.0000000000 20288.0000000000) 16.000000 0.013606 8.0e-04 8.0e-04 (19888.0000000000 19872.0000000000) 6.6e-07 2.1e-05 0 1 1 0 1 0 1 fwd conv2d_host_validation_f16_fwd_CHECK_ISSUE_127_1_f16 (44 of 107)
6422528    (6414728 7800 0 0) 1.0 (41344.0000000000 41376.0000000000) 32.000000 0.038863 8.0e-04 8.0e-04 (40224.0000000000 40256.0000000000) 9.4e-07 2.5e-05 0 1 1 0 1 0 1 fwd conv2d_host_validation_f16_fwd_CHECK_ISSUE_127_2_f16 (45 of 107)
25690112   (25674626 15486 0 0) 1.0 (10288.0000000000 10280.0000000000) 8.000000 0.004822 8.2e-04 8.2e-04 (9744.0000000000 9752.0000000000) 4.7e-07 1.7e-05 0 1 1 0 1 0 1 fwd conv2d_host_validation_f16_fwd_CHECK_ISSUE_127_3_f16 (46 of 107)
12845056   (12834170 10886 0 0) 1.0 (20592.0000000000 20576.0000000000) 16.000000 0.013560 8.1e-04 8.1e-04 (19840.0000000000 19824.0000000000) 6.5e-07 2.1e-05 0 1 1 0 1 0 1 fwd conv2d_host_validation_f16_fwd_CHECK_ISSUE_127_4_f16 (47 of 107)
12845056   (12834088 10968 0 0) 1.0 (13816.0000000000 13808.0000000000) 16.000000 0.011881 9.2e-04 9.2e-04 (8712.0000000000 8704.0000000000) 6.2e-07 1.9e-05 0 1 1 0 1 0 1 fwd conv2d_host_validation_f16_fwd_CHECK_ISSUE_127_5_f16 (48 of 107)
7372800    (7371736 1064 0 0) 1.0 (621.5000000000 621.0000000000) 0.500000 0.000072 9.6e-04 9.6e-04 (521.0000000000 520.5000000000) 1.1e-07 7.0e-06 0 1 1 0 1 0 1 fwd conv2d_host_validation_f16_fwd_CHECK_ISSUE_40_1_f16 (49 of 107)
3440640    (3439900 740 0 0) 1.0 (1383.0000000000 1384.0000000000) 1.000000 0.000215 8.6e-04 8.6e-04 (1168.0000000000 1169.0000000000) 1.7e-07 8.9e-06 0 1 1 0 1 0 1 fwd conv2d_host_validation_f16_fwd_CHECK_ISSUE_40_2_f16 (50 of 107)
6422528    (6419689 2839 0 0) 1.0 (3568.0000000000 3566.0000000000) 2.000000 0.000884 6.2e-04 6.2e-04 (3246.0000000000 3244.0000000000) 2.5e-07 1.0e-05 0 1 1 0 1 0 1 fwd conv2d_host_validation_f16_fwd_CHECK_ISSUE_40_3_f16 (51 of 107)
14745600   (14741135 4465 0 0) 1.0 (1408.0000000000 1407.0000000000) 1.000000 0.000303 9.1e-04 9.1e-04 (1093.0000000000 1092.0000000000) 1.7e-07 7.9e-06 0 1 1 0 1 0 1 fwd conv2d_host_validation_f16_fwd_CHECK_ISSUE_40_4_f16 (52 of 107)
6881280    (6880125 1155 0 0) 1.0 (1008.0000000000 1008.5000000000) 1.000000 0.000148 9.8e-04 9.8e-04 (1024.0000000000 1025.0000000000) 1.4e-07 8.4e-06 0 1 0 0 0 0 1 fwd conv2d_host_validation_f16_fwd_CHECK_ISSUE_40_5_f16 (53 of 107)
1048576    (1048250 326 0 0) 1.0 (1822.0000000000 1823.0000000000) 1.000000 0.000311 6.1e-04 6.1e-04 (1644.0000000000 1643.0000000000) 1.7e-07 8.3e-06 0 1 1 0 1 0 1 fwd conv2d_host_validation_f16_fwd_CHECK_ISSUE_41_10_f16 (54 of 107)
12845056   (12843164 1892 0 0) 1.0 (638.0000000000 638.5000000000) 0.500000 0.000074 9.5e-04 9.5e-04 (525.5000000000 526.0000000000) 1.1e-07 6.7e-06 0 1 1 0 1 0 1 fwd conv2d_host_validation_f16_fwd_CHECK_ISSUE_41_11_f16 (55 of 107)
9437184    (9434167 3017 0 0) 1.0 (1867.0000000000 1868.0000000000) 1.000000 0.000320 6.3e-04 6.3e-04 (1583.0000000000 1584.0000000000) 1.8e-07 8.3e-06 0 1 1 0 1 0 1 fwd conv2d_host_validation_f16_fwd_CHECK_ISSUE_41_12_f16 (56 of 107)
921600     (921449 151 0 0) 1.0 (619.0000000000 618.5000000000) 0.500000 0.000082 9.4e-04 9.4e-04 (533.5000000000 533.0000000000) 1.3e-07 7.4e-06 0 1 1 0 1 0 1 fwd conv2d_host_validation_f16_fwd_CHECK_ISSUE_41_2_f16 (57 of 107)
1605632    (1605402 230 0 0) 1.0 (680.0000000000 679.5000000000) 0.500000 0.000072 9.2e-04 9.2e-04 (543.5000000000 543.0000000000) 1.1e-07 7.0e-06 0 1 1 0 1 0 1 fwd conv2d_host_validation_f16_fwd_CHECK_ISSUE_41_3_f16 (58 of 107)
200704     (200670 34 0 0) 1.0 (571.5000000000 571.0000000000) 0.500000 0.000085 8.9e-04 8.9e-04 (564.5000000000 565.0000000000) 1.3e-07 7.9e-06 0 1 1 0 1 0 1 fwd conv2d_host_validation_f16_fwd_CHECK_ISSUE_41_4_f16 (59 of 107)
1605632    (1605297 335 0 0) 1.0 (1388.0000000000 1387.0000000000) 1.000000 0.000209 8.9e-04 8.9e-04 (1119.0000000000 1118.0000000000) 1.6e-07 9.0e-06 0 1 1 0 1 0 1 fwd conv2d_host_validation_f16_fwd_CHECK_ISSUE_41_5_f16 (60 of 107)
802816     (802690 126 0 0) 1.0 (662.0000000000 662.5000000000) 0.500000 0.000078 9.1e-04 9.1e-04 (547.0000000000 546.5000000000) 1.2e-07 7.2e-06 0 1 1 0 1 0 1 fwd conv2d_host_validation_f16_fwd_CHECK_ISSUE_41_6_f16 (61 of 107)
4194304    (4193694 610 0 0) 1.0 (440.5000000000 440.2500000000) 0.500000 0.000064 9.6e-04 9.6e-04 (520.5000000000 520.0000000000) 1.1e-07 6.4e-06 0 1 1 0 1 0 1 fwd conv2d_host_validation_f16_fwd_CHECK_ISSUE_41_7_f16 (62 of 107)
3211264    (3210316 948 0 0) 1.0 (1807.0000000000 1806.0000000000) 1.000000 0.000295 9.3e-04 9.3e-04 (1073.0000000000 1074.0000000000) 1.7e-07 8.0e-06 0 1 1 0 1 0 1 fwd conv2d_host_validation_f16_fwd_CHECK_ISSUE_41_8_f16 (63 of 107)
2359296    (2358979 317 0 0) 1.0 (642.0000000000 641.5000000000) 0.500000 0.000067 9.2e-04 9.2e-04 (541.0000000000 541.5000000000) 1.0e-07 6.7e-06 0 1 1 0 1 0 1 fwd conv2d_host_validation_f16_fwd_CHECK_ISSUE_41_9_f16 (64 of 107)
25690112   (25677499 12613 0 0) 1.0 (9440.0000000000 9448.0000000000) 8.000000 0.003928 9.3e-04 9.3e-04 (8568.0000000000 8560.0000000000) 4.3e-07 1.7e-05 0 1 1 0 1 0 1 fwd conv2d_host_validation_f16_fwd_CHECK_KCYX_NCHW_NKHW1_f16 (65 of 107)
3686400    (3686015 385 0 0) 1.0 (329.5000000000 329.7500000000) 0.250000 0.000026 9.7e-04 9.7e-04 (258.2500000000 258.5000000000) 8.0e-08 5.4e-06 0 1 1 0 1 0 1 fwd conv2d_host_validation_f16_fwd_CHECK_KCYX_NCHW_NKHW2_f16 (66 of 107)
409600     (409549 51 0 0) 1.0 (336.2500000000 336.0000000000) 0.250000 0.000031 9.0e-04 9.0e-04 (276.2500000000 276.0000000000) 9.6e-08 6.0e-06 0 1 1 0 1 0 1 fwd conv2d_host_validation_f16_fwd_CHECK_KCYX_NCHW_NKHW3_f16 (67 of 107)
147456     (147442 14 0 0) 1.0 (318.5000000000 318.2500000000) 0.250000 0.000024 8.3e-04 8.3e-04 (303.0000000000 302.7500000000) 7.3e-08 5.1e-06 0 1 1 0 1 0 1 fwd conv2d_host_validation_f16_fwd_CHECK_KCYX_NCHW_NKHW4_f16 (68 of 107)
102400     (102390 10 0 0) 1.0 (330.5000000000 330.2500000000) 0.250000 0.000024 8.3e-04 8.3e-04 (302.0000000000 302.2500000000) 7.5e-08 5.5e-06 0 1 1 0 1 0 1 fwd conv2d_host_validation_f16_fwd_CHECK_KCYX_NCHW_NKHW5_f16 (69 of 107)
15745024   (15743603 1421 0 0) 1.0 (243.8750000000 244.0000000000) 0.250000 0.000020 9.8e-04 9.8e-04 (256.0000000000 256.2500000000) 7.0e-08 5.1e-06 0 1 1 0 1 0 1 fwd conv2d_host_validation_f16_fwd_CHECK_KCYX_NCHW_NKHW6_f16 (70 of 107)
13778944   (13776602 2342 0 0) 1.0 (1193.0000000000 1194.0000000000) 1.000000 0.000169 9.7e-04 9.7e-04 (1028.0000000000 1029.0000000000) 1.5e-07 9.0e-06 0 1 1 0 1 0 1 fwd conv2d_host_validation_f16_fwd_CHECK_KCYX_NCHW_NKHW7_f16 (71 of 107)
25690112   (25677665 12447 0 0) 1.0 (9288.0000000000 9296.0000000000) 8.000000 0.003876 9.3e-04 9.3e-04 (8624.0000000000 8632.0000000000) 4.2e-07 1.6e-05 0 1 1 0 1 0 1 fwd conv2d_host_validation_f16_fwd_CHECK_KYXC_NHWC_NHWK1_f16 (72 of 107)
3686400    (3686068 332 0 0) 1.0 (350.7500000000 351.0000000000) 0.250000 0.000022 9.7e-04 9.7e-04 (256.7500000000 257.0000000000) 7.0e-08 4.9e-06 0 1 1 0 1 0 1 fwd conv2d_host_validation_f16_fwd_CHECK_KYXC_NHWC_NHWK2_f16 (73 of 107)
409600     (409564 36 0 0) 1.0 (304.0000000000 303.7500000000) 0.250000 0.000021 9.2e-04 9.2e-04 (271.0000000000 270.7500000000) 6.8e-08 5.2e-06 0 1 1 0 1 0 1 fwd conv2d_host_validation_f16_fwd_CHECK_KYXC_NHWC_NHWK3_f16 (74 of 107)
147456     (147437 19 0 0) 1.0 (341.2500000000 341.5000000000) 0.250000 0.000032 9.4e-04 9.4e-04 (265.7500000000 265.5000000000) 9.8e-08 6.2e-06 0 1 1 0 1 0 1 fwd conv2d_host_validation_f16_fwd_CHECK_KYXC_NHWC_NHWK4_f16 (75 of 107)
102400     (102387 13 0 0) 1.0 (313.5000000000 313.2500000000) 0.250000 0.000031 8.7e-04 8.7e-04 (287.5000000000 287.7500000000) 9.5e-08 5.7e-06 0 1 1 0 1 0 1 fwd conv2d_host_validation_f16_fwd_CHECK_KYXC_NHWC_NHWK5_f16 (76 of 107)
15745024   (15743761 1263 0 0) 1.0 (249.6250000000 249.5000000000) 0.250000 0.000019 9.8e-04 9.8e-04 (256.0000000000 256.2500000000) 6.4e-08 4.7e-06 0 1 1 0 1 0 1 fwd conv2d_host_validation_f16_fwd_CHECK_KYXC_NHWC_NHWK6_f16 (77 of 107)
13778944   (13776606 2338 0 0) 1.0 (1146.0000000000 1145.0000000000) 1.000000 0.000168 9.8e-04 9.8e-04 (1024.0000000000 1025.0000000000) 1.5e-07 9.0e-06 0 1 1 0 1 0 1 fwd conv2d_host_validation_f16_fwd_CHECK_KYXC_NHWC_NHWK7_f16 (78 of 107)
802816     (802722 94 0 0) 1.0 (228.1250000000 228.0000000000) 0.250000 0.000026 9.0e-04 9.0e-04 (277.7500000000 278.0000000000) 8.6e-08 5.4e-06 0 1 1 0 1 0 1 fwd conv2d_host_validation_f16_fwd_CHECK_PADDING1_f16 (79 of 107)
802816     (802732 84 0 0) 1.0 (357.5000000000 357.2500000000) 0.250000 0.000023 9.6e-04 9.6e-04 (259.2500000000 259.0000000000) 7.7e-08 5.0e-06 0 1 1 0 1 0 1 fwd conv2d_host_validation_f16_fwd_CHECK_PADDING2_f16 (80 of 107)
2048       (2048 0 0 0) 0.0 (0.0000000000 0.0000000000) 0.000000 0.000000 0.0e+00 0.0e+00 (0.0000000000 0.0000000000) 0.0e+00 0.0e+00 0 1 1 0 1 0 1 fwd conv2d_host_validation_f16_fwd_CHECK_PADDING3_f16 (81 of 107)
205520896  (205495922 24974 0 0) 1.0 (707.0000000000 707.5000000000) 0.500000 0.000058 9.8e-04 9.8e-04 (512.0000000000 512.5000000000) 1.0e-07 6.6e-06 0 1 0 0 1 0 1 fwd conv2d_host_validation_f32_fwd_GROUP_NCHW_f16 (82 of 107)
51380224   (51373993 6231 0 0) 1.0 (535.5000000000 535.0000000000) 0.500000 0.000058 9.8e-04 9.8e-04 (512.0000000000 512.5000000000) 1.0e-07 6.7e-06 1 0 0 0 0 1 0 fwd conv2d_host_validation_random_CHECK_KCYX_NCHW_NKHW_5_f16 (83 of 107)
51380224   (51374027 6197 0 0) 1.0 (569.5000000000 569.0000000000) 0.500000 0.000058 9.8e-04 9.8e-04 (512.0000000000 512.5000000000) 1.0e-07 6.8e-06 1 0 0 0 0 1 0 fwd conv2d_host_validation_random_CHECK_KCYX_NCHW_NKHW_6_f16 (84 of 107)
47775744   (47755204 20540 0 0) 1.0 (5248.0000000000 5244.0000000000) 4.000000 0.001720 8.3e-04 8.3e-04 (4800.0000000000 4804.0000000000) 3.3e-07 1.4e-05 1 0 0 0 0 1 0 fwd conv2d_host_validation_random_CHECK_KCYX_NCHW_NKHW_7_f16 (85 of 107)
51380224   (51358543 21681 0 0) 1.0 (3610.0000000000 3612.0000000000) 4.000000 0.001629 9.1e-04 9.1e-04 (2190.0000000000 2192.0000000000) 3.2e-07 1.4e-05 1 0 0 0 0 1 0 fwd conv2d_host_validation_random_CHECK_KCYX_NCHW_NKHW_8_f16 (86 of 107)
16777216   (16776950 266 0 0) 1.0 (70.8750000000 70.8125000000) 0.062500 0.000001 9.6e-04 9.6e-04 (65.1250000000 65.0625000000) 1.1e-08 1.4e-06 1 0 0 0 0 1 0 fwd conv2d_host_validation_random_CHECK_KYXC_NHWC_NHWK_4_f16 (87 of 107)
16777216   (16776921 295 0 0) 1.0 (80.8750000000 80.9375000000) 0.062500 0.000001 9.6e-04 9.6e-04 (64.8750000000 64.8125000000) 1.3e-08 1.3e-06 1 0 0 0 0 1 0 fwd conv2d_host_validation_random_CHECK_KYXC_NHWC_NHWK_5_f16 (88 of 107)
25690112   (25677543 12569 0 0) 1.0 (9032.0000000000 9040.0000000000) 8.000000 0.003914 9.3e-04 9.3e-04 (8568.0000000000 8560.0000000000) 4.3e-07 1.8e-05 1 0 1 0 0 1 0 fwd conv2d_host_validation_random_CHECK_RAND_FLOAT_2_f16 (89 of 107)
205520896  (205495889 25007 0 0) 1.0 (590.0000000000 589.5000000000) 0.500000 0.000058 9.8e-04 9.8e-04 (512.0000000000 512.5000000000) 1.0e-07 6.6e-06 1 0 0 0 0 1 0 fwd conv2d_host_validation_random_GROUP_NHWC_f16 (90 of 107)
30720      (30715 5 0 0) 1.0 (1308.0000000000 1307.0000000000) 1.000000 0.000163 8.4e-04 8.4e-04 (1191.0000000000 1190.0000000000) 1.3e-07 8.5e-06 0 1 0 0 1 0 1 fwd padding_kernel_all_fwd_CHECK_RESNET50_CONFIG2_f16 (91 of 107)
30720      (30710 10 0 0) 1.0 (1326.0000000000 1327.0000000000) 1.000000 0.000293 8.9e-04 8.9e-04 (1127.0000000000 1128.0000000000) 2.5e-07 1.1e-05 0 1 0 0 1 0 1 fwd padding_kernel_all_fwd_CHECK_RESNET50_CONFIG4_f16 (92 of 107)
882        (881 1 0 0) 1.0 (39936.0000000000 39904.0000000000) 32.000000 0.036281 8.0e-04 8.0e-04 (39936.0000000000 39904.0000000000) 9.1e-07 2.3e-05 0 1 0 0 1 0 1 bwd_weight padding_kernel_all_wrw_CHECK_RESNET50_CONFIG2_f16 (93 of 107)
882        (880 2 0 0) 1.0 (40192.0000000000 40160.0000000000) 32.000000 0.072562 8.0e-04 8.0e-04 (40192.0000000000 40160.0000000000) 1.7e-06 3.2e-05 0 1 0 0 1 0 1 bwd_weight padding_kernel_all_wrw_CHECK_RESNET50_CONFIG4_f16 (94 of 107)
205520896  (205476506 44390 0 0) 1.0 (1317.0000000000 1316.0000000000) 1.000000 0.000212 9.8e-04 9.8e-04 (1024.0000000000 1025.0000000000) 1.6e-07 8.6e-06 0 1 1 0 1 0 1 fwd padding_kernel_gemmK_CHECK_RESNET50_F16_CONFIG1 (95 of 107)
205520896  (205475913 44983 0 0) 1.0 (1289.0000000000 1290.0000000000) 1.000000 0.000219 9.3e-04 9.3e-04 (1079.0000000000 1078.0000000000) 1.7e-07 9.0e-06 0 1 1 0 1 0 1 fwd padding_kernel_gemmK_CHECK_RESNET50_F16_CONFIG2 (96 of 107)
205520896  (205475932 44964 0 0) 1.0 (1309.0000000000 1310.0000000000) 1.000000 0.000219 9.0e-04 9.0e-04 (1108.0000000000 1107.0000000000) 1.7e-07 8.6e-06 0 1 1 0 1 0 1 fwd padding_kernel_gemmK_CHECK_RESNET50_F16_CONFIG4 (97 of 107)
9408       (9408 0 0 0) 0.0 (0.0000000000 0.0000000000) 0.000000 0.000000 0.0e+00 0.0e+00 (0.0000000000 0.0000000000) 0.0e+00 0.0e+00 0 1 1 0 1 0 1 bwd_weight padding_kernel_gemmN_CHECK_RESNET50_CONFIG2 (98 of 107)
9408       (9408 0 0 0) 0.0 (0.0000000000 0.0000000000) 0.000000 0.000000 0.0e+00 0.0e+00 (0.0000000000 0.0000000000) 0.0e+00 0.0e+00 0 1 1 0 1 0 1 bwd_weight padding_kernel_gemmN_CHECK_RESNET50_CONFIG4 (99 of 107)
6422528    (6418656 3872 0 0) 1.0 (10424.0000000000 10432.0000000000) 8.000000 0.004476 9.0e-04 9.0e-04 (4444.0000000000 4448.0000000000) 4.5e-07 1.7e-05 0 0 0 0 1 0 1 fwd Resnet50_validation_nchw_CHECK_NCHW_1_f16 (100 of 107)
25690112   (25685605 4507 0 0) 1.0 (1152.0000000000 1151.0000000000) 1.000000 0.000174 9.8e-04 9.8e-04 (1024.0000000000 1025.0000000000) 1.5e-07 8.9e-06 0 0 0 0 1 0 1 fwd Resnet50_validation_nchw_CHECK_NCHW_2_f16 (101 of 107)
147456     (147456 0 0 0) 0.0 (0.0000000000 0.0000000000) 0.000000 0.000000 0.0e+00 0.0e+00 (0.0000000000 0.0000000000) 0.0e+00 0.0e+00 0 0 0 0 1 0 1 bwd_weight Resnet50_validation_nchw_CHECK_NCHW_3_f16 (102 of 107)
65536      (65536 0 0 0) 0.0 (0.0000000000 0.0000000000) 0.000000 0.000000 0.0e+00 0.0e+00 (0.0000000000 0.0000000000) 0.0e+00 0.0e+00 0 0 0 0 1 0 1 bwd_weight Resnet50_validation_nchw_CHECK_NCHW_4_f16 (103 of 107)
6422528    (6418534 3994 0 0) 1.0 (6744.0000000000 6748.0000000000) 8.000000 0.004630 8.9e-04 8.9e-04 (4488.0000000000 4492.0000000000) 4.6e-07 1.7e-05 0 0 0 0 1 0 1 fwd Resnet50_validation_nhwc_CHECK_NHWC_1_f16 (104 of 107)
25690112   (25685740 4372 0 0) 1.0 (1113.0000000000 1112.0000000000) 1.000000 0.000169 9.8e-04 9.8e-04 (1024.0000000000 1025.0000000000) 1.5e-07 8.4e-06 0 0 0 0 1 0 1 fwd Resnet50_validation_nhwc_CHECK_NHWC_2_f16 (105 of 107)
147456     (147456 0 0 0) 0.0 (0.0000000000 0.0000000000) 0.000000 0.000000 0.0e+00 0.0e+00 (0.0000000000 0.0000000000) 0.0e+00 0.0e+00 0 0 0 0 1 0 1 bwd_weight Resnet50_validation_nhwc_CHECK_NHWC_3_f16 (106 of 107)
65536      (65536 0 0 0) 0.0 (0.0000000000 0.0000000000) 0.000000 0.000000 0.0e+00 0.0e+00 (0.0000000000 0.0000000000) 0.0e+00 0.0e+00 0 0 0 0 1 0 1 bwd_weight Resnet50_validation_nhwc_CHECK_NHWC_4_f16 (107 of 107)
