25690112   (25616676 67928 5508 0) 310.0 (-0.0000061989 0.0000122786) 0.031250 0.000005 3.5e+00 1.6e-02 (0.0012254715 0.0012054443) 4.4e-06 5.1e-07 1 0 0 0 0 1 0 fwd conv2d_harness_cpu_verifier_kyxc_nhwc_nhwk_f16_E2E_f16 (1 of 107)
802816     (802275 507 34 0) 8.0 (0.0000805855 0.0000801086) 0.003906 0.000000 6.6e-02 9.7e-04 (-0.0078811646 -0.0078735352) 6.4e-07 1.7e-06 0 1 1 0 1 0 1 bwd_data conv2d_host_validation_f16_bwd_CHECK_BWD_DATA1 (2 of 107)
4096       (4082 10 4 0) 4.0 (-0.0039215088 -0.0039367676) 0.001953 0.000001 3.9e-03 3.9e-03 (-0.0039215088 -0.0039367676) 4.0e-06 4.1e-08 0 1 1 0 1 0 1 bwd_weight conv2d_host_validation_f16_bwd_CHECK_BWD_WEIGHT1 (3 of 107)
147456     (145191 2058 207 0) 1257.0 (0.0003058910 0.0001560450) 0.125000 0.000212 4.9e-01 6.4e-02 (0.0022449493 0.0023880005) 2.3e-05 1.0e-05 0 1 1 0 1 0 1 bwd_weight conv2d_host_validation_f16_bwd_CHECK_ISSUE_127_10 (4 of 107)
294912     (291732 2893 287 0) 1114.0 (-0.0000184774 -0.0000848770) 0.125000 0.000099 3.6e+00 6.8e-02 (0.0013895035 0.0014839172) 2.4e-05 8.1e-06 0 1 1 0 1 0 1 bwd_weight conv2d_host_validation_f16_bwd_CHECK_ISSUE_127_15 (5 of 107)
589824     (585142 4346 336 0) 301.0 (0.0000808835 0.0000629425) 4.000000 0.000054 2.2e-01 4.2e-02 (0.0012865067 0.0012331009) 9.2e-06 1.2e-06 0 1 1 0 1 0 1 bwd_weight conv2d_host_validation_f16_bwd_CHECK_ISSUE_127_16 (6 of 107)
1179648    (1172951 6133 564 0) 430.0 (-0.0000869036 -0.0001125336) 0.062500 0.000022 3.9e-01 3.2e-02 (-0.0016222000 -0.0015697479) 6.8e-06 5.0e-06 0 1 1 0 1 0 1 bwd_weight conv2d_host_validation_f16_bwd_CHECK_ISSUE_127_17 (7 of 107)
147456     (143374 3639 443 0) 859.0 (0.0010805130 0.0018997192) 0.500000 0.000830 7.6e-01 7.6e-01 (0.0010805130 0.0018997192) 4.0e-05 1.5e-05 0 1 1 0 1 0 1 bwd_weight conv2d_host_validation_f16_bwd_CHECK_ISSUE_127_18 (8 of 107)
2097152    (2087214 9155 783 0) 272.0 (-0.0000638962 -0.0000476837) 0.062500 0.000013 2.5e-01 3.8e-02 (0.0010166168 0.0010557175) 5.1e-06 4.4e-06 0 1 1 0 1 0 1 bwd_weight conv2d_host_validation_f16_bwd_CHECK_ISSUE_127_6 (9 of 107)
262144     (259982 1987 175 0) 818.0 (-0.0000015497 -0.0000503063) 0.062500 0.000056 3.1e+01 5.2e-02 (0.0012435913 0.0011787415) 1.3e-04 7.5e-06 0 1 1 0 1 0 1 bwd_weight conv2d_host_validation_f16_bwd_CHECK_ISSUE_127_7 (10 of 107)
147456     (145182 2052 222 0) 136.0 (0.0018863678 0.0017566681) 0.125000 0.000208 7.6e-02 7.6e-02 (0.0022621155 0.0024337769) 1.6e-05 1.0e-05 0 1 1 0 1 0 1 bwd_weight conv2d_host_validation_f16_bwd_CHECK_ISSUE_127_8 (11 of 107)
147456     (145250 1980 226 0) 42.0 (-0.0048484802 -0.0050086975) 0.125000 0.000199 3.3e-02 3.3e-02 (-0.0048484802 -0.0050086975) 1.4e-05 1.9e-07 0 1 1 0 1 0 1 bwd_weight conv2d_host_validation_f16_bwd_CHECK_ISSUE_127_9 (12 of 107)
1024       (1017 6 1 0) 2.0 (0.0025100708 0.0025138855) 0.031250 0.000040 1.5e-03 1.5e-03 (0.0025100708 0.0025138855) 4.8e-06 1.3e-05 0 1 1 0 1 0 1 bwd_weight conv2d_host_validation_f16_bwd_CHECK_ISSUE_70_1 (13 of 107)
65536      (64578 871 87 0) 65.0 (0.0120849609 0.0125808716) 0.125000 0.000195 4.1e-02 4.1e-02 (0.0120849609 0.0125808716) 1.6e-05 1.9e-07 0 1 1 0 1 0 1 bwd_weight conv2d_host_validation_f16_bwd_CHECK_ISSUE_70_2 (14 of 107)
4096       (4069 23 4 0) 7.0 (-0.0010757446 -0.0010824203) 0.015625 0.000016 6.2e-03 6.2e-03 (-0.0010757446 -0.0010824203) 7.2e-06 6.0e-06 0 1 1 0 1 0 1 bwd_weight conv2d_host_validation_f16_bwd_CHECK_ISSUE_70_3 (15 of 107)
1024       (1022 2 0 0) 1.0 (-3.8085937500 -3.8066406250) 0.001953 0.000004 5.1e-04 5.1e-04 (-3.8085937500 -3.8066406250) 1.0e-06 1.6e-07 0 1 1 0 1 0 1 bwd_weight conv2d_host_validation_f16_bwd_CHECK_ISSUE_71_1 (16 of 107)
1024       (1019 5 0 0) 1.0 (-0.3046875000 -0.3044433594) 0.001953 0.000004 8.0e-04 8.0e-04 (-0.3046875000 -0.3044433594) 3.3e-06 8.1e-08 0 1 1 0 1 0 1 bwd_weight conv2d_host_validation_f16_bwd_CHECK_ISSUE_71_2 (17 of 107)
1024       (1021 3 0 0) 1.0 (14.5703125000 14.5781250000) 0.007812 0.000008 9.5e-04 9.5e-04 (-0.0640869141 -0.0640258789) 2.4e-06 5.7e-08 0 1 1 0 1 0 1 bwd_weight conv2d_host_validation_f16_bwd_CHECK_ISSUE_71_3 (18 of 107)
1024       (1016 7 1 0) 3.0 (0.0150222778 0.0149993896) 0.015625 0.000019 1.5e-03 1.5e-03 (0.0150222778 0.0149993896) 5.9e-06 7.5e-06 0 1 1 0 1 0 1 bwd_weight conv2d_host_validation_f16_bwd_CHECK_ISSUE_71_4 (19 of 107)
12845056   (12826487 17278 1291 0) 84.0 (-0.0000203252 -0.0000253320) 0.015625 0.000001 4.0e+00 5.2e-03 (0.0014667511 0.0014743805) 2.2e-06 2.2e-06 0 0 0 0 0 1 0 fwd conv2d_host_validation_f16_CHECK_RESNET101_NCHW_CONFIG1_FWD_f16 (20 of 107)
12845056   (12827383 16439 1234 0) 71.0 (-0.0000749230 -0.0000706911) 0.015625 0.000001 1.6e+01 4.1e-03 (0.0016317368 0.0016384125) 3.4e-06 2.2e-06 0 0 0 0 0 1 0 fwd conv2d_host_validation_f16_CHECK_RESNET101_NCHW_CONFIG2_FWD_f16 (21 of 107)
25690112   (25653017 34537 2558 0) 82.0 (-0.0000290871 -0.0000241995) 0.015625 0.000001 3.4e+00 3.3e-03 (0.0011444092 0.0011405945) 1.8e-06 2.2e-06 0 0 0 0 0 1 0 bwd_data conv2d_host_validation_f16_CHECK_RESNET101_NCHW_CONFIG8_BWD_f16 (22 of 107)
102760448  (102691710 64676 4062 0) 22.0 (-0.0000727177 -0.0000740290) 0.007812 0.000000 4.0e+00 1.8e-03 (-0.0010757446 -0.0010776520) 8.2e-07 1.4e-06 0 0 0 0 0 1 0 fwd conv2d_host_validation_f16_CHECK_RESNET101_NCHW_CONFIG8_FWD_f16 (23 of 107)
16384      (16050 301 33 0) 68.0 (-0.0065727234 -0.0063133240) 0.125000 0.000400 3.9e-02 3.9e-02 (-0.0065727234 -0.0063133240) 2.0e-05 4.0e-06 0 0 0 0 0 1 0 bwd_weight conv2d_host_validation_f16_CHECK_RESNET101_NCHW_CONFIG8_WRW_f16 (24 of 107)
12845056   (12826215 17540 1301 0) 50.0 (0.0000108480 0.0000138283) 0.015625 0.000001 1.4e+01 3.7e-03 (0.0015602112 0.0015659332) 2.9e-06 2.1e-06 0 0 0 0 0 1 0 fwd conv2d_host_validation_f16_CHECK_RESNET101_NHWC_CONFIG1_FWD_f16 (25 of 107)
12845056   (12827440 16463 1153 0) 64.0 (-0.0000878572 -0.0000840425) 0.015625 0.000001 8.7e-01 3.8e-03 (-0.0012445450 -0.0012397766) 1.5e-06 2.1e-06 0 0 0 0 0 1 0 fwd conv2d_host_validation_f16_CHECK_RESNET101_NHWC_CONFIG2_FWD_f16 (26 of 107)
25690112   (25652690 34865 2557 0) 62.0 (0.0000438690 0.0000401735) 0.015625 0.000001 7.0e+00 5.1e-03 (-0.0011148453 -0.0011205673) 2.3e-06 2.2e-06 0 0 0 0 0 1 0 bwd_data conv2d_host_validation_f16_CHECK_RESNET101_NHWC_CONFIG8_BWD_f16 (27 of 107)
102760448  (102691642 64618 4188 0) 16.0 (0.0000696182 0.0000686646) 0.007812 0.000000 3.0e+00 1.8e-03 (-0.0010576248 -0.0010595322) 7.2e-07 7.9e-07 0 0 0 0 0 1 0 fwd conv2d_host_validation_f16_CHECK_RESNET101_NHWC_CONFIG8_FWD_f16 (28 of 107)
16384      (16078 280 26 0) 33.0 (0.0066719055 0.0067977905) 0.250000 0.000406 1.9e-02 1.9e-02 (0.0066719055 0.0067977905) 1.9e-05 1.3e-05 0 0 0 0 0 1 0 bwd_weight conv2d_host_validation_f16_CHECK_RESNET101_NHWC_CONFIG8_WRW_f16 (29 of 107)
4194304    (4193991 313 0 0) 1.0 (-0.0010433197 -0.0010423660) 0.000977 0.000000 3.6e-02 9.7e-04 (-0.0019569397 -0.0019588470) 6.5e-08 5.4e-07 0 1 1 0 1 0 1 fwd conv2d_host_validation_f16_fwd_CHECK_FILTER1_f16 (30 of 107)
4194304    (4194063 241 0 0) 1.0 (-0.1099853516 -0.1099243164) 0.000977 0.000000 4.5e-02 9.8e-04 (0.0625000000 0.0625610352) 5.3e-08 3.9e-07 0 1 1 0 1 0 1 fwd conv2d_host_validation_f16_fwd_CHECK_FILTER2_f16 (31 of 107)
16777216   (16774860 2347 9 0) 3.0 (0.0000513792 0.0000515580) 0.001953 0.000000 4.2e-02 9.8e-04 (0.0312500000 0.0312805176) 1.1e-07 6.6e-07 0 1 1 0 1 0 1 fwd conv2d_host_validation_f16_fwd_CHECK_ISSUE_114_1_f16 (32 of 107)
16777216   (16774867 2340 9 0) 2.0 (0.0000184774 0.0000185966) 0.001953 0.000000 5.9e-02 9.8e-04 (0.0078125000 0.0078201294) 1.1e-07 7.4e-07 0 1 1 0 1 0 1 fwd conv2d_host_validation_f16_fwd_CHECK_ISSUE_114_2_f16 (33 of 107)
4194304    (4193665 637 2 0) 2.0 (0.0000398159 0.0000396967) 0.001953 0.000000 1.2e-01 9.7e-04 (2.0039062500 2.0058593750) 1.5e-07 5.2e-07 0 1 1 0 1 0 1 fwd conv2d_host_validation_f16_fwd_CHECK_ISSUE_114_3_f16 (34 of 107)
4194304    (4193738 566 0 0) 1.0 (-0.0011978149 -0.0011968613) 0.001953 0.000000 1.8e-02 9.7e-04 (0.0078582764 0.0078506470) 1.1e-07 5.8e-07 0 1 1 0 1 0 1 fwd conv2d_host_validation_f16_fwd_CHECK_ISSUE_114_4_f16 (35 of 107)
16777216   (16774658 2548 10 0) 3.0 (-0.0000332594 -0.0000334382) 0.001953 0.000000 1.0e-01 9.8e-04 (-0.0078125000 -0.0078201294) 1.3e-07 7.2e-07 0 1 1 0 1 0 1 fwd conv2d_host_validation_f16_fwd_CHECK_ISSUE_114_5_f16 (36 of 107)
16777216   (16774788 2418 10 0) 2.0 (0.0001106262 0.0001107454) 0.001953 0.000000 2.3e-02 9.8e-04 (-0.0039062500 -0.0039100647) 1.1e-07 7.4e-07 0 1 1 0 1 0 1 fwd conv2d_host_validation_f16_fwd_CHECK_ISSUE_114_6_f16 (37 of 107)
4194304    (4193753 551 0 0) 1.0 (-0.4238281250 -0.4240722656) 0.001953 0.000000 1.8e-02 9.7e-04 (-0.0313110352 -0.0313415527) 1.1e-07 8.1e-07 0 1 1 0 1 0 1 fwd conv2d_host_validation_f16_fwd_CHECK_ISSUE_114_7_f16 (38 of 107)
4194304    (4193707 595 2 0) 2.0 (0.0000150204 0.0000151396) 0.000977 0.000000 8.3e-02 9.7e-04 (-0.0313720703 -0.0314025879) 1.3e-07 6.0e-07 0 1 1 0 1 0 1 fwd conv2d_host_validation_f16_fwd_CHECK_ISSUE_114_8_f16 (39 of 107)
12845056   (12792578 48273 4205 0) 552.0 (-0.0000314713 0.0000014305) 0.125000 0.000010 4.6e+00 2.6e-02 (0.0010795593 0.0010519028) 5.5e-06 1.1e-06 0 1 1 0 1 0 1 fwd conv2d_host_validation_f16_fwd_CHECK_ISSUE_127_11_f16 (40 of 107)
12845056   (12794229 46929 3898 0) 640.0 (-0.0000480413 -0.0000098944) 0.031250 0.000010 7.2e+00 3.0e-02 (0.0013141632 0.0013542175) 5.1e-06 1.1e-06 0 1 1 0 1 0 1 fwd conv2d_host_validation_f16_fwd_CHECK_ISSUE_127_12_f16 (41 of 107)
12845056   (12796705 44609 3742 0) 349.0 (-0.0000087023 0.0000120997) 0.125000 0.000009 2.4e+00 3.2e-02 (-0.0011157990 -0.0011520386) 4.9e-06 1.0e-06 0 1 1 0 1 0 1 fwd conv2d_host_validation_f16_fwd_CHECK_ISSUE_127_13_f16 (42 of 107)
12845056   (12792036 48868 4152 0) 472.0 (0.0000683665 0.0000402331) 0.062500 0.000010 3.4e+00 2.8e-02 (0.0020141602 0.0020713806) 5.4e-06 1.2e-06 0 1 1 0 1 0 1 fwd conv2d_host_validation_f16_fwd_CHECK_ISSUE_127_14_f16 (43 of 107)
12845056   (12791744 49072 4240 0) 430.0 (-0.0000657439 -0.0000401139) 0.062500 0.000011 3.4e+00 2.6e-02 (-0.0011882782 -0.0011577606) 5.3e-06 1.2e-06 0 1 1 0 1 0 1 fwd conv2d_host_validation_f16_fwd_CHECK_ISSUE_127_1_f16 (44 of 107)
6422528    (6385844 33777 2907 0) 743.0 (0.0000804663 0.0000361800) 0.062500 0.000021 1.2e+01 5.3e-02 (0.0010461807 0.0011014938) 9.2e-06 1.0e-06 0 1 1 0 1 0 1 fwd conv2d_host_validation_f16_fwd_CHECK_ISSUE_127_2_f16 (45 of 107)
25690112   (25612422 71863 5827 0) 384.0 (-0.0001120567 -0.0001349449) 0.031250 0.000005 5.0e+00 2.2e-02 (0.0012283325 0.0012016296) 3.8e-06 3.2e-06 0 1 1 0 1 0 1 fwd conv2d_host_validation_f16_fwd_CHECK_ISSUE_127_3_f16 (46 of 107)
12845056   (12791493 49412 4151 0) 358.0 (-0.0000821352 -0.0001034737) 0.031250 0.000011 1.3e+01 2.6e-02 (-0.0014915466 -0.0014533997) 6.4e-06 4.3e-06 0 1 1 0 1 0 1 fwd conv2d_host_validation_f16_fwd_CHECK_ISSUE_127_4_f16 (47 of 107)
12845056   (12793686 47319 4051 0) 396.0 (-0.0001314878 -0.0001078844) 0.062500 0.000010 6.1e+01 4.1e-02 (0.0010604858 0.0010166168) 1.0e-05 3.9e-06 0 1 1 0 1 0 1 fwd conv2d_host_validation_f16_fwd_CHECK_ISSUE_127_5_f16 (48 of 107)
7372800    (7367591 4867 342 0) 18.0 (-0.0000601411 -0.0000590682) 0.007812 0.000000 4.4e-01 1.8e-03 (0.0010890961 0.0010871887) 8.0e-07 1.5e-06 0 1 1 0 1 0 1 fwd conv2d_host_validation_f16_fwd_CHECK_ISSUE_40_1_f16 (49 of 107)
3440640    (3437032 3390 218 0) 31.0 (0.0000249147 0.0000230670) 0.007812 0.000001 1.4e-01 1.9e-03 (-0.0019950867 -0.0019989014) 1.1e-06 2.0e-06 0 1 1 0 1 0 1 fwd conv2d_host_validation_f16_fwd_CHECK_ISSUE_40_2_f16 (50 of 107)
6422528    (6410857 10846 825 0) 98.0 (0.0000649691 0.0000591278) 0.015625 0.000002 3.3e-01 4.8e-03 (0.0019741058 0.0019645691) 1.9e-06 2.7e-06 0 1 1 0 1 0 1 fwd conv2d_host_validation_f16_fwd_CHECK_ISSUE_40_3_f16 (51 of 107)
14745600   (14727128 17215 1257 0) 80.0 (-0.0000644922 -0.0000692606) 0.007812 0.000001 3.4e-01 4.2e-03 (0.0013723373 0.0013666153) 1.3e-06 2.0e-06 0 1 1 0 1 0 1 fwd conv2d_host_validation_f16_fwd_CHECK_ISSUE_40_4_f16 (52 of 107)
6881280    (6874657 6179 444 0) 33.0 (0.0000742078 0.0000761747) 0.007812 0.000001 3.0e-01 1.9e-03 (-0.0010280609 -0.0010261536) 1.0e-06 1.9e-06 0 1 0 0 0 0 1 fwd conv2d_host_validation_f16_fwd_CHECK_ISSUE_40_5_f16 (53 of 107)
1048576    (1047253 1236 87 0) 34.0 (-0.0001671314 -0.0001630783) 0.007812 0.000001 2.1e-01 1.8e-03 (-0.0010461807 -0.0010442734) 1.4e-06 2.3e-06 0 1 1 0 1 0 1 fwd conv2d_host_validation_f16_fwd_CHECK_ISSUE_41_10_f16 (54 of 107)
12845056   (12836080 8389 587 0) 30.0 (0.0001007318 0.0001025200) 0.007812 0.000000 2.0e+00 1.7e-03 (0.0011157990 0.0011177063) 9.1e-07 1.5e-06 0 1 1 0 1 0 1 fwd conv2d_host_validation_f16_fwd_CHECK_ISSUE_41_11_f16 (55 of 107)
9437184    (9425138 11202 844 0) 50.0 (-0.0000236034 -0.0000206232) 0.015625 0.000001 4.0e+00 3.1e-03 (0.0012474060 0.0012512207) 1.9e-06 2.2e-06 0 1 1 0 1 0 1 fwd conv2d_host_validation_f16_fwd_CHECK_ISSUE_41_12_f16 (56 of 107)
921600     (920942 610 48 0) 20.0 (0.0000391603 0.0000403523) 0.003906 0.000000 4.4e-02 9.7e-04 (-2.0039062500 -2.0019531250) 7.2e-07 1.8e-06 0 1 1 0 1 0 1 fwd conv2d_host_validation_f16_fwd_CHECK_ISSUE_41_2_f16 (57 of 107)
1605632    (1604550 1012 70 0) 12.0 (-0.0000274777 -0.0000281930) 0.007812 0.000000 1.4e-01 9.7e-04 (0.1253662109 0.1254882812) 8.6e-07 1.7e-06 0 1 1 0 1 0 1 fwd conv2d_host_validation_f16_fwd_CHECK_ISSUE_41_3_f16 (58 of 107)
200704     (200557 142 5 0) 7.0 (-0.0001950264 -0.0001958609) 0.007812 0.000000 4.3e-03 9.7e-04 (0.2504882812 0.2507324219) 5.5e-07 2.5e-06 0 1 1 0 1 0 1 fwd conv2d_host_validation_f16_fwd_CHECK_ISSUE_41_4_f16 (59 of 107)
1605632    (1603947 1565 120 0) 20.0 (0.0001163483 0.0001175404) 0.007812 0.000001 5.9e-02 1.9e-03 (-0.0010299683 -0.0010318756) 9.4e-07 2.4e-06 0 1 1 0 1 0 1 fwd conv2d_host_validation_f16_fwd_CHECK_ISSUE_41_5_f16 (60 of 107)
802816     (802239 541 36 0) 12.0 (0.0000984669 0.0000977516) 0.007812 0.000000 1.6e-02 9.8e-04 (-0.0312805176 -0.0312500000) 6.1e-07 2.0e-06 0 1 1 0 1 0 1 fwd conv2d_host_validation_f16_fwd_CHECK_ISSUE_41_6_f16 (61 of 107)
4194304    (4191469 2677 158 0) 12.0 (0.0000120401 0.0000127554) 0.003906 0.000000 2.0e+00 9.8e-04 (0.0312500000 0.0312805176) 1.2e-06 1.6e-06 0 1 1 0 1 0 1 fwd conv2d_host_validation_f16_fwd_CHECK_ISSUE_41_7_f16 (62 of 107)
3211264    (3207265 3737 262 0) 54.0 (0.0000103116 0.0000070930) 0.007812 0.000001 5.0e+00 2.7e-03 (0.0010490417 0.0010519028) 3.1e-06 2.0e-06 0 1 1 0 1 0 1 fwd conv2d_host_validation_f16_fwd_CHECK_ISSUE_41_8_f16 (63 of 107)
2359296    (2357590 1614 92 0) 14.0 (-0.0000630021 -0.0000638366) 0.007812 0.000000 5.6e-02 9.8e-04 (-0.1251220703 -0.1252441406) 6.6e-07 1.8e-06 0 1 1 0 1 0 1 fwd conv2d_host_validation_f16_fwd_CHECK_ISSUE_41_9_f16 (64 of 107)
25690112   (25616787 67932 5393 0) 234.0 (0.0000314713 0.0000454187) 0.031250 0.000005 1.4e+01 1.7e-02 (0.0012216568 0.0012006760) 4.5e-06 3.2e-06 0 1 1 0 1 0 1 fwd conv2d_host_validation_f16_fwd_CHECK_KCYX_NCHW_NKHW1_f16 (65 of 107)
3686400    (3684653 1659 88 0) 8.0 (-0.0000348091 -0.0000343323) 0.003906 0.000000 6.2e-02 9.8e-04 (-0.0312500000 -0.0312805176) 4.7e-07 1.4e-06 0 1 1 0 1 0 1 fwd conv2d_host_validation_f16_fwd_CHECK_KCYX_NCHW_NKHW2_f16 (66 of 107)
409600     (409425 171 4 0) 3.0 (0.0000923276 0.0000921488) 0.003906 0.000000 6.2e-02 9.7e-04 (-2.0097656250 -2.0117187500) 4.9e-07 1.2e-06 0 1 1 0 1 0 1 fwd conv2d_host_validation_f16_fwd_CHECK_KCYX_NCHW_NKHW3_f16 (67 of 107)
147456     (147391 63 2 0) 4.0 (0.0000033975 0.0000036359) 0.003906 0.000000 7.0e-02 9.5e-04 (1.0234375000 1.0224609375) 7.8e-07 1.8e-06 0 1 1 0 1 0 1 fwd conv2d_host_validation_f16_fwd_CHECK_KCYX_NCHW_NKHW4_f16 (68 of 107)
102400     (102352 47 1 0) 2.0 (-0.0000280142 -0.0000281334) 0.003906 0.000000 4.3e-03 9.7e-04 (-0.0313720703 -0.0313415527) 3.7e-07 2.1e-06 0 1 1 0 1 0 1 fwd conv2d_host_validation_f16_fwd_CHECK_KCYX_NCHW_NKHW5_f16 (69 of 107)
15745024   (15738381 6349 294 0) 6.0 (-0.0000529289 -0.0000532866) 0.003906 0.000000 1.4e-01 9.8e-04 (-1.0000000000 -1.0009765625) 4.3e-07 1.2e-06 0 1 1 0 1 0 1 fwd conv2d_host_validation_f16_fwd_CHECK_KCYX_NCHW_NKHW6_f16 (70 of 107)
13778944   (13765156 12894 894 0) 20.0 (0.0001883507 0.0001859665) 0.007812 0.000001 3.6e-01 2.8e-03 (0.0010261536 0.0010290146) 1.0e-06 2.0e-06 0 1 1 0 1 0 1 fwd conv2d_host_validation_f16_fwd_CHECK_KCYX_NCHW_NKHW7_f16 (71 of 107)
25690112   (25616431 68058 5623 0) 398.0 (0.0000844002 0.0000606775) 0.250000 0.000005 7.0e+00 1.9e-02 (-0.0010709763 -0.0010509491) 4.3e-06 5.3e-07 0 1 1 0 1 0 1 fwd conv2d_host_validation_f16_fwd_CHECK_KYXC_NHWC_NHWK1_f16 (72 of 107)
3686400    (3684784 1538 78 0) 8.0 (-0.0001082420 -0.0001077652) 0.003906 0.000000 8.3e-02 9.8e-04 (0.0019550323 0.0019531250) 4.2e-07 1.3e-06 0 1 1 0 1 0 1 fwd conv2d_host_validation_f16_fwd_CHECK_KYXC_NHWC_NHWK2_f16 (73 of 107)
409600     (409410 177 13 0) 6.0 (-0.0001142025 -0.0001138449) 0.003906 0.000000 6.2e-02 9.7e-04 (0.0626831055 0.0627441406) 5.7e-07 1.2e-06 0 1 1 0 1 0 1 fwd conv2d_host_validation_f16_fwd_CHECK_KYXC_NHWC_NHWK3_f16 (74 of 107)
147456     (147401 53 2 0) 14.0 (0.0001181364 0.0001173019) 0.001953 0.000000 7.1e-03 9.6e-04 (-0.5063476562 -0.5068359375) 3.2e-07 1.2e-06 0 1 1 0 1 0 1 fwd conv2d_host_validation_f16_fwd_CHECK_KYXC_NHWC_NHWK4_f16 (75 of 107)
102400     (102349 50 1 0) 4.0 (0.0000882149 0.0000884533) 0.003906 0.000000 2.7e-03 9.4e-04 (0.0010175705 0.0010166168) 3.7e-07 2.2e-06 0 1 1 0 1 0 1 fwd conv2d_host_validation_f16_fwd_CHECK_KYXC_NHWC_NHWK5_f16 (76 of 107)
15745024   (15738450 6259 315 0) 10.0 (0.0000276566 0.0000270605) 0.003906 0.000000 1.0e+00 9.8e-04 (-0.0312500000 -0.0312805176) 5.2e-07 1.1e-06 0 1 1 0 1 0 1 fwd conv2d_host_validation_f16_fwd_CHECK_KYXC_NHWC_NHWK6_f16 (77 of 107)
13778944   (13765171 12867 906 0) 48.0 (0.0000757575 0.0000728965) 0.007812 0.000001 8.3e-01 2.4e-03 (-0.0012121201 -0.0012149811) 1.1e-06 1.9e-06 0 1 1 0 1 0 1 fwd conv2d_host_validation_f16_fwd_CHECK_KYXC_NHWC_NHWK7_f16 (78 of 107)
802816     (802509 297 10 0) 7.0 (0.0000654459 0.0000650287) 0.003906 0.000000 6.4e-03 9.6e-04 (-0.2536621094 -0.2539062500) 2.9e-07 1.5e-06 0 1 1 0 1 0 1 fwd conv2d_host_validation_f16_fwd_CHECK_PADDING1_f16 (79 of 107)
802816     (802463 335 18 0) 9.0 (0.0000588894 0.0000594258) 0.003906 0.000000 3.3e-02 9.7e-04 (0.0039291382 0.0039329529) 4.6e-07 1.5e-06 0 1 1 0 1 0 1 fwd conv2d_host_validation_f16_fwd_CHECK_PADDING2_f16 (80 of 107)
2048       (2046 2 0 0) 1.0 (0.4033203125 0.4035644531) 0.000244 0.000000 7.8e-04 7.8e-04 (-0.0049171448 -0.0049209595) 6.7e-07 6.8e-07 0 1 1 0 1 0 1 fwd conv2d_host_validation_f16_fwd_CHECK_PADDING3_f16 (81 of 107)
205520896  (205382894 129594 8408 0) 20.0 (-0.0000202656 -0.0000190735) 0.007812 0.000000 1.5e+00 1.8e-03 (-0.0010490417 -0.0010471344) 7.5e-07 1.5e-06 0 1 0 0 1 0 1 fwd conv2d_host_validation_f32_fwd_GROUP_NCHW_f16 (82 of 107)
51380224   (51345993 32134 2097 0) 16.0 (0.0000092983 0.0000083447) 0.007812 0.000000 7.5e-01 1.6e-03 (0.0012264252 0.0012245178) 7.4e-07 1.5e-06 1 0 0 0 0 1 0 fwd conv2d_host_validation_random_CHECK_KCYX_NCHW_NKHW_5_f16 (83 of 107)
51380224   (51345402 32730 2092 0) 17.0 (-0.0001056790 -0.0001066923) 0.007812 0.000000 1.5e+00 1.6e-03 (0.0011825562 0.0011806488) 7.7e-07 1.4e-06 1 0 0 0 0 1 0 fwd conv2d_host_validation_random_CHECK_KCYX_NCHW_NKHW_6_f16 (84 of 107)
47775744   (47672025 96135 7584 0) 152.0 (-0.0000473261 -0.0000382662) 0.031250 0.000003 2.3e+00 1.3e-02 (-0.0010671616 -0.0010805130) 2.6e-06 2.8e-06 1 0 0 0 0 1 0 fwd conv2d_host_validation_random_CHECK_KCYX_NCHW_NKHW_7_f16 (85 of 107)
51380224   (51269473 102792 7959 0) 212.0 (0.0001128316 0.0001001954) 0.015625 0.000003 2.7e+00 1.3e-02 (-0.0010671616 -0.0010528564) 2.6e-06 2.8e-06 1 0 0 0 0 1 0 fwd conv2d_host_validation_random_CHECK_KCYX_NCHW_NKHW_8_f16 (86 of 107)
16777216   (16774806 2397 13 0) 2.0 (0.0001040697 0.0001039505) 0.001953 0.000000 1.1e-01 9.8e-04 (-0.0156250000 -0.0156402588) 1.3e-07 5.9e-07 1 0 0 0 0 1 0 fwd conv2d_host_validation_random_CHECK_KYXC_NHWC_NHWK_4_f16 (87 of 107)
16777216   (16774724 2481 11 0) 3.0 (0.0000425577 0.0000427365) 0.001953 0.000000 1.7e-01 9.8e-04 (-0.0078125000 -0.0078201294) 1.3e-07 6.4e-07 1 0 0 0 0 1 0 fwd conv2d_host_validation_random_CHECK_KYXC_NHWC_NHWK_5_f16 (88 of 107)
25690112   (25616591 68137 5384 0) 346.0 (-0.0000699759 -0.0000493526) 0.031250 0.000005 4.2e+00 1.5e-02 (0.0013799667 0.0013999939) 3.6e-06 3.4e-06 1 0 1 0 0 1 0 fwd conv2d_host_validation_random_CHECK_RAND_FLOAT_2_f16 (89 of 107)
205520896  (205383058 129457 8381 0) 23.0 (0.0000603199 0.0000616908) 0.007812 0.000000 5.5e+00 1.9e-03 (0.0010280609 0.0010299683) 8.4e-07 8.5e-07 1 0 0 0 0 1 0 fwd conv2d_host_validation_random_GROUP_NHWC_f16 (90 of 107)
30720      (30690 27 3 0) 2.0 (0.0000857115 0.0000858307) 0.001953 0.000000 1.4e-03 9.5e-04 (-0.0321655273 -0.0321960449) 6.8e-07 1.5e-06 0 1 0 0 1 0 1 fwd padding_kernel_all_fwd_CHECK_RESNET50_CONFIG2_f16 (91 of 107)
30720      (30694 26 0 0) 1.0 (0.2224121094 0.2225341797) 0.007812 0.000001 9.4e-04 9.2e-04 (-0.5322265625 -0.5317382812) 6.1e-07 3.2e-06 0 1 0 0 1 0 1 fwd padding_kernel_all_fwd_CHECK_RESNET50_CONFIG4_f16 (92 of 107)
882        (877 5 0 0) 1.0 (-0.0958251953 -0.0957641602) 0.000488 0.000001 9.1e-04 9.1e-04 (-0.0334472656 -0.0334167480) 3.6e-06 2.3e-07 0 1 0 0 1 0 1 bwd_weight padding_kernel_all_wrw_CHECK_RESNET50_CONFIG2_f16 (93 of 107)
882        (879 3 0 0) 1.0 (-1.0332031250 -1.0341796875) 0.000977 0.000002 9.6e-04 9.6e-04 (0.5107421875 0.5102539062) 2.9e-06 5.8e-07 0 1 0 0 1 0 1 bwd_weight padding_kernel_all_wrw_CHECK_RESNET50_CONFIG4_f16 (94 of 107)
205520896  (205300663 205593 14640 0) 44.0 (-0.0000889897 -0.0000863671) 0.007812 0.000001 6.0e+00 3.5e-03 (0.0010938644 0.0010976791) 1.3e-06 1.9e-06 0 1 1 0 1 0 1 fwd padding_kernel_gemmK_CHECK_RESNET50_F16_CONFIG1 (95 of 107)
205520896  (205300285 205979 14632 0) 52.0 (-0.0000698566 -0.0000667572) 0.015625 0.000001 5.0e+00 3.4e-03 (-0.0011138916 -0.0011100769) 1.3e-06 1.9e-06 0 1 1 0 1 0 1 fwd padding_kernel_gemmK_CHECK_RESNET50_F16_CONFIG2 (96 of 107)
205520896  (205298702 207496 14698 0) 70.0 (-0.0001184940 -0.0001226664) 0.015625 0.000001 1.7e+01 3.5e-03 (0.0010938644 0.0010976791) 1.3e-06 1.8e-06 0 1 1 0 1 0 1 fwd padding_kernel_gemmK_CHECK_RESNET50_F16_CONFIG4 (97 of 107)
9408       (8950 398 60 0) 61.0 (-0.1206665039 -0.1243896484) 1.000000 0.003323 3.1e-02 3.1e-02 (-0.1206665039 -0.1243896484) 4.9e-05 2.7e-05 0 1 1 0 1 0 1 bwd_weight padding_kernel_gemmN_CHECK_RESNET50_CONFIG2 (98 of 107)
9408       (8942 408 58 0) 1579.0 (-0.0033550262 -0.0063667297) 0.500000 0.003872 9.0e-01 9.0e-01 (-0.0033550262 -0.0063667297) 1.5e-04 2.5e-05 0 1 1 0 1 0 1 bwd_weight padding_kernel_gemmN_CHECK_RESNET50_CONFIG4 (99 of 107)
6422528    (6403323 17752 1453 0) 188.0 (0.0000693202 0.0000805259) 0.031250 0.000005 3.7e-01 1.3e-02 (-0.0010623932 -0.0010757446) 3.2e-06 3.4e-06 0 0 0 0 1 0 1 fwd Resnet50_validation_nchw_CHECK_NCHW_1_f16 (100 of 107)
25690112   (25664448 23960 1704 0) 34.0 (-0.0000691414 -0.0000671148) 0.007812 0.000001 7.0e-01 2.3e-03 (0.0012435913 0.0012407303) 1.1e-06 1.9e-06 0 0 0 0 1 0 1 fwd Resnet50_validation_nchw_CHECK_NCHW_2_f16 (101 of 107)
147456     (145202 2055 199 0) 188.0 (-0.0006675720 -0.0007572174) 0.125000 0.000195 1.3e-01 4.5e-02 (0.0026569366 0.0025367737) 1.7e-05 1.9e-07 0 0 0 0 1 0 1 bwd_weight Resnet50_validation_nchw_CHECK_NCHW_3_f16 (102 of 107)
65536      (64559 885 92 0) 280.0 (0.0009126663 0.0010461807) 0.250000 0.000213 1.5e-01 7.3e-02 (-0.0060958862 -0.0056495667) 1.9e-05 8.0e-06 0 0 0 0 1 0 1 bwd_weight Resnet50_validation_nchw_CHECK_NCHW_4_f16 (103 of 107)
6422528    (6403562 17508 1458 0) 370.0 (-0.0000272989 -0.0000493526) 0.125000 0.000005 1.3e+00 2.9e-02 (-0.0015010834 -0.0014572144) 3.7e-06 1.3e-06 0 0 0 0 1 0 1 fwd Resnet50_validation_nhwc_CHECK_NHWC_1_f16 (104 of 107)
25690112   (25664350 24054 1708 0) 32.0 (0.0001147985 0.0001167059) 0.007812 0.000001 8.3e-01 2.2e-03 (0.0012941360 0.0012969971) 1.1e-06 6.7e-07 0 0 0 0 1 0 1 fwd Resnet50_validation_nhwc_CHECK_NHWC_2_f16 (105 of 107)
147456     (145385 1910 161 0) 169.0 (0.0017347336 0.0018959045) 16.000000 0.000319 9.3e-02 9.3e-02 (0.0017347336 0.0018959045) 1.4e-05 2.5e-06 0 0 0 0 1 0 1 bwd_weight Resnet50_validation_nhwc_CHECK_NHWC_3_f16 (106 of 107)
65536      (64541 885 110 0) 913.0 (-0.0001379251 -0.0002467632) 0.125000 0.000213 7.9e-01 1.0e-01 (0.0016317368 0.0014619827) 3.2e-05 1.1e-05 0 0 0 0 1 0 1 bwd_weight Resnet50_validation_nhwc_CHECK_NHWC_4_f16 (107 of 107)
