25690112   (25684456 5656 0 0) 1.0 (9192.0000000000 9184.0000000000) 8.000000 0.001761 9.3e-04 9.3e-04 (8648.0000000000 8656.0000000000) 1.9e-07 1.1e-05 1 0 0 0 0 1 0 fwd conv2d_harness_cpu_verifier_kyxc_nhwc_nhwk_f16_E2E_f16 (1 of 107)
802816     (802765 51 0 0) 1.0 (576.5000000000 576.0000000000) 0.500000 0.000028 9.8e-04 9.8e-04 (512.0000000000 512.5000000000) 5.1e-08 4.9e-06 0 1 1 0 1 0 1 bwd_data conv2d_host_validation_f16_bwd_CHECK_BWD_DATA1 (2 of 107)
4096       (4096 0 0 0) 0.0 (0.0000000000 0.0000000000) 0.000000 0.000000 0.0e+00 0.0e+00 (0.0000000000 0.0000000000) 0.0e+00 0.0e+00 0 1 1 0 1 0 1 bwd_weight conv2d_host_validation_f16_bwd_CHECK_BWD_WEIGHT1 (3 of 107)
147456     (147456 0 0 0) 0.0 (0.0000000000 0.0000000000) 0.000000 0.000000 0.0e+00 0.0e+00 (0.0000000000 0.0000000000) 0.0e+00 0.0e+00 0 1 1 0 1 0 1 bwd_weight conv2d_host_validation_f16_bwd_CHECK_ISSUE_127_10 (4 of 107)
294912     (294912 0 0 0) 0.0 (0.0000000000 0.0000000000) 0.000000 0.000000 0.0e+00 0.0e+00 (0.0000000000 0.0000000000) 0.0e+00 0.0e+00 0 1 1 0 1 0 1 bwd_weight conv2d_host_validation_f16_bwd_CHECK_ISSUE_127_15 (5 of 107)
589824     (589824 0 0 0) 0.0 (0.0000000000 0.0000000000) 0.000000 0.000000 0.0e+00 0.0e+00 (0.0000000000 0.0000000000) 0.0e+00 0.0e+00 0 1 1 0 1 0 1 bwd_weight conv2d_host_validation_f16_bwd_CHECK_ISSUE_127_16 (6 of 107)
1179648    (1179535 113 0 0) 1.0 (48480.0000000000 48512.0000000000) 32.000000 0.003065 7.8e-04 7.8e-04 (40864.0000000000 40896.0000000000) 6.6e-08 5.4e-06 0 1 1 0 1 0 1 bwd_weight conv2d_host_validation_f16_bwd_CHECK_ISSUE_127_17 (7 of 107)
147456     (147456 0 0 0) 0.0 (0.0000000000 0.0000000000) 0.000000 0.000000 0.0e+00 0.0e+00 (0.0000000000 0.0000000000) 0.0e+00 0.0e+00 0 1 1 0 1 0 1 bwd_weight conv2d_host_validation_f16_bwd_CHECK_ISSUE_127_18 (8 of 107)
2097152    (2096844 308 0 0) 1.0 (28272.0000000000 28256.0000000000) 16.000000 0.002350 5.8e-04 5.8e-04 (27504.0000000000 27488.0000000000) 8.3e-08 6.6e-06 0 1 1 0 1 0 1 bwd_weight conv2d_host_validation_f16_bwd_CHECK_ISSUE_127_6 (9 of 107)
262144     (262144 0 0 0) 0.0 (0.0000000000 0.0000000000) 0.000000 0.000000 0.0e+00 0.0e+00 (0.0000000000 0.0000000000) 0.0e+00 0.0e+00 0 1 1 0 1 0 1 bwd_weight conv2d_host_validation_f16_bwd_CHECK_ISSUE_127_7 (10 of 107)
147456     (147456 0 0 0) 0.0 (0.0000000000 0.0000000000) 0.000000 0.000000 0.0e+00 0.0e+00 (0.0000000000 0.0000000000) 0.0e+00 0.0e+00 0 1 1 0 1 0 1 bwd_weight conv2d_host_validation_f16_bwd_CHECK_ISSUE_127_8 (11 of 107)
147456     (147456 0 0 0) 0.0 (0.0000000000 0.0000000000) 0.000000 0.000000 0.0e+00 0.0e+00 (0.0000000000 0.0000000000) 0.0e+00 0.0e+00 0 1 1 0 1 0 1 bwd_weight conv2d_host_validation_f16_bwd_CHECK_ISSUE_127_9 (12 of 107)
1024       (1024 0 0 0) 0.0 (0.0000000000 0.0000000000) 0.000000 0.000000 0.0e+00 0.0e+00 (0.0000000000 0.0000000000) 0.0e+00 0.0e+00 0 1 1 0 1 0 1 bwd_weight conv2d_host_validation_f16_bwd_CHECK_ISSUE_70_1 (13 of 107)
65536      (65536 0 0 0) 0.0 (0.0000000000 0.0000000000) 0.000000 0.000000 0.0e+00 0.0e+00 (0.0000000000 0.0000000000) 0.0e+00 0.0e+00 0 1 1 0 1 0 1 bwd_weight conv2d_host_validation_f16_bwd_CHECK_ISSUE_70_2 (14 of 107)
4096       (4095 1 0 0) 1.0 (28624.0000000000 28608.0000000000) 16.000000 0.003906 5.6e-04 5.6e-04 (28624.0000000000 28608.0000000000) 1.4e-07 8.5e-06 0 1 1 0 1 0 1 bwd_weight conv2d_host_validation_f16_bwd_CHECK_ISSUE_70_3 (15 of 107)
1024       (1024 0 0 0) 0.0 (0.0000000000 0.0000000000) 0.000000 0.000000 0.0e+00 0.0e+00 (0.0000000000 0.0000000000) 0.0e+00 0.0e+00 0 1 1 0 1 0 1 bwd_weight conv2d_host_validation_f16_bwd_CHECK_ISSUE_71_1 (16 of 107)
1024       (1024 0 0 0) 0.0 (0.0000000000 0.0000000000) 0.000000 0.000000 0.0e+00 0.0e+00 (0.0000000000 0.0000000000) 0.0e+00 0.0e+00 0 1 1 0 1 0 1 bwd_weight conv2d_host_validation_f16_bwd_CHECK_ISSUE_71_2 (17 of 107)
1024       (1024 0 0 0) 0.0 (0.0000000000 0.0000000000) 0.000000 0.000000 0.0e+00 0.0e+00 (0.0000000000 0.0000000000) 0.0e+00 0.0e+00 0 1 1 0 1 0 1 bwd_weight conv2d_host_validation_f16_bwd_CHECK_ISSUE_71_3 (18 of 107)
1024       (1024 0 0 0) 0.0 (0.0000000000 0.0000000000) 0.000000 0.000000 0.0e+00 0.0e+00 (0.0000000000 0.0000000000) 0.0e+00 0.0e+00 0 1 1 0 1 0 1 bwd_weight conv2d_host_validation_f16_bwd_CHECK_ISSUE_71_4 (19 of 107)
12845056   (12843256 1800 0 0) 1.0 (2440.0000000000 2442.0000000000) 2.000000 0.000240 9.5e-04 9.5e-04 (1056.0000000000 1057.0000000000) 1.0e-07 6.9e-06 0 0 0 0 0 1 0 fwd conv2d_host_validation_f16_CHECK_RESNET101_NCHW_CONFIG1_FWD_f16 (20 of 107)
12845056   (12843183 1873 0 0) 1.0 (2652.0000000000 2650.0000000000) 2.000000 0.000212 9.7e-04 9.7e-04 (1026.0000000000 1027.0000000000) 1.0e-07 6.2e-06 0 0 0 0 0 1 0 fwd conv2d_host_validation_f16_CHECK_RESNET101_NCHW_CONFIG2_FWD_f16 (21 of 107)
25690112   (25687369 2743 0 0) 1.0 (2278.0000000000 2276.0000000000) 2.000000 0.000214 9.7e-04 9.7e-04 (2052.0000000000 2054.0000000000) 9.3e-08 7.5e-06 0 0 0 0 0 1 0 bwd_data conv2d_host_validation_f16_CHECK_RESNET101_NCHW_CONFIG8_BWD_f16 (22 of 107)
102760448  (102754906 5542 0 0) 1.0 (513.5000000000 513.0000000000) 0.500000 0.000026 9.8e-04 9.8e-04 (512.0000000000 512.5000000000) 4.4e-08 4.4e-06 0 0 0 0 0 1 0 fwd conv2d_host_validation_f16_CHECK_RESNET101_NCHW_CONFIG8_FWD_f16 (23 of 107)
16384      (16384 0 0 0) 0.0 (0.0000000000 0.0000000000) 0.000000 0.000000 0.0e+00 0.0e+00 (0.0000000000 0.0000000000) 0.0e+00 0.0e+00 0 0 0 0 0 1 0 bwd_weight conv2d_host_validation_f16_CHECK_RESNET101_NCHW_CONFIG8_WRW_f16 (24 of 107)
12845056   (12843338 1718 0 0) 1.0 (1786.0000000000 1787.0000000000) 2.000000 0.000234 9.2e-04 9.2e-04 (1092.0000000000 1093.0000000000) 9.7e-08 6.9e-06 0 0 0 0 0 1 0 fwd conv2d_host_validation_f16_CHECK_RESNET101_NHWC_CONFIG1_FWD_f16 (25 of 107)
12845056   (12843372 1684 0 0) 1.0 (2544.0000000000 2546.0000000000) 2.000000 0.000199 9.6e-04 9.6e-04 (1037.0000000000 1036.0000000000) 9.1e-08 6.0e-06 0 0 0 0 0 1 0 fwd conv2d_host_validation_f16_CHECK_RESNET101_NHWC_CONFIG2_FWD_f16 (26 of 107)
25690112   (25687369 2743 0 0) 1.0 (2384.0000000000 2382.0000000000) 2.000000 0.000213 9.7e-04 9.7e-04 (2054.0000000000 2056.0000000000) 9.3e-08 7.6e-06 0 0 0 0 0 1 0 bwd_data conv2d_host_validation_f16_CHECK_RESNET101_NHWC_CONFIG8_BWD_f16 (27 of 107)
102760448  (102754878 5570 0 0) 1.0 (503.2500000000 503.0000000000) 0.500000 0.000026 9.8e-04 9.8e-04 (512.0000000000 512.5000000000) 4.5e-08 4.3e-06 0 0 0 0 0 1 0 fwd conv2d_host_validation_f16_CHECK_RESNET101_NHWC_CONFIG8_FWD_f16 (28 of 107)
16384      (16384 0 0 0) 0.0 (0.0000000000 0.0000000000) 0.000000 0.000000 0.0e+00 0.0e+00 (0.0000000000 0.0000000000) 0.0e+00 0.0e+00 0 0 0 0 0 1 0 bwd_weight conv2d_host_validation_f16_CHECK_RESNET101_NHWC_CONFIG8_WRW_f16 (29 of 107)
4194304    (4194304 0 0 0) 0.0 (0.0000000000 0.0000000000) 0.000000 0.000000 0.0e+00 0.0e+00 (0.0000000000 0.0000000000) 0.0e+00 0.0e+00 0 1 1 0 1 0 1 fwd conv2d_host_validation_f16_fwd_CHECK_FILTER1_f16 (30 of 107)
4194304    (4194304 0 0 0) 0.0 (0.0000000000 0.0000000000) 0.000000 0.000000 0.0e+00 0.0e+00 (0.0000000000 0.0000000000) 0.0e+00 0.0e+00 0 1 1 0 1 0 1 fwd conv2d_host_validation_f16_fwd_CHECK_FILTER2_f16 (31 of 107)
16777216   (16777129 87 0 0) 1.0 (91.6875000000 91.6250000000) 0.062500 0.000000 9.7e-04 9.7e-04 (64.6875000000 64.6250000000) 3.8e-09 9.1e-07 0 1 1 0 1 0 1 fwd conv2d_host_validation_f16_fwd_CHECK_ISSUE_114_1_f16 (32 of 107)
16777216   (16777121 95 0 0) 1.0 (82.5625000000 82.6250000000) 0.062500 0.000000 9.8e-04 9.8e-04 (64.0625000000 64.0000000000) 4.0e-09 8.3e-07 0 1 1 0 1 0 1 fwd conv2d_host_validation_f16_fwd_CHECK_ISSUE_114_2_f16 (33 of 107)
4194304    (4194279 25 0 0) 1.0 (76.5625000000 76.6250000000) 0.062500 0.000000 9.8e-04 9.8e-04 (64.0625000000 64.0000000000) 4.5e-09 8.9e-07 0 1 1 0 1 0 1 fwd conv2d_host_validation_f16_fwd_CHECK_ISSUE_114_3_f16 (34 of 107)
4194304    (4194283 21 0 0) 1.0 (71.6875000000 71.7500000000) 0.062500 0.000000 9.7e-04 9.7e-04 (64.3125000000 64.3750000000) 3.7e-09 8.5e-07 0 1 1 0 1 0 1 fwd conv2d_host_validation_f16_fwd_CHECK_ISSUE_114_4_f16 (35 of 107)
16777216   (16777120 96 0 0) 1.0 (59.5000000000 59.5312500000) 0.062500 0.000000 9.7e-04 9.7e-04 (64.1875000000 64.2500000000) 4.1e-09 8.7e-07 0 1 1 0 1 0 1 fwd conv2d_host_validation_f16_fwd_CHECK_ISSUE_114_5_f16 (36 of 107)
16777216   (16777134 82 0 0) 1.0 (62.9062500000 62.9375000000) 0.062500 0.000000 9.7e-04 9.7e-04 (64.4375000000 64.3750000000) 3.6e-09 7.9e-07 0 1 1 0 1 0 1 fwd conv2d_host_validation_f16_fwd_CHECK_ISSUE_114_6_f16 (37 of 107)
4194304    (4194283 21 0 0) 1.0 (74.0625000000 74.1250000000) 0.062500 0.000000 8.8e-04 8.8e-04 (70.8125000000 70.8750000000) 3.5e-09 8.0e-07 0 1 1 0 1 0 1 fwd conv2d_host_validation_f16_fwd_CHECK_ISSUE_114_7_f16 (38 of 107)
4194304    (4194277 27 0 0) 1.0 (61.5000000000 61.5312500000) 0.062500 0.000000 9.6e-04 9.6e-04 (65.3125000000 65.3750000000) 4.9e-09 1.0e-06 0 1 1 0 1 0 1 fwd conv2d_host_validation_f16_fwd_CHECK_ISSUE_114_8_f16 (39 of 107)
12845056   (12840126 4930 0 0) 1.0 (13704.0000000000 13712.0000000000) 16.000000 0.005722 8.8e-04 8.8e-04 (9080.0000000000 9088.0000000000) 2.9e-07 1.3e-05 0 1 1 0 1 0 1 fwd conv2d_host_validation_f16_fwd_CHECK_ISSUE_127_11_f16 (40 of 107)
12845056   (12840175 4881 0 0) 1.0 (13768.0000000000 13760.0000000000) 16.000000 0.005276 9.0e-04 9.0e-04 (8848.0000000000 8840.0000000000) 2.8e-07 1.2e-05 0 1 1 0 1 0 1 fwd conv2d_host_validation_f16_fwd_CHECK_ISSUE_127_12_f16 (41 of 107)
12845056   (12840411 4645 0 0) 1.0 (13640.0000000000 13632.0000000000) 16.000000 0.004449 9.1e-04 9.1e-04 (8776.0000000000 8768.0000000000) 2.5e-07 1.1e-05 0 1 1 0 1 0 1 fwd conv2d_host_validation_f16_fwd_CHECK_ISSUE_127_13_f16 (42 of 107)
12845056   (12840042 5014 0 0) 1.0 (13648.0000000000 13656.0000000000) 16.000000 0.006036 8.8e-04 8.8e-04 (9048.0000000000 9040.0000000000) 3.0e-07 1.4e-05 0 1 1 0 1 0 1 fwd conv2d_host_validation_f16_fwd_CHECK_ISSUE_127_14_f16 (43 of 107)
12845056   (12840046 5010 0 0) 1.0 (21008.0000000000 20992.0000000000) 16.000000 0.006241 8.0e-04 8.0e-04 (19952.0000000000 19936.0000000000) 3.0e-07 1.4e-05 0 1 1 0 1 0 1 fwd conv2d_host_validation_f16_fwd_CHECK_ISSUE_127_1_f16 (44 of 107)
6422528    (6419017 3511 0 0) 1.0 (41600.0000000000 41568.0000000000) 32.000000 0.017493 7.9e-04 7.9e-04 (40352.0000000000 40320.0000000000) 4.2e-07 1.7e-05 0 1 1 0 1 0 1 fwd conv2d_host_validation_f16_fwd_CHECK_ISSUE_127_2_f16 (45 of 107)
25690112   (25683324 6788 0 0) 1.0 (10120.0000000000 10112.0000000000) 8.000000 0.002114 8.2e-04 8.2e-04 (9728.0000000000 9720.0000000000) 2.0e-07 1.1e-05 0 1 1 0 1 0 1 fwd conv2d_host_validation_f16_fwd_CHECK_ISSUE_127_3_f16 (46 of 107)
12845056   (12840252 4804 0 0) 1.0 (20848.0000000000 20864.0000000000) 16.000000 0.005984 8.1e-04 8.1e-04 (19872.0000000000 19888.0000000000) 2.9e-07 1.4e-05 0 1 1 0 1 0 1 fwd conv2d_host_validation_f16_fwd_CHECK_ISSUE_127_4_f16 (47 of 107)
12845056   (12839836 5220 0 0) 1.0 (20848.0000000000 20864.0000000000) 16.000000 0.005504 9.1e-04 9.1e-04 (8792.0000000000 8800.0000000000) 2.9e-07 1.3e-05 0 1 1 0 1 0 1 fwd conv2d_host_validation_f16_fwd_CHECK_ISSUE_127_5_f16 (48 of 107)
7372800    (7372302 498 0 0) 1.0 (635.5000000000 636.0000000000) 0.500000 0.000034 9.2e-04 9.2e-04 (545.0000000000 545.5000000000) 5.2e-08 4.9e-06 0 1 1 0 1 0 1 fwd conv2d_host_validation_f16_fwd_CHECK_ISSUE_40_1_f16 (49 of 107)
3440640    (3440332 308 0 0) 1.0 (1383.0000000000 1382.0000000000) 1.000000 0.000090 8.9e-04 8.9e-04 (1122.0000000000 1123.0000000000) 6.9e-08 5.8e-06 0 1 1 0 1 0 1 fwd conv2d_host_validation_f16_fwd_CHECK_ISSUE_40_2_f16 (50 of 107)
6422528    (6421305 1223 0 0) 1.0 (3562.0000000000 3560.0000000000) 2.000000 0.000381 6.2e-04 6.2e-04 (3246.0000000000 3248.0000000000) 1.1e-07 6.8e-06 0 1 1 0 1 0 1 fwd conv2d_host_validation_f16_fwd_CHECK_ISSUE_40_3_f16 (51 of 107)
14745600   (14743564 2036 0 0) 1.0 (1861.0000000000 1860.0000000000) 1.000000 0.000138 9.3e-04 9.3e-04 (1080.0000000000 1081.0000000000) 7.9e-08 5.5e-06 0 1 1 0 1 0 1 fwd conv2d_host_validation_f16_fwd_CHECK_ISSUE_40_4_f16 (52 of 107)
6881280    (6880781 499 0 0) 1.0 (1125.0000000000 1126.0000000000) 1.000000 0.000065 9.8e-04 9.8e-04 (1025.0000000000 1024.0000000000) 6.0e-08 5.8e-06 0 1 0 0 0 0 1 fwd conv2d_host_validation_f16_fwd_CHECK_ISSUE_40_5_f16 (53 of 107)
1048576    (1048441 135 0 0) 1.0 (1753.0000000000 1754.0000000000) 1.000000 0.000129 6.2e-04 6.2e-04 (1608.0000000000 1607.0000000000) 7.2e-08 5.3e-06 0 1 1 0 1 0 1 fwd conv2d_host_validation_f16_fwd_CHECK_ISSUE_41_10_f16 (54 of 107)
12845056   (12844227 829 0 0) 1.0 (673.5000000000 673.0000000000) 0.500000 0.000032 9.4e-04 9.4e-04 (531.0000000000 531.5000000000) 5.0e-08 4.6e-06 0 1 1 0 1 0 1 fwd conv2d_host_validation_f16_fwd_CHECK_ISSUE_41_11_f16 (55 of 107)
9437184    (9435925 1259 0 0) 1.0 (1835.0000000000 1834.0000000000) 1.000000 0.000133 6.6e-04 6.6e-04 (1525.0000000000 1524.0000000000) 7.5e-08 5.4e-06 0 1 1 0 1 0 1 fwd conv2d_host_validation_f16_fwd_CHECK_ISSUE_41_12_f16 (56 of 107)
921600     (921536 64 0 0) 1.0 (605.5000000000 605.0000000000) 0.500000 0.000035 9.3e-04 9.3e-04 (535.0000000000 535.5000000000) 5.3e-08 4.9e-06 0 1 1 0 1 0 1 fwd conv2d_host_validation_f16_fwd_CHECK_ISSUE_41_2_f16 (57 of 107)
1605632    (1605523 109 0 0) 1.0 (607.5000000000 608.0000000000) 0.500000 0.000034 9.0e-04 9.0e-04 (553.5000000000 553.0000000000) 5.2e-08 4.8e-06 0 1 1 0 1 0 1 fwd conv2d_host_validation_f16_fwd_CHECK_ISSUE_41_3_f16 (58 of 107)
200704     (200687 17 0 0) 1.0 (643.0000000000 642.5000000000) 0.500000 0.000042 9.2e-04 9.2e-04 (544.0000000000 543.5000000000) 6.7e-08 5.7e-06 0 1 1 0 1 0 1 fwd conv2d_host_validation_f16_fwd_CHECK_ISSUE_41_4_f16 (59 of 107)
1605632    (1605487 145 0 0) 1.0 (1298.0000000000 1299.0000000000) 1.000000 0.000090 9.2e-04 9.2e-04 (1086.0000000000 1085.0000000000) 6.9e-08 5.9e-06 0 1 1 0 1 0 1 fwd conv2d_host_validation_f16_fwd_CHECK_ISSUE_41_5_f16 (60 of 107)
802816     (802767 49 0 0) 1.0 (676.5000000000 676.0000000000) 0.500000 0.000031 9.0e-04 9.0e-04 (554.0000000000 553.5000000000) 4.7e-08 4.5e-06 0 1 1 0 1 0 1 fwd conv2d_host_validation_f16_fwd_CHECK_ISSUE_41_6_f16 (61 of 107)
4194304    (4194049 255 0 0) 1.0 (643.5000000000 643.0000000000) 0.500000 0.000027 9.3e-04 9.3e-04 (539.5000000000 539.0000000000) 4.4e-08 4.1e-06 0 1 1 0 1 0 1 fwd conv2d_host_validation_f16_fwd_CHECK_ISSUE_41_7_f16 (62 of 107)
3211264    (3210799 465 0 0) 1.0 (1865.0000000000 1864.0000000000) 1.000000 0.000145 8.6e-04 8.6e-04 (1159.0000000000 1158.0000000000) 8.5e-08 5.6e-06 0 1 1 0 1 0 1 fwd conv2d_host_validation_f16_fwd_CHECK_ISSUE_41_8_f16 (63 of 107)
2359296    (2359128 168 0 0) 1.0 (561.5000000000 561.0000000000) 0.500000 0.000035 9.4e-04 9.4e-04 (532.0000000000 531.5000000000) 5.5e-08 4.9e-06 0 1 1 0 1 0 1 fwd conv2d_host_validation_f16_fwd_CHECK_ISSUE_41_9_f16 (64 of 107)
25690112   (25684440 5672 0 0) 1.0 (9144.0000000000 9136.0000000000) 8.000000 0.001766 9.3e-04 9.3e-04 (8568.0000000000 8576.0000000000) 1.9e-07 1.2e-05 0 1 1 0 1 0 1 fwd conv2d_host_validation_f16_fwd_CHECK_KCYX_NCHW_NKHW1_f16 (65 of 107)
3686400    (3686239 161 0 0) 1.0 (361.7500000000 361.5000000000) 0.250000 0.000011 9.5e-04 9.5e-04 (264.2500000000 264.5000000000) 3.3e-08 3.5e-06 0 1 1 0 1 0 1 fwd conv2d_host_validation_f16_fwd_CHECK_KCYX_NCHW_NKHW2_f16 (66 of 107)
409600     (409575 25 0 0) 1.0 (360.7500000000 360.5000000000) 0.250000 0.000015 8.9e-04 8.9e-04 (279.7500000000 280.0000000000) 4.6e-08 4.1e-06 0 1 1 0 1 0 1 fwd conv2d_host_validation_f16_fwd_CHECK_KCYX_NCHW_NKHW3_f16 (67 of 107)
147456     (147452 4 0 0) 1.0 (315.2500000000 315.5000000000) 0.250000 0.000007 8.3e-04 8.3e-04 (299.7500000000 300.0000000000) 2.1e-08 2.8e-06 0 1 1 0 1 0 1 fwd conv2d_host_validation_f16_fwd_CHECK_KCYX_NCHW_NKHW4_f16 (68 of 107)
102400     (102395 5 0 0) 1.0 (338.5000000000 338.7500000000) 0.250000 0.000012 7.4e-04 7.4e-04 (336.0000000000 336.2500000000) 3.6e-08 3.7e-06 0 1 1 0 1 0 1 fwd conv2d_host_validation_f16_fwd_CHECK_KCYX_NCHW_NKHW5_f16 (69 of 107)
15745024   (15744336 688 0 0) 1.0 (319.7500000000 319.5000000000) 0.250000 0.000010 9.8e-04 9.8e-04 (256.2500000000 256.0000000000) 3.4e-08 3.5e-06 0 1 1 0 1 0 1 fwd conv2d_host_validation_f16_fwd_CHECK_KCYX_NCHW_NKHW6_f16 (70 of 107)
13778944   (13777929 1015 0 0) 1.0 (1242.0000000000 1241.0000000000) 1.000000 0.000073 9.7e-04 9.7e-04 (1027.0000000000 1026.0000000000) 6.3e-08 5.8e-06 0 1 1 0 1 0 1 fwd conv2d_host_validation_f16_fwd_CHECK_KCYX_NCHW_NKHW7_f16 (71 of 107)
25690112   (25684477 5635 0 0) 1.0 (9720.0000000000 9712.0000000000) 8.000000 0.001755 9.3e-04 9.3e-04 (8592.0000000000 8584.0000000000) 1.9e-07 1.0e-05 0 1 1 0 1 0 1 fwd conv2d_host_validation_f16_fwd_CHECK_KYXC_NHWC_NHWK1_f16 (72 of 107)
3686400    (3686234 166 0 0) 1.0 (316.5000000000 316.7500000000) 0.250000 0.000011 9.6e-04 9.6e-04 (260.2500000000 260.5000000000) 3.5e-08 3.5e-06 0 1 1 0 1 0 1 fwd conv2d_host_validation_f16_fwd_CHECK_KYXC_NHWC_NHWK2_f16 (73 of 107)
409600     (409581 19 0 0) 1.0 (285.0000000000 284.7500000000) 0.250000 0.000012 9.1e-04 9.1e-04 (275.2500000000 275.0000000000) 3.7e-08 3.6e-06 0 1 1 0 1 0 1 fwd conv2d_host_validation_f16_fwd_CHECK_KYXC_NHWC_NHWK3_f16 (74 of 107)
147456     (147444 12 0 0) 1.0 (319.2500000000 319.5000000000) 0.250000 0.000020 8.5e-04 8.5e-04 (293.0000000000 292.7500000000) 6.2e-08 4.9e-06 0 1 1 0 1 0 1 fwd conv2d_host_validation_f16_fwd_CHECK_KYXC_NHWC_NHWK4_f16 (75 of 107)
102400     (102397 3 0 0) 1.0 (297.0000000000 297.2500000000) 0.250000 0.000007 8.4e-04 8.4e-04 (297.0000000000 297.2500000000) 2.2e-08 3.0e-06 0 1 1 0 1 0 1 fwd conv2d_host_validation_f16_fwd_CHECK_KYXC_NHWC_NHWK5_f16 (76 of 107)
15745024   (15744425 599 0 0) 1.0 (273.0000000000 272.7500000000) 0.250000 0.000009 9.7e-04 9.7e-04 (256.5000000000 256.7500000000) 3.0e-08 3.3e-06 0 1 1 0 1 0 1 fwd conv2d_host_validation_f16_fwd_CHECK_KYXC_NHWC_NHWK6_f16 (77 of 107)
13778944   (13777941 1003 0 0) 1.0 (1167.0000000000 1168.0000000000) 1.000000 0.000072 9.7e-04 9.7e-04 (1027.0000000000 1026.0000000000) 6.3e-08 6.0e-06 0 1 1 0 1 0 1 fwd conv2d_host_validation_f16_fwd_CHECK_KYXC_NHWC_NHWK7_f16 (78 of 107)
802816     (802768 48 0 0) 1.0 (251.6250000000 251.7500000000) 0.250000 0.000012 9.5e-04 9.5e-04 (131.6250000000 131.7500000000) 4.3e-08 3.6e-06 0 1 1 0 1 0 1 fwd conv2d_host_validation_f16_fwd_CHECK_PADDING1_f16 (79 of 107)
802816     (802775 41 0 0) 1.0 (166.1250000000 166.2500000000) 0.250000 0.000011 9.1e-04 9.1e-04 (276.0000000000 275.7500000000) 3.8e-08 3.2e-06 0 1 1 0 1 0 1 fwd conv2d_host_validation_f16_fwd_CHECK_PADDING2_f16 (80 of 107)
2048       (2048 0 0 0) 0.0 (0.0000000000 0.0000000000) 0.000000 0.000000 0.0e+00 0.0e+00 (0.0000000000 0.0000000000) 0.0e+00 0.0e+00 0 1 1 0 1 0 1 fwd conv2d_host_validation_f16_fwd_CHECK_PADDING3_f16 (81 of 107)
205520896  (205509914 10982 0 0) 1.0 (569.0000000000 569.5000000000) 0.500000 0.000026 9.8e-04 9.8e-04 (512.0000000000 512.5000000000) 4.4e-08 4.4e-06 0 1 0 0 1 0 1 fwd conv2d_host_validation_f32_fwd_GROUP_NCHW_f16 (82 of 107)
51380224   (51377458 2766 0 0) 1.0 (540.0000000000 539.5000000000) 0.500000 0.000025 9.8e-04 9.8e-04 (512.0000000000 512.5000000000) 4.4e-08 4.5e-06 1 0 0 0 0 1 0 fwd conv2d_host_validation_random_CHECK_KCYX_NCHW_NKHW_5_f16 (83 of 107)
51380224   (51377518 2706 0 0) 1.0 (609.0000000000 609.5000000000) 0.500000 0.000025 9.8e-04 9.8e-04 (512.0000000000 512.5000000000) 4.4e-08 4.5e-06 1 0 0 0 0 1 0 fwd conv2d_host_validation_random_CHECK_KCYX_NCHW_NKHW_6_f16 (84 of 107)
47775744   (47766730 9014 0 0) 1.0 (5224.0000000000 5228.0000000000) 4.000000 0.000755 8.4e-04 8.4e-04 (4764.0000000000 4768.0000000000) 1.5e-07 9.4e-06 1 0 0 0 0 1 0 fwd conv2d_host_validation_random_CHECK_KCYX_NCHW_NKHW_7_f16 (85 of 107)
51380224   (51370204 10020 0 0) 1.0 (5184.0000000000 5188.0000000000) 4.000000 0.000746 9.0e-04 9.0e-04 (2226.0000000000 2228.0000000000) 1.5e-07 9.2e-06 1 0 0 0 0 1 0 fwd conv2d_host_validation_random_CHECK_KCYX_NCHW_NKHW_8_f16 (86 of 107)
16777216   (16777144 72 0 0) 1.0 (74.6875000000 74.7500000000) 0.062500 0.000000 9.7e-04 9.7e-04 (64.5625000000 64.5000000000) 3.3e-09 7.5e-07 1 0 0 0 0 1 0 fwd conv2d_host_validation_random_CHECK_KYXC_NHWC_NHWK_4_f16 (87 of 107)
16777216   (16777124 92 0 0) 1.0 (48.5625000000 48.5312500000) 0.062500 0.000000 9.7e-04 9.7e-04 (64.4375000000 64.3750000000) 4.0e-09 8.1e-07 1 0 0 0 0 1 0 fwd conv2d_host_validation_random_CHECK_KYXC_NHWC_NHWK_5_f16 (88 of 107)
25690112   (25684477 5635 0 0) 1.0 (9000.0000000000 9008.0000000000) 8.000000 0.001755 9.3e-04 9.3e-04 (8608.0000000000 8600.0000000000) 1.9e-07 1.2e-05 1 0 1 0 0 1 0 fwd conv2d_host_validation_random_CHECK_RAND_FLOAT_2_f16 (89 of 107)
205520896  (205509892 11004 0 0) 1.0 (549.5000000000 549.0000000000) 0.500000 0.000026 9.8e-04 9.8e-04 (512.0000000000 512.5000000000) 4.5e-08 4.3e-06 1 0 0 0 0 1 0 fwd conv2d_host_validation_random_GROUP_NHWC_f16 (90 of 107)
30720      (30717 3 0 0) 1.0 (1119.0000000000 1118.0000000000) 1.000000 0.000081 8.9e-04 8.9e-04 (1119.0000000000 1118.0000000000) 7.4e-08 5.6e-06 0 1 0 0 1 0 1 fwd padding_kernel_all_fwd_CHECK_RESNET50_CONFIG2_f16 (91 of 107)
30720      (30716 4 0 0) 1.0 (1277.0000000000 1278.0000000000) 1.000000 0.000114 8.4e-04 8.4e-04 (1196.0000000000 1195.0000000000) 9.6e-08 6.9e-06 0 1 0 0 1 0 1 fwd padding_kernel_all_fwd_CHECK_RESNET50_CONFIG4_f16 (92 of 107)
882        (882 0 0 0) 0.0 (0.0000000000 0.0000000000) 0.000000 0.000000 0.0e+00 0.0e+00 (0.0000000000 0.0000000000) 0.0e+00 0.0e+00 0 1 0 0 1 0 1 bwd_weight padding_kernel_all_wrw_CHECK_RESNET50_CONFIG2_f16 (93 of 107)
882        (882 0 0 0) 0.0 (0.0000000000 0.0000000000) 0.000000 0.000000 0.0e+00 0.0e+00 (0.0000000000 0.0000000000) 0.0e+00 0.0e+00 0 1 0 0 1 0 1 bwd_weight padding_kernel_all_wrw_CHECK_RESNET50_CONFIG4_f16 (94 of 107)
205520896  (205501067 19829 0 0) 1.0 (1217.0000000000 1216.0000000000) 1.000000 0.000095 9.7e-04 9.7e-04 (1028.0000000000 1027.0000000000) 7.3e-08 5.8e-06 0 1 1 0 1 0 1 fwd padding_kernel_gemmK_CHECK_RESNET50_F16_CONFIG1 (95 of 107)
205520896  (205501035 19861 0 0) 1.0 (1321.0000000000 1320.0000000000) 1.000000 0.000097 9.1e-04 9.1e-04 (1104.0000000000 1103.0000000000) 7.4e-08 5.9e-06 0 1 1 0 1 0 1 fwd padding_kernel_gemmK_CHECK_RESNET50_F16_CONFIG2 (96 of 107)
205520896  (205500700 20196 0 0) 1.0 (1397.0000000000 1396.0000000000) 1.000000 0.000098 9.2e-04 9.2e-04 (1090.0000000000 1089.0000000000) 7.5e-08 6.0e-06 0 1 1 0 1 0 1 fwd padding_kernel_gemmK_CHECK_RESNET50_F16_CONFIG4 (97 of 107)
9408       (9408 0 0 0) 0.0 (0.0000000000 0.0000000000) 0.000000 0.000000 0.0e+00 0.0e+00 (0.0000000000 0.0000000000) 0.0e+00 0.0e+00 0 1 1 0 1 0 1 bwd_weight padding_kernel_gemmN_CHECK_RESNET50_CONFIG2 (98 of 107)
9408       (9408 0 0 0) 0.0 (0.0000000000 0.0000000000) 0.000000 0.000000 0.0e+00 0.0e+00 (0.0000000000 0.0000000000) 0.0e+00 0.0e+00 0 1 1 0 1 0 1 bwd_weight padding_kernel_gemmN_CHECK_RESNET50_CONFIG4 (99 of 107)
6422528    (6420775 1753 0 0) 1.0 (10280.0000000000 10288.0000000000) 8.000000 0.001992 8.7e-04 8.7e-04 (4576.0000000000 4572.0000000000) 2.0e-07 1.1e-05 0 0 0 0 1 0 1 fwd Resnet50_validation_nchw_CHECK_NCHW_1_f16 (100 of 107)
25690112   (25688135 1977 0 0) 1.0 (1172.0000000000 1173.0000000000) 1.000000 0.000076 9.8e-04 9.8e-04 (1025.0000000000 1026.0000000000) 6.6e-08 6.0e-06 0 0 0 0 1 0 1 fwd Resnet50_validation_nchw_CHECK_NCHW_2_f16 (101 of 107)
147456     (147456 0 0 0) 0.0 (0.0000000000 0.0000000000) 0.000000 0.000000 0.0e+00 0.0e+00 (0.0000000000 0.0000000000) 0.0e+00 0.0e+00 0 0 0 0 1 0 1 bwd_weight Resnet50_validation_nchw_CHECK_NCHW_3_f16 (102 of 107)
65536      (65536 0 0 0) 0.0 (0.0000000000 0.0000000000) 0.000000 0.000000 0.0e+00 0.0e+00 (0.0000000000 0.0000000000) 0.0e+00 0.0e+00 0 0 0 0 1 0 1 bwd_weight Resnet50_validation_nchw_CHECK_NCHW_4_f16 (103 of 107)
6422528    (6420817 1711 0 0) 1.0 (10576.0000000000 10568.0000000000) 8.000000 0.001992 9.0e-04 9.0e-04 (4440.0000000000 4436.0000000000) 2.0e-07 1.1e-05 0 0 0 0 1 0 1 fwd Resnet50_validation_nhwc_CHECK_NHWC_1_f16 (104 of 107)
25690112   (25688095 2017 0 0) 1.0 (1230.0000000000 1231.0000000000) 1.000000 0.000078 9.8e-04 9.8e-04 (1024.0000000000 1025.0000000000) 6.7e-08 5.4e-06 0 0 0 0 1 0 1 fwd Resnet50_validation_nhwc_CHECK_NHWC_2_f16 (105 of 107)
147456     (147456 0 0 0) 0.0 (0.0000000000 0.0000000000) 0.000000 0.000000 0.0e+00 0.0e+00 (0.0000000000 0.0000000000) 0.0e+00 0.0e+00 0 0 0 0 1 0 1 bwd_weight Resnet50_validation_nhwc_CHECK_NHWC_3_f16 (106 of 107)
65536      (65536 0 0 0) 0.0 (0.0000000000 0.0000000000) 0.000000 0.000000 0.0e+00 0.0e+00 (0.0000000000 0.0000000000) 0.0e+00 0.0e+00 0 0 0 0 1 0 1 bwd_weight Resnet50_validation_nhwc_CHECK_NHWC_4_f16 (107 of 107)
