25690112   (25677608 12504 0 0) 1.0 (9360.0000000000 9352.0000000000) 8.000000 0.003894 9.3e-04 9.3e-04 (8560.0000000000 8568.0000000000) 4.2e-07 1.6e-05 1 0 0 0 0 1 0 fwd conv2d_harness_cpu_verifier_kyxc_nhwc_nhwk_f16_E2E_f16 (1 of 107)
802816     (802816 0 0 0) 0.0 (0.0000000000 0.0000000000) 0.000000 0.000000 0.0e+00 0.0e+00 (0.0000000000 0.0000000000) 0.0e+00 0.0e+00 0 1 1 0 1 0 1 bwd_data conv2d_host_validation_f16_bwd_CHECK_BWD_DATA1 (2 of 107)
4096       (4090 6 0 0) 1.0 (28384.0000000000 28400.0000000000) 16.000000 0.023438 5.7e-04 5.7e-04 (28176.0000000000 28160.0000000000) 8.3e-07 1.8e-05 0 1 1 0 1 0 1 bwd_weight conv2d_host_validation_f16_bwd_CHECK_BWD_WEIGHT1 (3 of 107)
147456     (147456 0 0 0) 0.0 (0.0000000000 0.0000000000) 0.000000 0.000000 0.0e+00 0.0e+00 (0.0000000000 0.0000000000) 0.0e+00 0.0e+00 0 1 1 0 1 0 1 bwd_weight conv2d_host_validation_f16_bwd_CHECK_ISSUE_127_10 (4 of 107)
294912     (294912 0 0 0) 0.0 (0.0000000000 0.0000000000) 0.000000 0.000000 0.0e+00 0.0e+00 (0.0000000000 0.0000000000) 0.0e+00 0.0e+00 0 1 1 0 1 0 1 bwd_weight conv2d_host_validation_f16_bwd_CHECK_ISSUE_127_15 (5 of 107)
589824     (589824 0 0 0) 0.0 (0.0000000000 0.0000000000) 0.000000 0.000000 0.0e+00 0.0e+00 (0.0000000000 0.0000000000) 0.0e+00 0.0e+00 0 1 1 0 1 0 1 bwd_weight conv2d_host_validation_f16_bwd_CHECK_ISSUE_127_16 (6 of 107)
1179648    (1178008 1640 0 0) 1.0 (41312.0000000000 41344.0000000000) 32.000000 0.044488 8.0e-04 8.0e-04 (40064.0000000000 40096.0000000000) 9.6e-07 2.1e-05 0 1 1 0 1 0 1 bwd_weight conv2d_host_validation_f16_bwd_CHECK_ISSUE_127_17 (7 of 107)
147456     (147456 0 0 0) 0.0 (0.0000000000 0.0000000000) 0.000000 0.000000 0.0e+00 0.0e+00 (0.0000000000 0.0000000000) 0.0e+00 0.0e+00 0 1 1 0 1 0 1 bwd_weight conv2d_host_validation_f16_bwd_CHECK_ISSUE_127_18 (8 of 107)
2097152    (2094457 2695 0 0) 1.0 (28064.0000000000 28048.0000000000) 16.000000 0.020561 5.9e-04 5.9e-04 (27168.0000000000 27152.0000000000) 7.3e-07 1.9e-05 0 1 1 0 1 0 1 bwd_weight conv2d_host_validation_f16_bwd_CHECK_ISSUE_127_6 (9 of 107)
262144     (262144 0 0 0) 0.0 (0.0000000000 0.0000000000) 0.000000 0.000000 0.0e+00 0.0e+00 (0.0000000000 0.0000000000) 0.0e+00 0.0e+00 0 1 1 0 1 0 1 bwd_weight conv2d_host_validation_f16_bwd_CHECK_ISSUE_127_7 (10 of 107)
147456     (147456 0 0 0) 0.0 (0.0000000000 0.0000000000) 0.000000 0.000000 0.0e+00 0.0e+00 (0.0000000000 0.0000000000) 0.0e+00 0.0e+00 0 1 1 0 1 0 1 bwd_weight conv2d_host_validation_f16_bwd_CHECK_ISSUE_127_8 (11 of 107)
147456     (147456 0 0 0) 0.0 (0.0000000000 0.0000000000) 0.000000 0.000000 0.0e+00 0.0e+00 (0.0000000000 0.0000000000) 0.0e+00 0.0e+00 0 1 1 0 1 0 1 bwd_weight conv2d_host_validation_f16_bwd_CHECK_ISSUE_127_9 (12 of 107)
1024       (1022 2 0 0) 1.0 (28208.0000000000 28192.0000000000) 16.000000 0.031250 5.7e-04 5.7e-04 (28112.0000000000 28096.0000000000) 1.1e-06 2.4e-05 0 1 1 0 1 0 1 bwd_weight conv2d_host_validation_f16_bwd_CHECK_ISSUE_70_1 (13 of 107)
65536      (65536 0 0 0) 0.0 (0.0000000000 0.0000000000) 0.000000 0.000000 0.0e+00 0.0e+00 (0.0000000000 0.0000000000) 0.0e+00 0.0e+00 0 1 1 0 1 0 1 bwd_weight conv2d_host_validation_f16_bwd_CHECK_ISSUE_70_2 (14 of 107)
4096       (4093 3 0 0) 1.0 (28304.0000000000 28288.0000000000) 16.000000 0.011719 5.7e-04 5.7e-04 (28304.0000000000 28288.0000000000) 4.1e-07 1.5e-05 0 1 1 0 1 0 1 bwd_weight conv2d_host_validation_f16_bwd_CHECK_ISSUE_70_3 (15 of 107)
1024       (1020 4 0 0) 1.0 (13880.0000000000 13888.0000000000) 8.000000 0.031250 5.8e-04 5.8e-04 (13880.0000000000 13888.0000000000) 2.2e-06 3.0e-05 0 1 1 0 1 0 1 bwd_weight conv2d_host_validation_f16_bwd_CHECK_ISSUE_71_1 (16 of 107)
1024       (1024 0 0 0) 0.0 (0.0000000000 0.0000000000) 0.000000 0.000000 0.0e+00 0.0e+00 (0.0000000000 0.0000000000) 0.0e+00 0.0e+00 0 1 1 0 1 0 1 bwd_weight conv2d_host_validation_f16_bwd_CHECK_ISSUE_71_2 (17 of 107)
1024       (1024 0 0 0) 0.0 (0.0000000000 0.0000000000) 0.000000 0.000000 0.0e+00 0.0e+00 (0.0000000000 0.0000000000) 0.0e+00 0.0e+00 0 1 1 0 1 0 1 bwd_weight conv2d_host_validation_f16_bwd_CHECK_ISSUE_71_3 (18 of 107)
1024       (1024 0 0 0) 0.0 (0.0000000000 0.0000000000) 0.000000 0.000000 0.0e+00 0.0e+00 (0.0000000000 0.0000000000) 0.0e+00 0.0e+00 0 1 1 0 1 0 1 bwd_weight conv2d_host_validation_f16_bwd_CHECK_ISSUE_71_4 (19 of 107)
12845056   (12841221 3835 0 0) 1.0 (2648.0000000000 2646.0000000000) 2.000000 0.000519 9.5e-04 9.5e-04 (1057.0000000000 1058.0000000000) 2.2e-07 1.0e-05 0 0 0 0 0 1 0 fwd conv2d_host_validation_f16_CHECK_RESNET101_NCHW_CONFIG1_FWD_f16 (20 of 107)
12845056   (12841258 3798 0 0) 1.0 (1786.0000000000 1787.0000000000) 2.000000 0.000450 9.7e-04 9.7e-04 (1028.0000000000 1029.0000000000) 2.1e-07 9.1e-06 0 0 0 0 0 1 0 fwd conv2d_host_validation_f16_CHECK_RESNET101_NCHW_CONFIG2_FWD_f16 (21 of 107)
25690112   (25690112 0 0 0) 0.0 (0.0000000000 0.0000000000) 0.000000 0.000000 0.0e+00 0.0e+00 (0.0000000000 0.0000000000) 0.0e+00 0.0e+00 0 0 0 0 0 1 0 bwd_data conv2d_host_validation_f16_CHECK_RESNET101_NCHW_CONFIG8_BWD_f16 (22 of 107)
102760448  (102748088 12360 0 0) 1.0 (581.0000000000 581.5000000000) 0.500000 0.000057 9.8e-04 9.8e-04 (512.0000000000 512.5000000000) 1.0e-07 6.5e-06 0 0 0 0 0 1 0 fwd conv2d_host_validation_f16_CHECK_RESNET101_NCHW_CONFIG8_FWD_f16 (23 of 107)
16384      (16384 0 0 0) 0.0 (0.0000000000 0.0000000000) 0.000000 0.000000 0.0e+00 0.0e+00 (0.0000000000 0.0000000000) 0.0e+00 0.0e+00 0 0 0 0 0 1 0 bwd_weight conv2d_host_validation_f16_CHECK_RESNET101_NCHW_CONFIG8_WRW_f16 (24 of 107)
12845056   (12841182 3874 0 0) 1.0 (1645.0000000000 1644.0000000000) 2.000000 0.000524 9.6e-04 9.6e-04 (1047.0000000000 1048.0000000000) 2.2e-07 1.0e-05 0 0 0 0 0 1 0 fwd conv2d_host_validation_f16_CHECK_RESNET101_NHWC_CONFIG1_FWD_f16 (25 of 107)
12845056   (12841133 3923 0 0) 1.0 (1717.0000000000 1718.0000000000) 2.000000 0.000465 9.8e-04 9.8e-04 (1024.0000000000 1025.0000000000) 2.1e-07 9.2e-06 0 0 0 0 0 1 0 fwd conv2d_host_validation_f16_CHECK_RESNET101_NHWC_CONFIG2_FWD_f16 (26 of 107)
25690112   (25690112 0 0 0) 0.0 (0.0000000000 0.0000000000) 0.000000 0.000000 0.0e+00 0.0e+00 (0.0000000000 0.0000000000) 0.0e+00 0.0e+00 0 0 0 0 0 1 0 bwd_data conv2d_host_validation_f16_CHECK_RESNET101_NHWC_CONFIG8_BWD_f16 (27 of 107)
102760448  (102747922 12526 0 0) 1.0 (488.7500000000 488.5000000000) 0.500000 0.000058 9.8e-04 9.8e-04 (512.0000000000 512.5000000000) 1.0e-07 6.3e-06 0 0 0 0 0 1 0 fwd conv2d_host_validation_f16_CHECK_RESNET101_NHWC_CONFIG8_FWD_f16 (28 of 107)
16384      (16384 0 0 0) 0.0 (0.0000000000 0.0000000000) 0.000000 0.000000 0.0e+00 0.0e+00 (0.0000000000 0.0000000000) 0.0e+00 0.0e+00 0 0 0 0 0 1 0 bwd_weight conv2d_host_validation_f16_CHECK_RESNET101_NHWC_CONFIG8_WRW_f16 (29 of 107)
4194304    (4194300 4 0 0) 1.0 (25.6875000000 25.6718750000) 0.031250 0.000000 7.6e-04 7.6e-04 (41.2500000000 41.2812500000) 6.0e-10 2.7e-07 0 1 1 0 1 0 1 fwd conv2d_host_validation_f16_fwd_CHECK_FILTER1_f16 (30 of 107)
4194304    (4194302 2 0 0) 1.0 (40.1250000000 40.1562500000) 0.031250 0.000000 7.8e-04 7.8e-04 (40.1250000000 40.1562500000) 3.6e-10 2.4e-07 0 1 1 0 1 0 1 fwd conv2d_host_validation_f16_fwd_CHECK_FILTER2_f16 (31 of 107)
16777216   (16776903 313 0 0) 1.0 (58.9375000000 58.9687500000) 0.062500 0.000001 9.7e-04 9.7e-04 (64.4375000000 64.3750000000) 1.3e-08 1.6e-06 0 1 1 0 1 0 1 fwd conv2d_host_validation_f16_fwd_CHECK_ISSUE_114_1_f16 (32 of 107)
16777216   (16776903 313 0 0) 1.0 (58.9375000000 58.9687500000) 0.062500 0.000001 9.7e-04 9.7e-04 (64.4375000000 64.3750000000) 1.3e-08 1.6e-06 0 1 1 0 1 0 1 fwd conv2d_host_validation_f16_fwd_CHECK_ISSUE_114_2_f16 (33 of 107)
4194304    (4194226 78 0 0) 1.0 (51.0000000000 51.0312500000) 0.062500 0.000001 9.6e-04 9.6e-04 (65.4375000000 65.3750000000) 1.3e-08 1.6e-06 0 1 1 0 1 0 1 fwd conv2d_host_validation_f16_fwd_CHECK_ISSUE_114_3_f16 (34 of 107)
4194304    (4194226 78 0 0) 1.0 (51.0000000000 51.0312500000) 0.062500 0.000001 9.6e-04 9.6e-04 (65.4375000000 65.3750000000) 1.3e-08 1.6e-06 0 1 1 0 1 0 1 fwd conv2d_host_validation_f16_fwd_CHECK_ISSUE_114_4_f16 (35 of 107)
16777216   (16776907 309 0 0) 1.0 (60.9375000000 60.9062500000) 0.062500 0.000001 9.7e-04 9.7e-04 (64.3125000000 64.3750000000) 1.3e-08 1.7e-06 0 1 1 0 1 0 1 fwd conv2d_host_validation_f16_fwd_CHECK_ISSUE_114_5_f16 (36 of 107)
16777216   (16776907 309 0 0) 1.0 (60.9375000000 60.9062500000) 0.062500 0.000001 9.7e-04 9.7e-04 (64.3125000000 64.3750000000) 1.3e-08 1.7e-06 0 1 1 0 1 0 1 fwd conv2d_host_validation_f16_fwd_CHECK_ISSUE_114_6_f16 (37 of 107)
4194304    (4194230 74 0 0) 1.0 (73.1875000000 73.2500000000) 0.062500 0.000001 9.7e-04 9.7e-04 (64.3125000000 64.3750000000) 1.3e-08 1.7e-06 0 1 1 0 1 0 1 fwd conv2d_host_validation_f16_fwd_CHECK_ISSUE_114_7_f16 (38 of 107)
4194304    (4194230 74 0 0) 1.0 (73.1875000000 73.2500000000) 0.062500 0.000001 9.7e-04 9.7e-04 (64.3125000000 64.3750000000) 1.3e-08 1.7e-06 0 1 1 0 1 0 1 fwd conv2d_host_validation_f16_fwd_CHECK_ISSUE_114_8_f16 (39 of 107)
12845056   (12834080 10976 0 0) 1.0 (14064.0000000000 14072.0000000000) 16.000000 0.012706 9.0e-04 9.0e-04 (8912.0000000000 8920.0000000000) 6.4e-07 2.0e-05 0 1 1 0 1 0 1 fwd conv2d_host_validation_f16_fwd_CHECK_ISSUE_127_11_f16 (40 of 107)
12845056   (12834041 11015 0 0) 1.0 (13920.0000000000 13912.0000000000) 16.000000 0.011876 9.1e-04 9.1e-04 (8824.0000000000 8816.0000000000) 6.2e-07 1.9e-05 0 1 1 0 1 0 1 fwd conv2d_host_validation_f16_fwd_CHECK_ISSUE_127_12_f16 (41 of 107)
12845056   (12834289 10767 0 0) 1.0 (13624.0000000000 13616.0000000000) 16.000000 0.010159 9.3e-04 9.3e-04 (8640.0000000000 8648.0000000000) 5.8e-07 1.6e-05 0 1 1 0 1 0 1 fwd conv2d_host_validation_f16_fwd_CHECK_ISSUE_127_13_f16 (42 of 107)
12845056   (12833909 11147 0 0) 1.0 (13624.0000000000 13632.0000000000) 16.000000 0.013372 8.8e-04 8.8e-04 (9112.0000000000 9104.0000000000) 6.6e-07 2.0e-05 0 1 1 0 1 0 1 fwd conv2d_host_validation_f16_fwd_CHECK_ISSUE_127_14_f16 (43 of 107)
12845056   (12833830 11226 0 0) 1.0 (21168.0000000000 21152.0000000000) 16.000000 0.013983 8.1e-04 8.1e-04 (19776.0000000000 19792.0000000000) 6.7e-07 2.1e-05 0 1 1 0 1 0 1 fwd conv2d_host_validation_f16_fwd_CHECK_ISSUE_127_1_f16 (44 of 107)
6422528    (6414805 7723 0 0) 1.0 (41184.0000000000 41152.0000000000) 32.000000 0.038480 8.0e-04 8.0e-04 (40096.0000000000 40128.0000000000) 9.3e-07 2.5e-05 0 1 1 0 1 0 1 fwd conv2d_host_validation_f16_fwd_CHECK_ISSUE_127_2_f16 (45 of 107)
25690112   (25674579 15533 0 0) 1.0 (10608.0000000000 10600.0000000000) 8.000000 0.004837 8.2e-04 8.2e-04 (9712.0000000000 9720.0000000000) 4.7e-07 1.7e-05 0 1 1 0 1 0 1 fwd conv2d_host_validation_f16_fwd_CHECK_ISSUE_127_3_f16 (46 of 107)
12845056   (12834082 10974 0 0) 1.0 (20816.0000000000 20800.0000000000) 16.000000 0.013669 8.1e-04 8.1e-04 (19680.0000000000 19696.0000000000) 6.6e-07 2.1e-05 0 1 1 0 1 0 1 fwd conv2d_host_validation_f16_fwd_CHECK_ISSUE_127_4_f16 (47 of 107)
12845056   (12834185 10871 0 0) 1.0 (20576.0000000000 20592.0000000000) 16.000000 0.011739 9.1e-04 9.1e-04 (8784.0000000000 8776.0000000000) 6.1e-07 1.9e-05 0 1 1 0 1 0 1 fwd conv2d_host_validation_f16_fwd_CHECK_ISSUE_127_5_f16 (48 of 107)
7372800    (7371753 1047 0 0) 1.0 (677.5000000000 677.0000000000) 0.500000 0.000071 9.1e-04 9.1e-04 (549.0000000000 549.5000000000) 1.1e-07 6.8e-06 0 1 1 0 1 0 1 fwd conv2d_host_validation_f16_fwd_CHECK_ISSUE_40_1_f16 (49 of 107)
3440640    (3439916 724 0 0) 1.0 (1308.0000000000 1309.0000000000) 1.000000 0.000210 8.8e-04 8.8e-04 (1138.0000000000 1139.0000000000) 1.6e-07 8.9e-06 0 1 1 0 1 0 1 fwd conv2d_host_validation_f16_fwd_CHECK_ISSUE_40_2_f16 (50 of 107)
6422528    (6419678 2850 0 0) 1.0 (3796.0000000000 3798.0000000000) 2.000000 0.000888 6.1e-04 6.1e-04 (3282.0000000000 3280.0000000000) 2.5e-07 1.0e-05 0 1 1 0 1 0 1 fwd conv2d_host_validation_f16_fwd_CHECK_ISSUE_40_3_f16 (51 of 107)
14745600   (14741061 4539 0 0) 1.0 (1509.0000000000 1508.0000000000) 1.000000 0.000308 9.3e-04 9.3e-04 (1078.0000000000 1077.0000000000) 1.8e-07 8.1e-06 0 1 1 0 1 0 1 fwd conv2d_host_validation_f16_fwd_CHECK_ISSUE_40_4_f16 (52 of 107)
6881280    (6880069 1211 0 0) 1.0 (1012.0000000000 1012.5000000000) 1.000000 0.000153 9.8e-04 9.8e-04 (1024.0000000000 1025.0000000000) 1.4e-07 8.9e-06 0 1 0 0 0 0 1 fwd conv2d_host_validation_f16_fwd_CHECK_ISSUE_40_5_f16 (53 of 107)
1048576    (1048235 341 0 0) 1.0 (1744.0000000000 1745.0000000000) 1.000000 0.000325 6.3e-04 6.3e-04 (1595.0000000000 1596.0000000000) 1.8e-07 8.5e-06 0 1 1 0 1 0 1 fwd conv2d_host_validation_f16_fwd_CHECK_ISSUE_41_10_f16 (54 of 107)
12845056   (12843264 1792 0 0) 1.0 (673.5000000000 674.0000000000) 0.500000 0.000070 9.7e-04 9.7e-04 (517.0000000000 516.5000000000) 1.1e-07 6.7e-06 0 1 1 0 1 0 1 fwd conv2d_host_validation_f16_fwd_CHECK_ISSUE_41_11_f16 (55 of 107)
9437184    (9434209 2975 0 0) 1.0 (1785.0000000000 1786.0000000000) 1.000000 0.000315 6.4e-04 6.4e-04 (1562.0000000000 1561.0000000000) 1.8e-07 8.2e-06 0 1 1 0 1 0 1 fwd conv2d_host_validation_f16_fwd_CHECK_ISSUE_41_12_f16 (56 of 107)
921600     (921473 127 0 0) 1.0 (677.5000000000 677.0000000000) 0.500000 0.000069 8.8e-04 8.8e-04 (568.0000000000 567.5000000000) 1.1e-07 7.0e-06 0 1 1 0 1 0 1 fwd conv2d_host_validation_f16_fwd_CHECK_ISSUE_41_2_f16 (57 of 107)
1605632    (1605383 249 0 0) 1.0 (624.0000000000 624.5000000000) 0.500000 0.000078 9.3e-04 9.3e-04 (535.5000000000 535.0000000000) 1.2e-07 7.3e-06 0 1 1 0 1 0 1 fwd conv2d_host_validation_f16_fwd_CHECK_ISSUE_41_3_f16 (58 of 107)
200704     (200676 28 0 0) 1.0 (624.0000000000 624.5000000000) 0.500000 0.000070 9.1e-04 9.1e-04 (550.5000000000 551.0000000000) 1.1e-07 7.1e-06 0 1 1 0 1 0 1 fwd conv2d_host_validation_f16_fwd_CHECK_ISSUE_41_4_f16 (59 of 107)
1605632    (1605294 338 0 0) 1.0 (1308.0000000000 1309.0000000000) 1.000000 0.000211 8.6e-04 8.6e-04 (1157.0000000000 1158.0000000000) 1.6e-07 9.0e-06 0 1 1 0 1 0 1 fwd conv2d_host_validation_f16_fwd_CHECK_ISSUE_41_5_f16 (60 of 107)
802816     (802692 124 0 0) 1.0 (624.0000000000 624.5000000000) 0.500000 0.000077 9.3e-04 9.3e-04 (535.5000000000 535.0000000000) 1.2e-07 7.3e-06 0 1 1 0 1 0 1 fwd conv2d_host_validation_f16_fwd_CHECK_ISSUE_41_6_f16 (61 of 107)
4194304    (4193654 650 0 0) 1.0 (605.5000000000 605.0000000000) 0.500000 0.000068 9.3e-04 9.3e-04 (536.5000000000 537.0000000000) 1.1e-07 6.6e-06 0 1 1 0 1 0 1 fwd conv2d_host_validation_f16_fwd_CHECK_ISSUE_41_7_f16 (62 of 107)
3211264    (3210302 962 0 0) 1.0 (1766.0000000000 1767.0000000000) 2.000000 0.000300 9.8e-04 9.8e-04 (2050.0000000000 2048.0000000000) 1.8e-07 8.0e-06 0 1 1 0 1 0 1 fwd conv2d_host_validation_f16_fwd_CHECK_ISSUE_41_8_f16 (63 of 107)
2359296    (2358935 361 0 0) 1.0 (598.5000000000 599.0000000000) 0.500000 0.000077 9.6e-04 9.6e-04 (521.0000000000 521.5000000000) 1.2e-07 7.4e-06 0 1 1 0 1 0 1 fwd conv2d_host_validation_f16_fwd_CHECK_ISSUE_41_9_f16 (64 of 107)
25690112   (25677370 12742 0 0) 1.0 (9448.0000000000 9456.0000000000) 8.000000 0.003968 9.3e-04 9.3e-04 (8592.0000000000 8600.0000000000) 4.3e-07 1.8e-05 0 1 1 0 1 0 1 fwd conv2d_host_validation_f16_fwd_CHECK_KCYX_NCHW_NKHW1_f16 (65 of 107)
3686400    (3686003 397 0 0) 1.0 (336.7500000000 336.5000000000) 0.250000 0.000027 9.3e-04 9.3e-04 (268.5000000000 268.2500000000) 8.2e-08 5.2e-06 0 1 1 0 1 0 1 fwd conv2d_host_validation_f16_fwd_CHECK_KCYX_NCHW_NKHW2_f16 (66 of 107)
409600     (409556 44 0 0) 1.0 (351.2500000000 351.5000000000) 0.250000 0.000027 8.8e-04 8.8e-04 (282.7500000000 282.5000000000) 8.4e-08 5.4e-06 0 1 1 0 1 0 1 fwd conv2d_host_validation_f16_fwd_CHECK_KCYX_NCHW_NKHW3_f16 (67 of 107)
147456     (147438 18 0 0) 1.0 (352.7500000000 353.0000000000) 0.250000 0.000031 9.1e-04 9.1e-04 (276.0000000000 275.7500000000) 9.3e-08 5.8e-06 0 1 1 0 1 0 1 fwd conv2d_host_validation_f16_fwd_CHECK_KCYX_NCHW_NKHW4_f16 (68 of 107)
102400     (102383 17 0 0) 1.0 (351.2500000000 351.5000000000) 0.250000 0.000042 8.6e-04 8.6e-04 (291.5000000000 291.7500000000) 1.3e-07 6.9e-06 0 1 1 0 1 0 1 fwd conv2d_host_validation_f16_fwd_CHECK_KCYX_NCHW_NKHW5_f16 (69 of 107)
15745024   (15743691 1333 0 0) 1.0 (303.7500000000 304.0000000000) 0.250000 0.000019 9.8e-04 9.8e-04 (256.0000000000 256.2500000000) 6.7e-08 4.7e-06 0 1 1 0 1 0 1 fwd conv2d_host_validation_f16_fwd_CHECK_KCYX_NCHW_NKHW6_f16 (70 of 107)
13778944   (13776596 2348 0 0) 1.0 (1180.0000000000 1181.0000000000) 1.000000 0.000169 9.7e-04 9.7e-04 (1026.0000000000 1027.0000000000) 1.5e-07 8.9e-06 0 1 1 0 1 0 1 fwd conv2d_host_validation_f16_fwd_CHECK_KCYX_NCHW_NKHW7_f16 (71 of 107)
25690112   (25677608 12504 0 0) 1.0 (9360.0000000000 9352.0000000000) 8.000000 0.003894 9.3e-04 9.3e-04 (8560.0000000000 8568.0000000000) 4.2e-07 1.6e-05 0 1 1 0 1 0 1 fwd conv2d_host_validation_f16_fwd_CHECK_KYXC_NHWC_NHWK1_f16 (72 of 107)
3686400    (3686036 364 0 0) 1.0 (306.0000000000 306.2500000000) 0.250000 0.000025 9.6e-04 9.6e-04 (261.7500000000 261.5000000000) 7.7e-08 5.0e-06 0 1 1 0 1 0 1 fwd conv2d_host_validation_f16_fwd_CHECK_KYXC_NHWC_NHWK2_f16 (73 of 107)
409600     (409553 47 0 0) 1.0 (279.7500000000 280.0000000000) 0.250000 0.000029 9.3e-04 9.3e-04 (269.2500000000 269.0000000000) 8.7e-08 5.3e-06 0 1 1 0 1 0 1 fwd conv2d_host_validation_f16_fwd_CHECK_KYXC_NHWC_NHWK3_f16 (74 of 107)
147456     (147436 20 0 0) 1.0 (320.5000000000 320.7500000000) 0.250000 0.000034 8.9e-04 8.9e-04 (280.5000000000 280.7500000000) 1.0e-07 6.1e-06 0 1 1 0 1 0 1 fwd conv2d_host_validation_f16_fwd_CHECK_KYXC_NHWC_NHWK4_f16 (75 of 107)
102400     (102392 8 0 0) 1.0 (317.2500000000 317.0000000000) 0.250000 0.000020 8.0e-04 8.0e-04 (313.7500000000 313.5000000000) 5.7e-08 4.6e-06 0 1 1 0 1 0 1 fwd conv2d_host_validation_f16_fwd_CHECK_KYXC_NHWC_NHWK5_f16 (76 of 107)
15745024   (15743686 1338 0 0) 1.0 (211.2500000000 211.1250000000) 0.250000 0.000019 9.8e-04 9.8e-04 (256.0000000000 256.2500000000) 6.7e-08 4.8e-06 0 1 1 0 1 0 1 fwd conv2d_host_validation_f16_fwd_CHECK_KYXC_NHWC_NHWK6_f16 (77 of 107)
13778944   (13776559 2385 0 0) 1.0 (1163.0000000000 1162.0000000000) 1.000000 0.000171 9.8e-04 9.8e-04 (1024.0000000000 1025.0000000000) 1.5e-07 8.9e-06 0 1 1 0 1 0 1 fwd conv2d_host_validation_f16_fwd_CHECK_KYXC_NHWC_NHWK7_f16 (78 of 107)
802816     (802722 94 0 0) 1.0 (352.7500000000 353.0000000000) 0.250000 0.000027 9.4e-04 9.4e-04 (264.7500000000 265.0000000000) 8.5e-08 5.2e-06 0 1 1 0 1 0 1 fwd conv2d_host_validation_f16_fwd_CHECK_PADDING1_f16 (79 of 107)
802816     (802735 81 0 0) 1.0 (320.5000000000 320.7500000000) 0.250000 0.000023 9.6e-04 9.6e-04 (260.7500000000 260.5000000000) 7.5e-08 4.7e-06 0 1 1 0 1 0 1 fwd conv2d_host_validation_f16_fwd_CHECK_PADDING2_f16 (80 of 107)
2048       (2047 1 0 0) 1.0 (206.5000000000 206.6250000000) 0.125000 0.000061 6.1e-04 6.1e-04 (206.5000000000 206.6250000000) 3.0e-07 6.2e-06 0 1 1 0 1 0 1 fwd conv2d_host_validation_f16_fwd_CHECK_PADDING3_f16 (81 of 107)
205520896  (205495876 25020 0 0) 1.0 (581.0000000000 581.5000000000) 0.500000 0.000058 9.8e-04 9.8e-04 (512.0000000000 512.5000000000) 1.0e-07 6.5e-06 0 1 0 0 1 0 1 fwd conv2d_host_validation_f32_fwd_GROUP_NCHW_f16 (82 of 107)
51380224   (51374060 6164 0 0) 1.0 (581.0000000000 581.5000000000) 0.500000 0.000058 9.8e-04 9.8e-04 (512.0000000000 512.5000000000) 1.0e-07 6.6e-06 1 0 0 0 0 1 0 fwd conv2d_host_validation_random_CHECK_KCYX_NCHW_NKHW_5_f16 (83 of 107)
51380224   (51374060 6164 0 0) 1.0 (581.0000000000 581.5000000000) 0.500000 0.000058 9.8e-04 9.8e-04 (512.0000000000 512.5000000000) 1.0e-07 6.6e-06 1 0 0 0 0 1 0 fwd conv2d_host_validation_random_CHECK_KCYX_NCHW_NKHW_6_f16 (84 of 107)
47775744   (47755317 20427 0 0) 1.0 (5024.0000000000 5020.0000000000) 4.000000 0.001710 8.5e-04 8.5e-04 (4700.0000000000 4704.0000000000) 3.3e-07 1.4e-05 1 0 0 0 0 1 0 fwd conv2d_host_validation_random_CHECK_KCYX_NCHW_NKHW_7_f16 (85 of 107)
51380224   (51358261 21963 0 0) 1.0 (5024.0000000000 5020.0000000000) 4.000000 0.001650 9.1e-04 9.1e-04 (2204.0000000000 2202.0000000000) 3.3e-07 1.4e-05 1 0 0 0 0 1 0 fwd conv2d_host_validation_random_CHECK_KCYX_NCHW_NKHW_8_f16 (86 of 107)
16777216   (16776903 313 0 0) 1.0 (58.9375000000 58.9687500000) 0.062500 0.000001 9.7e-04 9.7e-04 (64.4375000000 64.3750000000) 1.3e-08 1.6e-06 1 0 0 0 0 1 0 fwd conv2d_host_validation_random_CHECK_KYXC_NHWC_NHWK_4_f16 (87 of 107)
16777216   (16776903 313 0 0) 1.0 (58.9375000000 58.9687500000) 0.062500 0.000001 9.7e-04 9.7e-04 (64.4375000000 64.3750000000) 1.3e-08 1.6e-06 1 0 0 0 0 1 0 fwd conv2d_host_validation_random_CHECK_KYXC_NHWC_NHWK_5_f16 (88 of 107)
25690112   (25677370 12742 0 0) 1.0 (9448.0000000000 9456.0000000000) 8.000000 0.003968 9.3e-04 9.3e-04 (8592.0000000000 8600.0000000000) 4.3e-07 1.8e-05 1 0 1 0 0 1 0 fwd conv2d_host_validation_random_CHECK_RAND_FLOAT_2_f16 (89 of 107)
205520896  (205495905 24991 0 0) 1.0 (493.7500000000 494.0000000000) 0.500000 0.000058 9.8e-04 9.8e-04 (512.0000000000 512.5000000000) 1.0e-07 6.3e-06 1 0 0 0 0 1 0 fwd conv2d_host_validation_random_GROUP_NHWC_f16 (90 of 107)
30720      (30715 5 0 0) 1.0 (1413.0000000000 1412.0000000000) 1.000000 0.000146 7.6e-04 7.6e-04 (1313.0000000000 1314.0000000000) 1.1e-07 7.5e-06 0 1 0 0 1 0 1 fwd padding_kernel_all_fwd_CHECK_RESNET50_CONFIG2_f16 (91 of 107)
30720      (30710 10 0 0) 1.0 (1351.0000000000 1352.0000000000) 1.000000 0.000293 9.6e-04 9.6e-04 (1047.0000000000 1048.0000000000) 2.5e-07 1.1e-05 0 1 0 0 1 0 1 fwd padding_kernel_all_fwd_CHECK_RESNET50_CONFIG4_f16 (92 of 107)
882        (882 0 0 0) 0.0 (0.0000000000 0.0000000000) 0.000000 0.000000 0.0e+00 0.0e+00 (0.0000000000 0.0000000000) 0.0e+00 0.0e+00 0 1 0 0 1 0 1 bwd_weight padding_kernel_all_wrw_CHECK_RESNET50_CONFIG2_f16 (93 of 107)
882        (882 0 0 0) 0.0 (0.0000000000 0.0000000000) 0.000000 0.000000 0.0e+00 0.0e+00 (0.0000000000 0.0000000000) 0.0e+00 0.0e+00 0 1 0 0 1 0 1 bwd_weight padding_kernel_all_wrw_CHECK_RESNET50_CONFIG4_f16 (94 of 107)
205520896  (205476431 44465 0 0) 1.0 (1309.0000000000 1310.0000000000) 1.000000 0.000213 9.8e-04 9.8e-04 (1024.0000000000 1025.0000000000) 1.6e-07 8.8e-06 0 1 1 0 1 0 1 fwd padding_kernel_gemmK_CHECK_RESNET50_F16_CONFIG1 (95 of 107)
205520896  (205475903 44993 0 0) 1.0 (1309.0000000000 1308.0000000000) 1.000000 0.000219 9.2e-04 9.2e-04 (1087.0000000000 1086.0000000000) 1.7e-07 8.9e-06 0 1 1 0 1 0 1 fwd padding_kernel_gemmK_CHECK_RESNET50_F16_CONFIG2 (96 of 107)
205520896  (205476273 44623 0 0) 1.0 (1378.0000000000 1377.0000000000) 1.000000 0.000217 9.3e-04 9.3e-04 (1074.0000000000 1073.0000000000) 1.6e-07 8.9e-06 0 1 1 0 1 0 1 fwd padding_kernel_gemmK_CHECK_RESNET50_F16_CONFIG4 (97 of 107)
9408       (9408 0 0 0) 0.0 (0.0000000000 0.0000000000) 0.000000 0.000000 0.0e+00 0.0e+00 (0.0000000000 0.0000000000) 0.0e+00 0.0e+00 0 1 1 0 1 0 1 bwd_weight padding_kernel_gemmN_CHECK_RESNET50_CONFIG2 (98 of 107)
9408       (9408 0 0 0) 0.0 (0.0000000000 0.0000000000) 0.000000 0.000000 0.0e+00 0.0e+00 (0.0000000000 0.0000000000) 0.0e+00 0.0e+00 0 1 1 0 1 0 1 bwd_weight padding_kernel_gemmN_CHECK_RESNET50_CONFIG4 (99 of 107)
6422528    (6418638 3890 0 0) 1.0 (10328.0000000000 10320.0000000000) 8.000000 0.004525 9.0e-04 9.0e-04 (4460.0000000000 4464.0000000000) 4.5e-07 1.7e-05 0 0 0 0 1 0 1 fwd Resnet50_validation_nchw_CHECK_NCHW_1_f16 (100 of 107)
25690112   (25685710 4402 0 0) 1.0 (1239.0000000000 1238.0000000000) 1.000000 0.000170 9.8e-04 9.8e-04 (1025.0000000000 1026.0000000000) 1.5e-07 9.0e-06 0 0 0 0 1 0 1 fwd Resnet50_validation_nchw_CHECK_NCHW_2_f16 (101 of 107)
147456     (147456 0 0 0) 0.0 (0.0000000000 0.0000000000) 0.000000 0.000000 0.0e+00 0.0e+00 (0.0000000000 0.0000000000) 0.0e+00 0.0e+00 0 0 0 0 1 0 1 bwd_weight Resnet50_validation_nchw_CHECK_NCHW_3_f16 (102 of 107)
65536      (65536 0 0 0) 0.0 (0.0000000000 0.0000000000) 0.000000 0.000000 0.0e+00 0.0e+00 (0.0000000000 0.0000000000) 0.0e+00 0.0e+00 0 0 0 0 1 0 1 bwd_weight Resnet50_validation_nchw_CHECK_NCHW_4_f16 (103 of 107)
6422528    (6418652 3876 0 0) 1.0 (10104.0000000000 10096.0000000000) 8.000000 0.004484 9.3e-04 9.3e-04 (4280.0000000000 4276.0000000000) 4.5e-07 1.6e-05 0 0 0 0 1 0 1 fwd Resnet50_validation_nhwc_CHECK_NHWC_1_f16 (104 of 107)
25690112   (25685741 4371 0 0) 1.0 (1155.0000000000 1156.0000000000) 1.000000 0.000169 9.8e-04 9.8e-04 (1024.0000000000 1025.0000000000) 1.5e-07 8.4e-06 0 0 0 0 1 0 1 fwd Resnet50_validation_nhwc_CHECK_NHWC_2_f16 (105 of 107)
147456     (147456 0 0 0) 0.0 (0.0000000000 0.0000000000) 0.000000 0.000000 0.0e+00 0.0e+00 (0.0000000000 0.0000000000) 0.0e+00 0.0e+00 0 0 0 0 1 0 1 bwd_weight Resnet50_validation_nhwc_CHECK_NHWC_3_f16 (106 of 107)
65536      (65536 0 0 0) 0.0 (0.0000000000 0.0000000000) 0.000000 0.000000 0.0e+00 0.0e+00 (0.0000000000 0.0000000000) 0.0e+00 0.0e+00 0 0 0 0 1 0 1 bwd_weight Resnet50_validation_nhwc_CHECK_NHWC_4_f16 (107 of 107)
