25690112   (25616465 68085 5562 0) 244.0 (-0.0000044703 -0.0000190139) 0.250000 0.000005 1.0e+01 2.1e-02 (0.0010442734 0.0010223389) 4.4e-06 5.3e-07 1 0 0 0 0 1 0 fwd conv2d_harness_cpu_verifier_kyxc_nhwc_nhwk_f16_E2E_f16 (1 of 107)
802816     (802269 520 27 0) 8.0 (-0.0002191067 -0.0002200603) 0.003906 0.000000 6.2e-02 9.8e-04 (-0.0039062500 -0.0039100647) 6.6e-07 2.0e-06 0 1 1 0 1 0 1 bwd_data conv2d_host_validation_f16_bwd_CHECK_BWD_DATA1 (2 of 107)
4096       (4064 26 6 0) 5.0 (0.0152130127 0.0152511597) 1.000000 0.000264 2.5e-03 2.5e-03 (0.0152130127 0.0152511597) 6.9e-06 1.5e-05 0 1 1 0 1 0 1 bwd_weight conv2d_host_validation_f16_bwd_CHECK_BWD_WEIGHT1 (3 of 107)
147456     (145286 1942 228 0) 1621.0 (-0.0001208186 -0.0002174377) 0.125000 0.000200 8.0e-01 3.5e-02 (0.0016222000 0.0016784668) 2.0e-05 9.5e-06 0 1 1 0 1 0 1 bwd_weight conv2d_host_validation_f16_bwd_CHECK_ISSUE_127_10 (4 of 107)
294912     (291771 2878 263 0) 680.0 (0.0001298189 0.0000892878) 0.125000 0.000099 3.1e-01 1.4e-01 (-0.0012197495 -0.0013885498) 1.2e-05 8.5e-06 0 1 1 0 1 0 1 bwd_weight conv2d_host_validation_f16_bwd_CHECK_ISSUE_127_15 (5 of 107)
589824     (585050 4383 391 0) 292.0 (-0.0001769066 -0.0001420975) 4.000000 0.000055 2.0e-01 4.1e-02 (-0.0014028549 -0.0014600754) 9.2e-06 1.2e-06 0 1 1 0 1 0 1 bwd_weight conv2d_host_validation_f16_bwd_CHECK_ISSUE_127_16 (6 of 107)
1179648    (1172852 6226 570 0) 379.0 (-0.0000579953 -0.0000805855) 0.062500 0.000022 3.9e-01 3.2e-02 (0.0013847351 0.0014295578) 6.3e-06 4.9e-06 0 1 1 0 1 0 1 bwd_weight conv2d_host_validation_f16_bwd_CHECK_ISSUE_127_17 (7 of 107)
147456     (143365 3661 430 0) 1191.0 (-0.0000557303 0.0000152588) 0.250000 0.000850 1.3e+00 2.1e-01 (-0.0068130493 -0.0082702637) 4.3e-05 1.4e-05 0 1 1 0 1 0 1 bwd_weight conv2d_host_validation_f16_bwd_CHECK_ISSUE_127_18 (8 of 107)
2097152    (2087350 9028 774 0) 248.0 (0.0000119209 -0.0000028610) 0.062500 0.000014 1.2e+00 4.1e-02 (0.0012226105 0.0011720657) 5.7e-06 4.6e-06 0 1 1 0 1 0 1 bwd_weight conv2d_host_validation_f16_bwd_CHECK_ISSUE_127_6 (9 of 107)
262144     (259976 1989 179 0) 778.0 (0.0002465248 0.0001537800) 0.062500 0.000053 3.8e-01 4.0e-02 (-0.0018596649 -0.0017852783) 9.2e-06 6.7e-06 0 1 1 0 1 0 1 bwd_weight conv2d_host_validation_f16_bwd_CHECK_ISSUE_127_7 (10 of 107)
147456     (145333 1929 194 0) 155.0 (-0.0024662018 -0.0021705627) 0.125000 0.000198 1.2e-01 1.2e-01 (-0.0024662018 -0.0021705627) 1.5e-05 9.4e-06 0 1 1 0 1 0 1 bwd_weight conv2d_host_validation_f16_bwd_CHECK_ISSUE_127_8 (11 of 107)
147456     (145312 1931 213 0) 63.0 (0.0043296814 0.0045700073) 0.125000 0.000193 5.6e-02 5.6e-02 (0.0043296814 0.0045700073) 1.5e-05 1.9e-07 0 1 1 0 1 0 1 bwd_weight conv2d_host_validation_f16_bwd_CHECK_ISSUE_127_9 (12 of 107)
1024       (1017 6 1 0) 2.0 (-0.0056686401 -0.0056610107) 0.015625 0.000015 1.3e-03 1.3e-03 (-0.0056686401 -0.0056610107) 5.2e-06 7.6e-06 0 1 1 0 1 0 1 bwd_weight conv2d_host_validation_f16_bwd_CHECK_ISSUE_70_1 (13 of 107)
65536      (64600 830 106 0) 101.0 (0.0030975342 0.0032901764) 16.000000 0.000436 6.2e-02 6.2e-02 (0.0030975342 0.0032901764) 1.7e-05 3.7e-06 0 1 1 0 1 0 1 bwd_weight conv2d_host_validation_f16_bwd_CHECK_ISSUE_70_2 (14 of 107)
4096       (4073 21 2 0) 34.0 (0.0007829666 0.0007667542) 0.062500 0.000045 2.1e-02 1.1e-03 (0.0071182251 0.0071105957) 9.0e-06 1.9e-05 0 1 1 0 1 0 1 bwd_weight conv2d_host_validation_f16_bwd_CHECK_ISSUE_70_3 (15 of 107)
1024       (1021 3 0 0) 1.0 (534.5000000000 534.0000000000) 0.500000 0.000489 9.4e-04 9.4e-04 (534.5000000000 534.0000000000) 2.0e-06 2.9e-05 0 1 1 0 1 0 1 bwd_weight conv2d_host_validation_f16_bwd_CHECK_ISSUE_71_1 (16 of 107)
1024       (1022 2 0 0) 1.0 (6.9296875000 6.9335937500) 0.003906 0.000008 5.6e-04 5.6e-04 (6.9296875000 6.9335937500) 1.1e-06 1.6e-07 0 1 1 0 1 0 1 bwd_weight conv2d_host_validation_f16_bwd_CHECK_ISSUE_71_2 (17 of 107)
1024       (1015 9 0 0) 1.0 (-0.5258789062 -0.5263671875) 0.031250 0.000064 9.3e-04 9.3e-04 (-0.5258789062 -0.5263671875) 5.4e-06 3.3e-07 0 1 1 0 1 0 1 bwd_weight conv2d_host_validation_f16_bwd_CHECK_ISSUE_71_3 (18 of 107)
1024       (1019 5 0 0) 1.0 (-0.1723632812 -0.1724853516) 0.000977 0.000001 9.7e-04 9.7e-04 (0.0626831055 0.0627441406) 3.8e-06 4.5e-07 0 1 1 0 1 0 1 bwd_weight conv2d_host_validation_f16_bwd_CHECK_ISSUE_71_4 (19 of 107)
12845056   (12826462 17358 1236 0) 60.0 (-0.0001075864 -0.0001040101) 0.015625 0.000001 7.8e-01 4.6e-03 (-0.0012474060 -0.0012531281) 1.7e-06 2.3e-06 0 0 0 0 0 1 0 fwd conv2d_host_validation_f16_CHECK_RESNET101_NCHW_CONFIG1_FWD_f16 (20 of 107)
12845056   (12827501 16352 1203 0) 60.0 (0.0000528693 0.0000492930) 0.015625 0.000001 3.5e+00 4.5e-03 (-0.0012617111 -0.0012559891) 1.8e-06 2.1e-06 0 0 0 0 0 1 0 fwd conv2d_host_validation_f16_CHECK_RESNET101_NCHW_CONFIG2_FWD_f16 (21 of 107)
25690112   (25652988 34534 2590 0) 95.0 (0.0000367761 0.0000424385) 0.015625 0.000001 1.0e+00 4.6e-03 (-0.0010280609 -0.0010232925) 1.6e-06 2.2e-06 0 0 0 0 0 1 0 bwd_data conv2d_host_validation_f16_CHECK_RESNET101_NCHW_CONFIG8_BWD_f16 (22 of 107)
102760448  (102691712 64470 4266 0) 18.0 (0.0000891685 0.0000902414) 0.007812 0.000000 2.0e+00 1.9e-03 (0.0010013580 0.0010032654) 7.5e-07 1.5e-06 0 0 0 0 0 1 0 fwd conv2d_host_validation_f16_CHECK_RESNET101_NCHW_CONFIG8_FWD_f16 (23 of 107)
16384      (16030 317 37 0) 42.0 (-0.0076980591 -0.0078582764) 0.500000 0.000526 2.1e-02 2.1e-02 (-0.0076980591 -0.0078582764) 2.1e-05 6.7e-06 0 0 0 0 0 1 0 bwd_weight conv2d_host_validation_f16_CHECK_RESNET101_NCHW_CONFIG8_WRW_f16 (24 of 107)
12845056   (12826503 17353 1200 0) 71.0 (-0.0001119375 -0.0001077056) 0.015625 0.000001 4.0e+00 3.6e-03 (0.0010576248 0.0010538101) 1.7e-06 2.4e-06 0 0 0 0 0 1 0 fwd conv2d_host_validation_f16_CHECK_RESNET101_NHWC_CONFIG1_FWD_f16 (25 of 107)
12845056   (12827212 16604 1240 0) 42.0 (0.0001965761 0.0002015829) 0.015625 0.000001 1.3e+00 3.8e-03 (-0.0019912720 -0.0019836426) 1.8e-06 2.2e-06 0 0 0 0 0 1 0 fwd conv2d_host_validation_f16_CHECK_RESNET101_NHWC_CONFIG2_FWD_f16 (26 of 107)
25690112   (25653195 34281 2636 0) 88.0 (0.0001029968 0.0000977516) 0.015625 0.000001 7.0e+00 4.1e-03 (-0.0011529922 -0.0011482239) 2.1e-06 2.5e-06 0 0 0 0 0 1 0 bwd_data conv2d_host_validation_f16_CHECK_RESNET101_NHWC_CONFIG8_BWD_f16 (27 of 107)
102760448  (102690682 65478 4288 0) 41.0 (0.0000502467 0.0000478029) 0.007812 0.000000 5.0e+00 1.9e-03 (0.0010147095 0.0010128021) 9.1e-07 8.1e-07 0 0 0 0 0 1 0 fwd conv2d_host_validation_f16_CHECK_RESNET101_NHWC_CONFIG8_FWD_f16 (28 of 107)
16384      (16055 294 35 0) 116.0 (0.0004129410 0.0003852844) 0.250000 0.000436 6.7e-02 5.7e-02 (-0.0147018433 -0.0155334473) 2.6e-05 1.3e-05 0 0 0 0 0 1 0 bwd_weight conv2d_host_validation_f16_CHECK_RESNET101_NHWC_CONFIG8_WRW_f16 (29 of 107)
4194304    (4194015 289 0 0) 1.0 (-0.0007743835 -0.0007748604) 0.000977 0.000000 4.1e-03 9.8e-04 (0.2500000000 0.2502441406) 4.9e-08 4.2e-07 0 1 1 0 1 0 1 fwd conv2d_host_validation_f16_fwd_CHECK_FILTER1_f16 (30 of 107)
4194304    (4193990 314 0 0) 1.0 (-0.0004229546 -0.0004231930) 0.000977 0.000000 7.1e-02 9.7e-04 (0.0626220703 0.0625610352) 7.4e-08 4.5e-07 0 1 1 0 1 0 1 fwd conv2d_host_validation_f16_fwd_CHECK_FILTER2_f16 (31 of 107)
16777216   (16774675 2529 12 0) 2.0 (-0.0000852942 -0.0000854135) 0.001953 0.000000 4.2e-02 9.8e-04 (0.0625000000 0.0625610352) 1.2e-07 6.7e-07 0 1 1 0 1 0 1 fwd conv2d_host_validation_f16_fwd_CHECK_ISSUE_114_1_f16 (32 of 107)
16777216   (16774675 2529 12 0) 2.0 (-0.0000852942 -0.0000854135) 0.001953 0.000000 4.2e-02 9.8e-04 (0.0625000000 0.0625610352) 1.2e-07 6.7e-07 0 1 1 0 1 0 1 fwd conv2d_host_validation_f16_fwd_CHECK_ISSUE_114_2_f16 (33 of 107)
4194304    (4193675 626 3 0) 2.0 (0.0000257492 0.0000258684) 0.001953 0.000000 1.4e-02 9.8e-04 (0.0625000000 0.0625610352) 1.1e-07 7.2e-07 0 1 1 0 1 0 1 fwd conv2d_host_validation_f16_fwd_CHECK_ISSUE_114_3_f16 (34 of 107)
4194304    (4193675 626 3 0) 2.0 (0.0000257492 0.0000258684) 0.001953 0.000000 1.4e-02 9.8e-04 (0.0625000000 0.0625610352) 1.1e-07 7.2e-07 0 1 1 0 1 0 1 fwd conv2d_host_validation_f16_fwd_CHECK_ISSUE_114_4_f16 (35 of 107)
16777216   (16774723 2486 7 0) 2.0 (0.0000903606 0.0000902414) 0.001953 0.000000 2.0e-01 9.8e-04 (-0.0625000000 -0.0625610352) 1.4e-07 7.3e-07 0 1 1 0 1 0 1 fwd conv2d_host_validation_f16_fwd_CHECK_ISSUE_114_5_f16 (36 of 107)
16777216   (16774723 2486 7 0) 2.0 (0.0000903606 0.0000902414) 0.001953 0.000000 2.0e-01 9.8e-04 (-0.0625000000 -0.0625610352) 1.4e-07 7.3e-07 0 1 1 0 1 0 1 fwd conv2d_host_validation_f16_fwd_CHECK_ISSUE_114_6_f16 (37 of 107)
4194304    (4193707 594 3 0) 2.0 (-0.0000759959 -0.0000761151) 0.001953 0.000000 2.7e-02 9.7e-04 (0.0078582764 0.0078659058) 1.1e-07 7.4e-07 0 1 1 0 1 0 1 fwd conv2d_host_validation_f16_fwd_CHECK_ISSUE_114_7_f16 (38 of 107)
4194304    (4193707 594 3 0) 2.0 (-0.0000759959 -0.0000761151) 0.001953 0.000000 2.7e-02 9.7e-04 (0.0078582764 0.0078659058) 1.1e-07 7.4e-07 0 1 1 0 1 0 1 fwd conv2d_host_validation_f16_fwd_CHECK_ISSUE_114_8_f16 (39 of 107)
12845056   (12792766 48084 4206 0) 480.0 (0.0000360012 0.0000646114) 0.125000 0.000010 6.4e+01 3.4e-02 (0.0013589859 0.0014057159) 1.2e-05 1.1e-06 0 1 1 0 1 0 1 fwd conv2d_host_validation_f16_fwd_CHECK_ISSUE_127_11_f16 (40 of 107)
12845056   (12793941 47142 3973 0) 408.0 (-0.0001080036 -0.0000836849) 0.250000 0.000010 4.7e+00 3.5e-02 (-0.0014858246 -0.0015382767) 5.4e-06 1.1e-06 0 1 1 0 1 0 1 fwd conv2d_host_validation_f16_fwd_CHECK_ISSUE_127_12_f16 (41 of 107)
12845056   (12796525 44687 3844 0) 359.0 (-0.0000600815 -0.0000386834) 0.250000 0.000009 3.2e+00 3.0e-02 (-0.0011587143 -0.0011940002) 5.0e-06 1.1e-06 0 1 1 0 1 0 1 fwd conv2d_host_validation_f16_fwd_CHECK_ISSUE_127_13_f16 (42 of 107)
12845056   (12792036 48955 4065 0) 878.0 (0.0000091195 0.0000614524) 0.062500 0.000011 1.9e+01 2.8e-02 (-0.0010890961 -0.0011196136) 7.2e-06 1.2e-06 0 1 1 0 1 0 1 fwd conv2d_host_validation_f16_fwd_CHECK_ISSUE_127_14_f16 (43 of 107)
12845056   (12791524 49190 4342 0) 489.0 (-0.0000619888 -0.0000911355) 0.125000 0.000011 1.0e+01 3.1e-02 (-0.0013427734 -0.0013008118) 6.0e-06 1.2e-06 0 1 1 0 1 0 1 fwd conv2d_host_validation_f16_fwd_CHECK_ISSUE_127_1_f16 (44 of 107)
6422528    (6385818 33689 3021 0) 1838.0 (-0.0000495911 -0.0001591444) 0.500000 0.000021 2.2e+00 4.2e-02 (0.0013551712 0.0014114380) 7.1e-06 1.1e-06 0 1 1 0 1 0 1 fwd conv2d_host_validation_f16_fwd_CHECK_ISSUE_127_2_f16 (45 of 107)
25690112   (25611931 72359 5822 0) 252.0 (0.0001348257 0.0001198053) 0.031250 0.000005 3.9e+00 2.0e-02 (0.0012292862 0.0012540817) 4.1e-06 3.3e-06 0 1 1 0 1 0 1 fwd conv2d_host_validation_f16_fwd_CHECK_ISSUE_127_3_f16 (46 of 107)
12845056   (12791207 49680 4169 0) 525.0 (-0.0000807643 -0.0000494719) 0.031250 0.000011 2.4e+00 2.9e-02 (-0.0018615723 -0.0018081665) 5.4e-06 4.0e-06 0 1 1 0 1 0 1 fwd conv2d_host_validation_f16_fwd_CHECK_ISSUE_127_4_f16 (47 of 107)
12845056   (12793800 47287 3969 0) 341.0 (-0.0002423525 -0.0002830029) 0.031250 0.000010 7.3e+00 2.5e-02 (-0.0015926361 -0.0015525818) 6.5e-06 4.0e-06 0 1 1 0 1 0 1 fwd conv2d_host_validation_f16_fwd_CHECK_ISSUE_127_5_f16 (48 of 107)
7372800    (7367589 4901 310 0) 13.0 (-0.0000532269 -0.0000524521) 0.007812 0.000000 2.9e-01 9.8e-04 (-0.0019531250 -0.0019550323) 7.1e-07 1.7e-06 0 1 1 0 1 0 1 fwd conv2d_host_validation_f16_fwd_CHECK_ISSUE_40_1_f16 (49 of 107)
3440640    (3437002 3414 224 0) 32.0 (0.0000340343 0.0000321269) 0.007812 0.000001 2.0e-01 1.9e-03 (-0.0010242462 -0.0010223389) 1.1e-06 2.0e-06 0 1 1 0 1 0 1 fwd conv2d_host_validation_f16_fwd_CHECK_ISSUE_40_2_f16 (50 of 107)
6422528    (6410998 10722 808 0) 71.0 (0.0000954866 0.0000912547) 0.015625 0.000002 5.4e-01 5.6e-03 (-0.0010242462 -0.0010299683) 2.0e-06 2.6e-06 0 1 1 0 1 0 1 fwd conv2d_host_validation_f16_fwd_CHECK_ISSUE_40_3_f16 (51 of 107)
14745600   (14727119 17233 1248 0) 56.0 (0.0000455379 0.0000422001) 0.015625 0.000001 1.2e+00 4.2e-03 (0.0011444092 0.0011491776) 1.5e-06 2.2e-06 0 1 1 0 1 0 1 fwd conv2d_host_validation_f16_fwd_CHECK_ISSUE_40_4_f16 (52 of 107)
6881280    (6874673 6191 416 0) 40.0 (0.0000450611 0.0000474453) 0.007812 0.000000 2.2e-01 3.2e-03 (0.0011863708 0.0011825562) 1.0e-06 1.8e-06 0 1 0 0 0 0 1 fwd conv2d_host_validation_f16_fwd_CHECK_ISSUE_40_5_f16 (53 of 107)
1048576    (1047205 1278 93 0) 47.0 (0.0000797510 0.0000769496) 0.007812 0.000001 3.5e-02 3.2e-03 (0.0011882782 0.0011844635) 1.2e-06 2.4e-06 0 1 1 0 1 0 1 fwd conv2d_host_validation_f16_fwd_CHECK_ISSUE_41_10_f16 (54 of 107)
12845056   (12835793 8690 573 0) 18.0 (-0.0000884533 -0.0000895262) 0.007812 0.000000 1.7e+00 1.6e-03 (-0.0011606216 -0.0011587143) 9.3e-07 1.6e-06 0 1 1 0 1 0 1 fwd conv2d_host_validation_f16_fwd_CHECK_ISSUE_41_11_f16 (55 of 107)
9437184    (9425259 11114 811 0) 46.0 (-0.0000739694 -0.0000767112) 0.015625 0.000001 6.9e-01 3.0e-03 (0.0012540817 0.0012578964) 1.5e-06 2.1e-06 0 1 1 0 1 0 1 fwd conv2d_host_validation_f16_fwd_CHECK_ISSUE_41_12_f16 (56 of 107)
921600     (920936 614 50 0) 13.0 (-0.0000532269 -0.0000524521) 0.007812 0.000000 6.8e-02 9.8e-04 (0.0625610352 0.0625000000) 8.4e-07 1.8e-06 0 1 1 0 1 0 1 fwd conv2d_host_validation_f16_fwd_CHECK_ISSUE_41_2_f16 (57 of 107)
1605632    (1604579 993 60 0) 16.0 (0.0000855923 0.0000865459) 0.007812 0.000000 3.9e-02 9.8e-04 (-8.0078125000 -8.0000000000) 5.7e-07 1.9e-06 0 1 1 0 1 0 1 fwd conv2d_host_validation_f16_fwd_CHECK_ISSUE_41_3_f16 (58 of 107)
200704     (200560 140 4 0) 5.0 (0.0002229214 0.0002235174) 0.003906 0.000000 2.7e-03 9.7e-04 (0.0039367676 0.0039405823) 5.1e-07 2.0e-06 0 1 1 0 1 0 1 fwd conv2d_host_validation_f16_fwd_CHECK_ISSUE_41_4_f16 (59 of 107)
1605632    (1603920 1604 108 0) 32.0 (0.0000340343 0.0000321269) 0.007812 0.000001 2.0e-01 1.7e-03 (-0.0011110306 -0.0011091232) 1.1e-06 2.2e-06 0 1 1 0 1 0 1 fwd conv2d_host_validation_f16_fwd_CHECK_ISSUE_41_5_f16 (60 of 107)
802816     (802287 503 26 0) 8.0 (0.0000646710 0.0000651479) 0.007812 0.000000 1.8e-02 9.8e-04 (-8.0078125000 -8.0000000000) 5.4e-07 2.1e-06 0 1 1 0 1 0 1 fwd conv2d_host_validation_f16_fwd_CHECK_ISSUE_41_6_f16 (61 of 107)
4194304    (4191420 2694 190 0) 12.0 (0.0000836253 0.0000829101) 0.003906 0.000000 1.0e+00 1.6e-03 (0.0011749268 0.0011768341) 9.4e-07 1.6e-06 0 1 1 0 1 0 1 fwd conv2d_host_validation_f16_fwd_CHECK_ISSUE_41_7_f16 (62 of 107)
3211264    (3207234 3759 271 0) 28.0 (-0.0000395775 -0.0000412464) 0.007812 0.000001 2.4e-01 2.3e-03 (0.0012550354 0.0012578964) 1.2e-06 2.2e-06 0 1 1 0 1 0 1 fwd conv2d_host_validation_f16_fwd_CHECK_ISSUE_41_8_f16 (63 of 107)
2359296    (2357553 1638 105 0) 11.0 (-0.0000765324 -0.0000758767) 0.007812 0.000000 1.9e-01 9.8e-04 (-0.0039062500 -0.0039100647) 7.9e-07 1.8e-06 0 1 1 0 1 0 1 fwd conv2d_host_validation_f16_fwd_CHECK_ISSUE_41_9_f16 (64 of 107)
25690112   (25616422 68117 5573 0) 262.0 (0.0001282692 0.0001126528) 0.031250 0.000005 3.3e+00 1.9e-02 (0.0010452271 0.0010251999) 3.6e-06 3.3e-06 0 1 1 0 1 0 1 fwd conv2d_host_validation_f16_fwd_CHECK_KCYX_NCHW_NKHW1_f16 (65 of 107)
3686400    (3684764 1552 84 0) 7.0 (0.0001173615 0.0001169443) 0.003906 0.000000 9.7e-02 9.8e-04 (-0.0019550323 -0.0019569397) 4.5e-07 1.3e-06 0 1 1 0 1 0 1 fwd conv2d_host_validation_f16_fwd_CHECK_KCYX_NCHW_NKHW2_f16 (66 of 107)
409600     (409416 177 7 0) 4.0 (0.0001124740 0.0001127124) 0.003906 0.000000 2.3e-02 9.7e-04 (0.5019531250 0.5024414062) 3.9e-07 1.4e-06 0 1 1 0 1 0 1 fwd conv2d_host_validation_f16_fwd_CHECK_KCYX_NCHW_NKHW3_f16 (67 of 107)
147456     (147392 60 4 0) 3.0 (-0.0000019073 -0.0000017285) 0.003906 0.000000 9.4e-02 9.4e-04 (1.0351562500 1.0361328125) 9.4e-07 1.6e-06 0 1 1 0 1 0 1 fwd conv2d_host_validation_f16_fwd_CHECK_KCYX_NCHW_NKHW4_f16 (68 of 107)
102400     (102353 45 2 0) 2.0 (0.0002373457 0.0002375841) 0.001953 0.000000 6.5e-03 9.7e-04 (0.5019531250 0.5024414062) 3.8e-07 1.6e-06 0 1 1 0 1 0 1 fwd conv2d_host_validation_f16_fwd_CHECK_KCYX_NCHW_NKHW5_f16 (69 of 107)
15745024   (15738331 6354 339 0) 8.0 (0.0000897050 0.0000892282) 0.003906 0.000000 3.1e-01 9.8e-04 (-0.2500000000 -0.2502441406) 4.3e-07 1.3e-06 0 1 1 0 1 0 1 fwd conv2d_host_validation_f16_fwd_CHECK_KCYX_NCHW_NKHW6_f16 (70 of 107)
13778944   (13765167 12844 933 0) 26.0 (-0.0001211762 -0.0001196265) 0.007812 0.000001 4.3e-01 2.4e-03 (0.0012140274 0.0012111664) 1.1e-06 1.8e-06 0 1 1 0 1 0 1 fwd conv2d_host_validation_f16_fwd_CHECK_KCYX_NCHW_NKHW7_f16 (71 of 107)
25690112   (25616465 68085 5562 0) 244.0 (-0.0000044703 -0.0000190139) 0.250000 0.000005 1.0e+01 2.1e-02 (0.0010442734 0.0010223389) 4.4e-06 5.3e-07 0 1 1 0 1 0 1 fwd conv2d_host_validation_f16_fwd_CHECK_KYXC_NHWC_NHWK1_f16 (72 of 107)
3686400    (3684695 1594 111 0) 7.0 (-0.0000188351 -0.0000192523) 0.003906 0.000000 1.7e-01 9.8e-04 (-0.0039062500 -0.0039100647) 4.8e-07 1.5e-06 0 1 1 0 1 0 1 fwd conv2d_host_validation_f16_fwd_CHECK_KYXC_NHWC_NHWK2_f16 (73 of 107)
409600     (409414 176 10 0) 4.0 (0.0002365112 0.0002360344) 0.003906 0.000000 1.0e-02 9.6e-04 (0.1268310547 0.1267089844) 3.5e-07 1.6e-06 0 1 1 0 1 0 1 fwd conv2d_host_validation_f16_fwd_CHECK_KYXC_NHWC_NHWK3_f16 (74 of 107)
147456     (147390 65 1 0) 2.0 (-0.0001697540 -0.0001695156) 0.001953 0.000000 1.4e-03 9.7e-04 (0.2504882812 0.2507324219) 3.1e-07 1.5e-06 0 1 1 0 1 0 1 fwd conv2d_host_validation_f16_fwd_CHECK_KYXC_NHWC_NHWK4_f16 (75 of 107)
102400     (102360 40 0 0) 1.0 (-0.4272460938 -0.4270019531) 0.001953 0.000000 9.5e-04 9.5e-04 (-0.0080642700 -0.0080566406) 2.7e-07 1.2e-06 0 1 1 0 1 0 1 fwd conv2d_host_validation_f16_fwd_CHECK_KYXC_NHWC_NHWK5_f16 (76 of 107)
15745024   (15738249 6440 335 0) 7.0 (-0.0000586510 -0.0000582337) 0.003906 0.000000 3.0e+00 9.8e-04 (-0.0312500000 -0.0312805176) 7.4e-07 1.2e-06 0 1 1 0 1 0 1 fwd conv2d_host_validation_f16_fwd_CHECK_KYXC_NHWC_NHWK6_f16 (77 of 107)
13778944   (13765070 12996 878 0) 40.0 (-0.0000512600 -0.0000488758) 0.007812 0.000001 1.0e+00 2.2e-03 (-0.0013122559 -0.0013151169) 1.2e-06 1.8e-06 0 1 1 0 1 0 1 fwd conv2d_host_validation_f16_fwd_CHECK_KYXC_NHWC_NHWK7_f16 (78 of 107)
802816     (802493 306 17 0) 6.0 (0.0000032187 0.0000035763) 0.003906 0.000000 1.1e-01 9.7e-04 (-0.0078659058 -0.0078582764) 5.8e-07 1.4e-06 0 1 1 0 1 0 1 fwd conv2d_host_validation_f16_fwd_CHECK_PADDING1_f16 (79 of 107)
802816     (802470 322 24 0) 4.0 (0.0001140833 0.0001143217) 0.003906 0.000000 1.8e-02 9.7e-04 (0.2504882812 0.2507324219) 3.8e-07 1.5e-06 0 1 1 0 1 0 1 fwd conv2d_host_validation_f16_fwd_CHECK_PADDING2_f16 (80 of 107)
2048       (2048 0 0 0) 0.0 (0.0000000000 0.0000000000) 0.000000 0.000000 0.0e+00 0.0e+00 (0.0000000000 0.0000000000) 0.0e+00 0.0e+00 0 1 1 0 1 0 1 fwd conv2d_host_validation_f16_fwd_CHECK_PADDING3_f16 (81 of 107)
205520896  (205382536 129899 8461 0) 24.0 (-0.0000704527 -0.0000690222) 0.007812 0.000000 5.0e+00 1.9e-03 (0.0010013580 0.0010032654) 8.1e-07 1.5e-06 0 1 0 0 1 0 1 fwd conv2d_host_validation_f32_fwd_GROUP_NCHW_f16 (82 of 107)
51380224   (51345660 32447 2117 0) 20.0 (0.0001010895 0.0000998974) 0.007812 0.000000 2.0e+00 1.9e-03 (0.0010013580 0.0010032654) 8.8e-07 1.6e-06 1 0 0 0 0 1 0 fwd conv2d_host_validation_random_CHECK_KCYX_NCHW_NKHW_5_f16 (83 of 107)
51380224   (51345660 32447 2117 0) 20.0 (0.0001010895 0.0000998974) 0.007812 0.000000 2.0e+00 1.9e-03 (0.0010013580 0.0010032654) 8.8e-07 1.6e-06 1 0 0 0 0 1 0 fwd conv2d_host_validation_random_CHECK_KCYX_NCHW_NKHW_6_f16 (84 of 107)
47775744   (47671486 96657 7601 0) 166.0 (0.0000230074 0.0000131130) 0.031250 0.000003 5.6e+00 2.3e-02 (-0.0011291504 -0.0011034012) 2.7e-06 2.9e-06 1 0 0 0 0 1 0 fwd conv2d_host_validation_random_CHECK_KCYX_NCHW_NKHW_7_f16 (85 of 107)
51380224   (51269645 102519 8060 0) 166.0 (0.0000230074 0.0000131130) 0.031250 0.000003 5.6e+00 2.3e-02 (-0.0011291504 -0.0011034012) 2.6e-06 2.9e-06 1 0 0 0 0 1 0 fwd conv2d_host_validation_random_CHECK_KCYX_NCHW_NKHW_8_f16 (86 of 107)
16777216   (16774675 2529 12 0) 2.0 (-0.0000852942 -0.0000854135) 0.001953 0.000000 4.2e-02 9.8e-04 (0.0625000000 0.0625610352) 1.2e-07 6.7e-07 1 0 0 0 0 1 0 fwd conv2d_host_validation_random_CHECK_KYXC_NHWC_NHWK_4_f16 (87 of 107)
16777216   (16774675 2529 12 0) 2.0 (-0.0000852942 -0.0000854135) 0.001953 0.000000 4.2e-02 9.8e-04 (0.0625000000 0.0625610352) 1.2e-07 6.7e-07 1 0 0 0 0 1 0 fwd conv2d_host_validation_random_CHECK_KYXC_NHWC_NHWK_5_f16 (88 of 107)
25690112   (25616422 68117 5573 0) 262.0 (0.0001282692 0.0001126528) 0.031250 0.000005 3.3e+00 1.9e-02 (0.0010452271 0.0010251999) 3.6e-06 3.3e-06 1 0 1 0 0 1 0 fwd conv2d_host_validation_random_CHECK_RAND_FLOAT_2_f16 (89 of 107)
205520896  (205382288 130171 8437 0) 24.0 (0.0000326633 0.0000340939) 0.007812 0.000000 6.0e+00 1.8e-03 (-0.0010700226 -0.0010719299) 7.9e-07 8.0e-07 1 0 0 0 0 1 0 fwd conv2d_host_validation_random_GROUP_NHWC_f16 (90 of 107)
30720      (30692 27 1 0) 4.0 (-0.0003175735 -0.0003166199) 0.003906 0.000001 3.0e-03 9.7e-04 (0.2521972656 0.2519531250) 7.2e-07 3.2e-06 0 1 0 0 1 0 1 fwd padding_kernel_all_fwd_CHECK_RESNET50_CONFIG2_f16 (91 of 107)
30720      (30684 33 3 0) 3.0 (-0.0001105666 -0.0001103878) 0.001953 0.000000 1.6e-03 9.3e-04 (0.0010213852 0.0010223389) 8.2e-07 1.0e-06 0 1 0 0 1 0 1 fwd padding_kernel_all_fwd_CHECK_RESNET50_CONFIG4_f16 (92 of 107)
882        (876 6 0 0) 1.0 (0.5366210938 0.5371093750) 0.015625 0.000037 9.6e-04 9.6e-04 (-1.0195312500 -1.0185546875) 4.9e-06 7.9e-06 0 1 0 0 1 0 1 bwd_weight padding_kernel_all_wrw_CHECK_RESNET50_CONFIG2_f16 (93 of 107)
882        (880 1 1 0) 5.0 (0.0179901123 0.0180664062) 0.015625 0.000018 4.2e-03 4.2e-03 (0.0179901123 0.0180664062) 5.4e-06 6.7e-06 0 1 0 0 1 0 1 bwd_weight padding_kernel_all_wrw_CHECK_RESNET50_CONFIG4_f16 (94 of 107)
205520896  (205300922 205120 14854 0) 66.0 (-0.0000799894 -0.0000760555) 0.015625 0.000001 6.0e+00 3.4e-03 (0.0011329651 0.0011291504) 1.3e-06 1.9e-06 0 1 1 0 1 0 1 fwd padding_kernel_gemmK_CHECK_RESNET50_F16_CONFIG1 (95 of 107)
205520896  (205298495 207571 14830 0) 50.0 (-0.0000541210 -0.0000511408) 0.015625 0.000001 4.0e+00 4.6e-03 (-0.0010366440 -0.0010318756) 1.3e-06 1.9e-06 0 1 1 0 1 0 1 fwd padding_kernel_gemmK_CHECK_RESNET50_F16_CONFIG2 (96 of 107)
205520896  (205298230 207837 14829 0) 56.0 (0.0000739694 0.0000706315) 0.015625 0.000001 5.0e+00 3.6e-03 (-0.0010509491 -0.0010471344) 1.3e-06 1.8e-06 0 1 1 0 1 0 1 fwd padding_kernel_gemmK_CHECK_RESNET50_F16_CONFIG4 (97 of 107)
9408       (8891 458 59 0) 268.0 (0.0220947266 0.0261840820) 0.500000 0.003769 1.9e-01 1.9e-01 (0.0220947266 0.0261840820) 8.0e-05 1.9e-05 0 1 1 0 1 0 1 bwd_weight padding_kernel_gemmN_CHECK_RESNET50_CONFIG2 (98 of 107)
9408       (8956 403 49 0) 310.0 (-0.0499267578 -0.0404663086) 0.500000 0.003040 1.9e-01 1.9e-01 (-0.0499267578 -0.0404663086) 1.1e-04 1.8e-05 0 1 1 0 1 0 1 bwd_weight padding_kernel_gemmN_CHECK_RESNET50_CONFIG4 (99 of 107)
6422528    (6403426 17635 1467 0) 192.0 (-0.0000405908 -0.0000291467) 0.031250 0.000005 1.3e+00 1.6e-02 (-0.0010051727 -0.0009889603) 3.4e-06 3.3e-06 0 0 0 0 1 0 1 fwd Resnet50_validation_nchw_CHECK_NCHW_1_f16 (100 of 107)
25690112   (25664498 23898 1716 0) 36.0 (-0.0001178980 -0.0001200438) 0.007812 0.000001 5.5e-01 2.3e-03 (0.0012550354 0.0012521744) 1.1e-06 1.7e-06 0 0 0 0 1 0 1 fwd Resnet50_validation_nchw_CHECK_NCHW_2_f16 (101 of 107)
147456     (145309 1929 218 0) 62.0 (0.0043296814 0.0045661926) 0.125000 0.000193 5.5e-02 5.5e-02 (0.0043296814 0.0045661926) 1.5e-05 1.9e-07 0 0 0 0 1 0 1 bwd_weight Resnet50_validation_nchw_CHECK_NCHW_3_f16 (102 of 107)
65536      (64546 893 97 0) 130.0 (-0.0037841797 -0.0040321350) 0.125000 0.000238 6.6e-02 6.6e-02 (-0.0037841797 -0.0040321350) 1.7e-05 8.5e-06 0 0 0 0 1 0 1 bwd_weight Resnet50_validation_nchw_CHECK_NCHW_4_f16 (103 of 107)
6422528    (6403599 17493 1436 0) 174.0 (0.0000029802 -0.0000073910) 0.031250 0.000005 6.2e+01 1.4e-02 (0.0017805099 0.0017547607) 1.4e-05 1.3e-06 0 0 0 0 1 0 1 fwd Resnet50_validation_nhwc_CHECK_NHWC_1_f16 (104 of 107)
25690112   (25664373 24053 1686 0) 45.0 (0.0000057220 0.0000030398) 0.007812 0.000001 5.7e-01 2.5e-03 (-0.0011663437 -0.0011634827) 1.1e-06 7.3e-07 0 0 0 0 1 0 1 fwd Resnet50_validation_nhwc_CHECK_NHWC_2_f16 (105 of 107)
147456     (145079 2201 176 0) 579.0 (-0.0002239943 -0.0001549721) 16.000000 0.000340 3.1e-01 5.5e-02 (0.0050048828 0.0052795410) 2.0e-05 2.5e-06 0 0 0 0 1 0 1 bwd_weight Resnet50_validation_nhwc_CHECK_NHWC_3_f16 (106 of 107)
65536      (64546 911 79 0) 176.0 (0.0032882690 0.0036239624) 0.250000 0.000203 1.0e-01 1.0e-01 (0.0032882690 0.0036239624) 1.8e-05 9.5e-06 0 0 0 0 1 0 1 bwd_weight Resnet50_validation_nhwc_CHECK_NHWC_4_f16 (107 of 107)
