25690112   (25690112 0 0 0) 0.0 (0.0000000000 0.0000000000) 0.000000 0.000000 0.0e+00 0.0e+00 (0.0000000000 0.0000000000) 0.0e+00 0.0e+00 1 0 0 0 0 1 0 fwd conv2d_harness_cpu_verifier_kyxc_nhwc_nhwk_f16_E2E_f16 (1 of 107)
802816     (802463 334 19 0) 11.0 (0.0016527176 0.0016422272) 0.500000 0.000015 6.3e-03 6.3e-03 (0.0016527176 0.0016422272) 3.4e-07 1.3e-06 0 1 1 0 1 0 1 bwd_data conv2d_host_validation_f16_bwd_CHECK_BWD_DATA1 (2 of 107)
4096       (4074 20 2 0) 2.0 (0.2275390625 0.2277832031) 1.000000 0.000586 1.1e-03 1.1e-03 (0.2275390625 0.2277832031) 3.9e-06 0.0e+00 0 1 1 0 1 0 1 bwd_weight conv2d_host_validation_f16_bwd_CHECK_BWD_WEIGHT1 (3 of 107)
147456     (146218 1122 116 0) 71.0 (-0.7358398438 -0.7705078125) 16.000000 0.010953 4.7e-02 4.7e-02 (-0.7358398438 -0.7705078125) 8.7e-06 7.4e-06 0 1 1 0 1 0 1 bwd_weight conv2d_host_validation_f16_bwd_CHECK_ISSUE_127_10 (4 of 107)
294912     (293125 1644 143 0) 5235.0 (-0.0031490326 0.0068359375) 8.000000 0.005108 3.2e+00 3.2e+00 (-0.0031490326 0.0068359375) 2.2e-05 6.0e-06 0 1 1 0 1 0 1 bwd_weight conv2d_host_validation_f16_bwd_CHECK_ISSUE_127_15 (5 of 107)
589824     (587123 2459 242 0) 211.0 (-0.0290679932 -0.0322875977) 8.000000 0.002550 1.1e-01 1.1e-01 (-0.0290679932 -0.0322875977) 5.0e-06 0.0e+00 0 1 1 0 1 0 1 bwd_weight conv2d_host_validation_f16_bwd_CHECK_ISSUE_127_16 (6 of 107)
1179648    (1175556 3778 314 0) 269.0 (0.0032596588 0.0027465820) 8.000000 0.001243 1.6e-01 1.6e-01 (0.0032596588 0.0027465820) 3.7e-06 3.7e-06 0 1 1 0 1 0 1 bwd_weight conv2d_host_validation_f16_bwd_CHECK_ISSUE_127_17 (7 of 107)
147456     (145005 2210 241 0) 932.0 (-0.0193176270 -0.0122070312) 32.000000 0.043809 3.7e-01 3.7e-01 (-0.0193176270 -0.0122070312) 2.5e-05 0.0e+00 0 1 1 0 1 0 1 bwd_weight conv2d_host_validation_f16_bwd_CHECK_ISSUE_127_18 (8 of 107)
2097152    (2091693 5037 422 0) 4048.0 (0.0000333786 0.0002746582) 4.000000 0.000702 7.2e+00 9.7e-02 (-0.0022983551 -0.0020751953) 6.0e-06 3.3e-06 0 1 1 0 1 0 1 bwd_weight conv2d_host_validation_f16_bwd_CHECK_ISSUE_127_6 (9 of 107)
262144     (260840 1218 86 0) 128.0 (-0.0845947266 -0.0924072266) 8.000000 0.002974 9.2e-02 9.2e-02 (-0.0845947266 -0.0924072266) 5.1e-06 5.1e-06 0 1 1 0 1 0 1 bwd_weight conv2d_host_validation_f16_bwd_CHECK_ISSUE_127_7 (10 of 107)
147456     (146200 1151 105 0) 117.0 (-0.1124877930 -0.1053466797) 16.000000 0.010959 6.3e-02 6.3e-02 (-0.1124877930 -0.1053466797) 8.3e-06 7.1e-06 0 1 1 0 1 0 1 bwd_weight conv2d_host_validation_f16_bwd_CHECK_ISSUE_127_8 (11 of 107)
147456     (146302 1057 97 0) 81.0 (-0.0861206055 -0.0811767578) 16.000000 0.010318 5.7e-02 5.7e-02 (-0.0861206055 -0.0811767578) 8.2e-06 0.0e+00 0 1 1 0 1 0 1 bwd_weight conv2d_host_validation_f16_bwd_CHECK_ISSUE_127_9 (12 of 107)
1024       (1019 4 1 0) 3.0 (0.1635742188 0.1632080078) 0.015625 0.000039 2.2e-03 2.2e-03 (0.1635742188 0.1632080078) 4.6e-06 1.1e-07 0 1 1 0 1 0 1 bwd_weight conv2d_host_validation_f16_bwd_CHECK_ISSUE_70_1 (13 of 107)
65536      (64930 555 51 0) 73.0 (-0.6562500000 -0.6206054688) 16.000000 0.012049 5.4e-02 5.4e-02 (-0.6562500000 -0.6206054688) 1.0e-05 0.0e+00 0 1 1 0 1 0 1 bwd_weight conv2d_host_validation_f16_bwd_CHECK_ISSUE_70_2 (14 of 107)
4096       (4087 8 1 0) 2.0 (0.2993164062 0.2998046875) 1.000000 0.000320 1.6e-03 1.6e-03 (0.2993164062 0.2998046875) 1.8e-06 2.5e-06 0 1 1 0 1 0 1 bwd_weight conv2d_host_validation_f16_bwd_CHECK_ISSUE_70_3 (15 of 107)
1024       (1024 0 0 0) 0.0 (0.0000000000 0.0000000000) 0.000000 0.000000 0.0e+00 0.0e+00 (0.0000000000 0.0000000000) 0.0e+00 0.0e+00 0 1 1 0 1 0 1 bwd_weight conv2d_host_validation_f16_bwd_CHECK_ISSUE_71_1 (16 of 107)
1024       (1022 2 0 0) 1.0 (2424.0000000000 2422.0000000000) 2.000000 0.003906 8.3e-04 8.3e-04 (2424.0000000000 2422.0000000000) 1.6e-06 0.0e+00 0 1 1 0 1 0 1 bwd_weight conv2d_host_validation_f16_bwd_CHECK_ISSUE_71_2 (17 of 107)
1024       (1014 10 0 0) 1.0 (220.6250000000 220.5000000000) 4.000000 0.010315 8.0e-04 8.0e-04 (4988.0000000000 4992.0000000000) 6.1e-06 0.0e+00 0 1 1 0 1 0 1 bwd_weight conv2d_host_validation_f16_bwd_CHECK_ISSUE_71_3 (18 of 107)
1024       (1022 2 0 0) 1.0 (510.0000000000 510.2500000000) 0.250000 0.000259 7.5e-04 7.5e-04 (-20.8125000000 -20.7968750000) 1.2e-06 1.1e-06 0 1 1 0 1 0 1 bwd_weight conv2d_host_validation_f16_bwd_CHECK_ISSUE_71_4 (19 of 107)
12845056   (12845056 0 0 0) 0.0 (0.0000000000 0.0000000000) 0.000000 0.000000 0.0e+00 0.0e+00 (0.0000000000 0.0000000000) 0.0e+00 0.0e+00 0 0 0 0 0 1 0 fwd conv2d_host_validation_f16_CHECK_RESNET101_NCHW_CONFIG1_FWD_f16 (20 of 107)
12845056   (12845056 0 0 0) 0.0 (0.0000000000 0.0000000000) 0.000000 0.000000 0.0e+00 0.0e+00 (0.0000000000 0.0000000000) 0.0e+00 0.0e+00 0 0 0 0 0 1 0 fwd conv2d_host_validation_f16_CHECK_RESNET101_NCHW_CONFIG2_FWD_f16 (21 of 107)
25690112   (25669801 18958 1353 0) 1658.0 (-0.0001884699 -0.0000896454) 2.000000 0.000054 2.0e+00 7.3e-02 (0.0018711090 0.0020084381) 9.4e-07 1.5e-06 0 0 0 0 0 1 0 bwd_data conv2d_host_validation_f16_CHECK_RESNET101_NCHW_CONFIG8_BWD_f16 (22 of 107)
102760448  (102760448 0 0 0) 0.0 (0.0000000000 0.0000000000) 0.000000 0.000000 0.0e+00 0.0e+00 (0.0000000000 0.0000000000) 0.0e+00 0.0e+00 0 0 0 0 0 1 0 fwd conv2d_host_validation_f16_CHECK_RESNET101_NCHW_CONFIG8_FWD_f16 (23 of 107)
16384      (16198 173 13 0) 10.0 (-2.3417968750 -2.3613281250) 16.000000 0.023827 8.3e-03 8.3e-03 (-2.3417968750 -2.3613281250) 9.7e-06 0.0e+00 0 0 0 0 0 1 0 bwd_weight conv2d_host_validation_f16_CHECK_RESNET101_NCHW_CONFIG8_WRW_f16 (24 of 107)
12845056   (12830579 13539 938 0) 2752.0 (0.0002212524 0.0000572205) 1.000000 0.000081 7.4e-01 1.7e-01 (0.0012531281 0.0014667511) 1.2e-06 1.9e-06 0 0 0 0 0 1 0 fwd conv2d_host_validation_f16_CHECK_RESNET101_NHWC_CONFIG1_FWD_f16 (25 of 107)
12845056   (12830920 13198 938 0) 1088.0 (-0.0001373291 -0.0000724792) 1.000000 0.000075 4.7e-01 1.3e-01 (-0.0012397766 -0.0013961792) 1.2e-06 1.8e-06 0 0 0 0 0 1 0 fwd conv2d_host_validation_f16_CHECK_RESNET101_NHWC_CONFIG2_FWD_f16 (26 of 107)
25690112   (25669932 18854 1326 0) 679.0 (0.0000072122 0.0000476837) 1.000000 0.000054 5.6e+00 8.6e-02 (-0.0012063980 -0.0013103485) 1.1e-06 1.7e-06 0 0 0 0 0 1 0 bwd_data conv2d_host_validation_f16_CHECK_RESNET101_NHWC_CONFIG8_BWD_f16 (27 of 107)
102760448  (102760448 0 0 0) 0.0 (0.0000000000 0.0000000000) 0.000000 0.000000 0.0e+00 0.0e+00 (0.0000000000 0.0000000000) 0.0e+00 0.0e+00 0 0 0 0 0 1 0 fwd conv2d_host_validation_f16_CHECK_RESNET101_NHWC_CONFIG8_FWD_f16 (28 of 107)
16384      (16195 178 11 0) 16.0 (-6.2382812500 -6.1757812500) 32.000000 0.025640 1.1e-02 1.1e-02 (0.5639648438 0.5703125000) 1.0e-05 1.2e-05 0 0 0 0 0 1 0 bwd_weight conv2d_host_validation_f16_CHECK_RESNET101_NHWC_CONFIG8_WRW_f16 (29 of 107)
4194304    (4194304 0 0 0) 0.0 (0.0000000000 0.0000000000) 0.000000 0.000000 0.0e+00 0.0e+00 (0.0000000000 0.0000000000) 0.0e+00 0.0e+00 0 1 1 0 1 0 1 fwd conv2d_host_validation_f16_fwd_CHECK_FILTER1_f16 (30 of 107)
4194304    (4194304 0 0 0) 0.0 (0.0000000000 0.0000000000) 0.000000 0.000000 0.0e+00 0.0e+00 (0.0000000000 0.0000000000) 0.0e+00 0.0e+00 0 1 1 0 1 0 1 fwd conv2d_host_validation_f16_fwd_CHECK_FILTER2_f16 (31 of 107)
16777216   (16777216 0 0 0) 0.0 (0.0000000000 0.0000000000) 0.000000 0.000000 0.0e+00 0.0e+00 (0.0000000000 0.0000000000) 0.0e+00 0.0e+00 0 1 1 0 1 0 1 fwd conv2d_host_validation_f16_fwd_CHECK_ISSUE_114_1_f16 (32 of 107)
16777216   (16777216 0 0 0) 0.0 (0.0000000000 0.0000000000) 0.000000 0.000000 0.0e+00 0.0e+00 (0.0000000000 0.0000000000) 0.0e+00 0.0e+00 0 1 1 0 1 0 1 fwd conv2d_host_validation_f16_fwd_CHECK_ISSUE_114_2_f16 (33 of 107)
4194304    (4194304 0 0 0) 0.0 (0.0000000000 0.0000000000) 0.000000 0.000000 0.0e+00 0.0e+00 (0.0000000000 0.0000000000) 0.0e+00 0.0e+00 0 1 1 0 1 0 1 fwd conv2d_host_validation_f16_fwd_CHECK_ISSUE_114_3_f16 (34 of 107)
4194304    (4194304 0 0 0) 0.0 (0.0000000000 0.0000000000) 0.000000 0.000000 0.0e+00 0.0e+00 (0.0000000000 0.0000000000) 0.0e+00 0.0e+00 0 1 1 0 1 0 1 fwd conv2d_host_validation_f16_fwd_CHECK_ISSUE_114_4_f16 (35 of 107)
16777216   (16777216 0 0 0) 0.0 (0.0000000000 0.0000000000) 0.000000 0.000000 0.0e+00 0.0e+00 (0.0000000000 0.0000000000) 0.0e+00 0.0e+00 0 1 1 0 1 0 1 fwd conv2d_host_validation_f16_fwd_CHECK_ISSUE_114_5_f16 (36 of 107)
16777216   (16777216 0 0 0) 0.0 (0.0000000000 0.0000000000) 0.000000 0.000000 0.0e+00 0.0e+00 (0.0000000000 0.0000000000) 0.0e+00 0.0e+00 0 1 1 0 1 0 1 fwd conv2d_host_validation_f16_fwd_CHECK_ISSUE_114_6_f16 (37 of 107)
4194304    (4194304 0 0 0) 0.0 (0.0000000000 0.0000000000) 0.000000 0.000000 0.0e+00 0.0e+00 (0.0000000000 0.0000000000) 0.0e+00 0.0e+00 0 1 1 0 1 0 1 fwd conv2d_host_validation_f16_fwd_CHECK_ISSUE_114_7_f16 (38 of 107)
4194304    (4194304 0 0 0) 0.0 (0.0000000000 0.0000000000) 0.000000 0.000000 0.0e+00 0.0e+00 (0.0000000000 0.0000000000) 0.0e+00 0.0e+00 0 1 1 0 1 0 1 fwd conv2d_host_validation_f16_fwd_CHECK_ISSUE_114_8_f16 (39 of 107)
12845056   (12807825 34291 2940 0) 3824.0 (-0.0005722046 0.0003395081) 4.000000 0.000673 3.4e+00 7.6e-01 (-0.0010414124 -0.0018310547) 3.9e-06 9.1e-07 0 1 1 0 1 0 1 fwd conv2d_host_validation_f16_fwd_CHECK_ISSUE_127_11_f16 (40 of 107)
12845056   (12808333 34003 2720 0) 6620.0 (-0.0005722046 0.0002169609) 4.000000 0.000651 2.1e+00 7.9e-01 (0.0017929077 0.0032024384) 3.6e-06 8.9e-07 0 1 1 0 1 0 1 fwd conv2d_host_validation_f16_fwd_CHECK_ISSUE_127_12_f16 (41 of 107)
12845056   (12808905 33399 2752 0) 6192.0 (0.0004367828 0.0000677109) 16.000000 0.000600 3.5e+00 5.5e-01 (-0.0015716553 -0.0007019043) 3.6e-06 8.6e-07 0 1 1 0 1 0 1 fwd conv2d_host_validation_f16_fwd_CHECK_ISSUE_127_13_f16 (42 of 107)
12845056   (12807441 34832 2783 0) 5856.0 (-0.0001373291 -0.0008354187) 4.000000 0.000700 5.1e+00 9.4e-01 (0.0015945435 0.0031013489) 4.5e-06 9.8e-07 0 1 1 0 1 0 1 fwd conv2d_host_validation_f16_fwd_CHECK_ISSUE_127_14_f16 (43 of 107)
12845056   (12807228 34952 2876 0) 4512.0 (0.0004158020 -0.0001220703) 4.000000 0.000686 1.6e+00 1.5e+00 (0.0010414124 -0.0005035400) 3.6e-06 9.6e-07 0 1 1 0 1 0 1 fwd conv2d_host_validation_f16_fwd_CHECK_ISSUE_127_1_f16 (44 of 107)
6422528    (6396928 23590 2010 0) 6132.0 (0.0004005432 0.0000350475) 8.000000 0.001370 1.9e+00 3.0e-01 (-0.0174407959 -0.0227355957) 5.1e-06 8.5e-07 0 1 1 0 1 0 1 fwd conv2d_host_validation_f16_fwd_CHECK_ISSUE_127_2_f16 (45 of 107)
25690112   (25690112 0 0 0) 0.0 (0.0000000000 0.0000000000) 0.000000 0.000000 0.0e+00 0.0e+00 (0.0000000000 0.0000000000) 0.0e+00 0.0e+00 0 1 1 0 1 0 1 fwd conv2d_host_validation_f16_fwd_CHECK_ISSUE_127_3_f16 (46 of 107)
12845056   (12845056 0 0 0) 0.0 (0.0000000000 0.0000000000) 0.000000 0.000000 0.0e+00 0.0e+00 (0.0000000000 0.0000000000) 0.0e+00 0.0e+00 0 1 1 0 1 0 1 fwd conv2d_host_validation_f16_fwd_CHECK_ISSUE_127_4_f16 (47 of 107)
12845056   (12845056 0 0 0) 0.0 (0.0000000000 0.0000000000) 0.000000 0.000000 0.0e+00 0.0e+00 (0.0000000000 0.0000000000) 0.0e+00 0.0e+00 0 1 1 0 1 0 1 fwd conv2d_host_validation_f16_fwd_CHECK_ISSUE_127_5_f16 (48 of 107)
7372800    (7368244 4261 295 0) 256.0 (0.0000534058 0.0000686646) 0.500000 0.000022 2.9e-01 3.1e-02 (-0.0011825562 -0.0012187958) 6.5e-07 1.4e-06 0 1 1 0 1 0 1 fwd conv2d_host_validation_f16_fwd_CHECK_ISSUE_40_1_f16 (49 of 107)
3440640    (3437759 2672 209 0) 1360.0 (0.0000867844 0.0001678467) 1.000000 0.000042 9.3e-01 4.0e-02 (0.0018291473 0.0017566681) 1.1e-06 1.7e-06 0 1 1 0 1 0 1 fwd conv2d_host_validation_f16_fwd_CHECK_ISSUE_40_2_f16 (50 of 107)
6422528    (6413875 8038 615 0) 392.0 (0.0004291534 0.0005226135) 2.000000 0.000120 2.2e-01 8.5e-02 (-0.0031452179 -0.0034122467) 1.4e-06 2.2e-06 0 1 1 0 1 0 1 fwd conv2d_host_validation_f16_fwd_CHECK_ISSUE_40_3_f16 (51 of 107)
14745600   (14731002 13666 932 0) 576.0 (0.0000343323 0.0000686646) 1.000000 0.000059 1.0e+00 8.7e-02 (-0.0017547607 -0.0016021729) 1.1e-06 1.8e-06 0 1 1 0 1 0 1 fwd conv2d_host_validation_f16_fwd_CHECK_ISSUE_40_4_f16 (52 of 107)
6881280    (6875848 5094 338 0) 992.0 (-0.0000019073 -0.0000610352) 1.000000 0.000037 3.1e+01 3.2e-02 (0.0033245087 0.0032196045) 6.1e-06 1.5e-06 0 1 0 0 0 0 1 fwd conv2d_host_validation_f16_fwd_CHECK_ISSUE_40_5_f16 (53 of 107)
1048576    (1047514 997 65 0) 132.0 (0.0014190674 0.0015449524) 1.000000 0.000063 8.9e-02 8.9e-02 (0.0014190674 0.0015449524) 9.8e-07 2.0e-06 0 1 1 0 1 0 1 fwd conv2d_host_validation_f16_fwd_CHECK_ISSUE_41_10_f16 (54 of 107)
12845056   (12837154 7396 506 0) 560.0 (0.0000705719 0.0001039505) 0.500000 0.000022 5.0e-01 4.1e-02 (0.0010337830 0.0009918213) 6.6e-07 1.4e-06 0 1 1 0 1 0 1 fwd conv2d_host_validation_f16_fwd_CHECK_ISSUE_41_11_f16 (55 of 107)
9437184    (9427655 8927 602 0) 1304.0 (0.0000348091 0.0001125336) 1.000000 0.000063 2.2e+00 1.0e-01 (-0.0011901855 -0.0010681152) 1.2e-06 1.8e-06 0 1 1 0 1 0 1 fwd conv2d_host_validation_f16_fwd_CHECK_ISSUE_41_12_f16 (56 of 107)
921600     (921004 560 36 0) 81.0 (-0.0002670288 -0.0002477169) 0.500000 0.000023 7.2e-02 1.3e-02 (-0.0010204315 -0.0010337830) 6.1e-07 1.5e-06 0 1 1 0 1 0 1 fwd conv2d_host_validation_f16_fwd_CHECK_ISSUE_41_2_f16 (57 of 107)
1605632    (1604658 911 63 0) 256.0 (0.0000190735 0.0000038147) 0.500000 0.000023 8.0e-01 1.3e-02 (0.0014009476 0.0014190674) 1.1e-06 1.7e-06 0 1 1 0 1 0 1 fwd conv2d_host_validation_f16_fwd_CHECK_ISSUE_41_3_f16 (58 of 107)
200704     (200587 111 6 0) 5.0 (-0.0049781799 -0.0049591064) 0.500000 0.000017 3.8e-03 3.8e-03 (-0.0049781799 -0.0049591064) 4.4e-07 1.3e-06 0 1 1 0 1 0 1 fwd conv2d_host_validation_f16_fwd_CHECK_ISSUE_41_4_f16 (59 of 107)
1605632    (1604267 1269 96 0) 130.0 (0.0002517700 0.0002827644) 1.000000 0.000043 1.2e-01 4.0e-02 (0.0018291473 0.0017566681) 9.0e-07 1.9e-06 0 1 1 0 1 0 1 fwd conv2d_host_validation_f16_fwd_CHECK_ISSUE_41_5_f16 (60 of 107)
802816     (802309 482 25 0) 256.0 (0.0000190735 0.0000038147) 0.500000 0.000024 8.0e-01 5.2e-03 (0.0036354065 0.0036544800) 1.7e-06 1.7e-06 0 1 1 0 1 0 1 fwd conv2d_host_validation_f16_fwd_CHECK_ISSUE_41_6_f16 (61 of 107)
4194304    (4191861 2299 144 0) 77.0 (0.0007400513 0.0007033348) 0.500000 0.000021 5.0e-02 4.2e-02 (0.0011425018 0.0011901855) 5.4e-07 1.4e-06 0 1 1 0 1 0 1 fwd conv2d_host_validation_f16_fwd_CHECK_ISSUE_41_7_f16 (62 of 107)
3211264    (3208193 2857 214 0) 806.0 (0.0004730225 0.0006651878) 1.000000 0.000055 4.1e-01 1.3e-01 (-0.0013599396 -0.0015373230) 1.2e-06 1.7e-06 0 1 1 0 1 0 1 fwd conv2d_host_validation_f16_fwd_CHECK_ISSUE_41_8_f16 (63 of 107)
2359296    (2357804 1397 95 0) 478.0 (-0.0000057220 -0.0000342131) 0.500000 0.000023 5.0e+00 1.0e-02 (0.0014572144 0.0014419556) 2.8e-06 1.5e-06 0 1 1 0 1 0 1 fwd conv2d_host_validation_f16_fwd_CHECK_ISSUE_41_9_f16 (64 of 107)
25690112   (25690112 0 0 0) 0.0 (0.0000000000 0.0000000000) 0.000000 0.000000 0.0e+00 0.0e+00 (0.0000000000 0.0000000000) 0.0e+00 0.0e+00 0 1 1 0 1 0 1 fwd conv2d_host_validation_f16_fwd_CHECK_KCYX_NCHW_NKHW1_f16 (65 of 107)
3686400    (3686400 0 0 0) 0.0 (0.0000000000 0.0000000000) 0.000000 0.000000 0.0e+00 0.0e+00 (0.0000000000 0.0000000000) 0.0e+00 0.0e+00 0 1 1 0 1 0 1 fwd conv2d_host_validation_f16_fwd_CHECK_KCYX_NCHW_NKHW2_f16 (66 of 107)
409600     (409600 0 0 0) 0.0 (0.0000000000 0.0000000000) 0.000000 0.000000 0.0e+00 0.0e+00 (0.0000000000 0.0000000000) 0.0e+00 0.0e+00 0 1 1 0 1 0 1 fwd conv2d_host_validation_f16_fwd_CHECK_KCYX_NCHW_NKHW3_f16 (67 of 107)
147456     (147456 0 0 0) 0.0 (0.0000000000 0.0000000000) 0.000000 0.000000 0.0e+00 0.0e+00 (0.0000000000 0.0000000000) 0.0e+00 0.0e+00 0 1 1 0 1 0 1 fwd conv2d_host_validation_f16_fwd_CHECK_KCYX_NCHW_NKHW4_f16 (68 of 107)
102400     (102400 0 0 0) 0.0 (0.0000000000 0.0000000000) 0.000000 0.000000 0.0e+00 0.0e+00 (0.0000000000 0.0000000000) 0.0e+00 0.0e+00 0 1 1 0 1 0 1 fwd conv2d_host_validation_f16_fwd_CHECK_KCYX_NCHW_NKHW5_f16 (69 of 107)
15745024   (15745024 0 0 0) 0.0 (0.0000000000 0.0000000000) 0.000000 0.000000 0.0e+00 0.0e+00 (0.0000000000 0.0000000000) 0.0e+00 0.0e+00 0 1 1 0 1 0 1 fwd conv2d_host_validation_f16_fwd_CHECK_KCYX_NCHW_NKHW6_f16 (70 of 107)
13778944   (13778944 0 0 0) 0.0 (0.0000000000 0.0000000000) 0.000000 0.000000 0.0e+00 0.0e+00 (0.0000000000 0.0000000000) 0.0e+00 0.0e+00 0 1 1 0 1 0 1 fwd conv2d_host_validation_f16_fwd_CHECK_KCYX_NCHW_NKHW7_f16 (71 of 107)
25690112   (25690112 0 0 0) 0.0 (0.0000000000 0.0000000000) 0.000000 0.000000 0.0e+00 0.0e+00 (0.0000000000 0.0000000000) 0.0e+00 0.0e+00 0 1 1 0 1 0 1 fwd conv2d_host_validation_f16_fwd_CHECK_KYXC_NHWC_NHWK1_f16 (72 of 107)
3686400    (3684761 1534 105 0) 224.0 (-0.0002403259 -0.0002136230) 0.500000 0.000009 1.1e-01 1.7e-02 (-0.0010910034 -0.0010728836) 4.3e-07 1.2e-06 0 1 1 0 1 0 1 fwd conv2d_host_validation_f16_fwd_CHECK_KYXC_NHWC_NHWK2_f16 (73 of 107)
409600     (409418 173 9 0) 24.0 (0.0007171631 0.0007286072) 0.250000 0.000013 1.6e-02 1.9e-03 (-0.0079345703 -0.0079193115) 3.4e-07 1.6e-06 0 1 1 0 1 0 1 fwd conv2d_host_validation_f16_fwd_CHECK_KYXC_NHWC_NHWK3_f16 (74 of 107)
147456     (147399 51 6 0) 64.0 (-0.0001182556 -0.0001220703) 0.125000 0.000004 3.2e-02 6.9e-03 (-0.0011062622 -0.0011138916) 5.4e-07 6.1e-07 0 1 1 0 1 0 1 fwd conv2d_host_validation_f16_fwd_CHECK_KYXC_NHWC_NHWK4_f16 (75 of 107)
102400     (102354 43 3 0) 2.0 (-0.0079345703 -0.0079193115) 0.250000 0.000011 1.9e-03 1.9e-03 (-0.0079345703 -0.0079193115) 3.2e-07 1.6e-06 0 1 1 0 1 0 1 fwd conv2d_host_validation_f16_fwd_CHECK_KYXC_NHWC_NHWK5_f16 (76 of 107)
15745024   (15738609 6027 388 0) 320.0 (-0.0000610352 -0.0000801086) 0.500000 0.000009 1.3e+00 1.7e-02 (0.0012626648 0.0012416840) 5.0e-07 1.1e-06 0 1 1 0 1 0 1 fwd conv2d_host_validation_f16_fwd_CHECK_KYXC_NHWC_NHWK6_f16 (77 of 107)
13778944   (13767718 10468 758 0) 1024.0 (-0.0000686646 -0.0001296997) 1.000000 0.000040 8.9e-01 6.5e-02 (0.0014610291 0.0015563965) 9.9e-07 1.5e-06 0 1 1 0 1 0 1 fwd conv2d_host_validation_f16_fwd_CHECK_KYXC_NHWC_NHWK7_f16 (78 of 107)
802816     (802816 0 0 0) 0.0 (0.0000000000 0.0000000000) 0.000000 0.000000 0.0e+00 0.0e+00 (0.0000000000 0.0000000000) 0.0e+00 0.0e+00 0 1 1 0 1 0 1 fwd conv2d_host_validation_f16_fwd_CHECK_PADDING1_f16 (79 of 107)
802816     (802497 300 19 0) 64.0 (-0.0001182556 -0.0001220703) 0.250000 0.000010 3.2e-02 9.0e-03 (0.0014839172 0.0014972687) 3.7e-07 1.3e-06 0 1 1 0 1 0 1 fwd conv2d_host_validation_f16_fwd_CHECK_PADDING2_f16 (80 of 107)
2048       (2048 0 0 0) 0.0 (0.0000000000 0.0000000000) 0.000000 0.000000 0.0e+00 0.0e+00 (0.0000000000 0.0000000000) 0.0e+00 0.0e+00 0 1 1 0 1 0 1 fwd conv2d_host_validation_f16_fwd_CHECK_PADDING3_f16 (81 of 107)
205520896  (205520896 0 0 0) 0.0 (0.0000000000 0.0000000000) 0.000000 0.000000 0.0e+00 0.0e+00 (0.0000000000 0.0000000000) 0.0e+00 0.0e+00 0 1 0 0 1 0 1 fwd conv2d_host_validation_f32_fwd_GROUP_NCHW_f16 (82 of 107)
51380224   (51380224 0 0 0) 0.0 (0.0000000000 0.0000000000) 0.000000 0.000000 0.0e+00 0.0e+00 (0.0000000000 0.0000000000) 0.0e+00 0.0e+00 1 0 0 0 0 1 0 fwd conv2d_host_validation_random_CHECK_KCYX_NCHW_NKHW_5_f16 (83 of 107)
51380224   (51380224 0 0 0) 0.0 (0.0000000000 0.0000000000) 0.000000 0.000000 0.0e+00 0.0e+00 (0.0000000000 0.0000000000) 0.0e+00 0.0e+00 1 0 0 0 0 1 0 fwd conv2d_host_validation_random_CHECK_KCYX_NCHW_NKHW_6_f16 (84 of 107)
47775744   (47775744 0 0 0) 0.0 (0.0000000000 0.0000000000) 0.000000 0.000000 0.0e+00 0.0e+00 (0.0000000000 0.0000000000) 0.0e+00 0.0e+00 1 0 0 0 0 1 0 fwd conv2d_host_validation_random_CHECK_KCYX_NCHW_NKHW_7_f16 (85 of 107)
51380224   (51380224 0 0 0) 0.0 (0.0000000000 0.0000000000) 0.000000 0.000000 0.0e+00 0.0e+00 (0.0000000000 0.0000000000) 0.0e+00 0.0e+00 1 0 0 0 0 1 0 fwd conv2d_host_validation_random_CHECK_KCYX_NCHW_NKHW_8_f16 (86 of 107)
16777216   (16777216 0 0 0) 0.0 (0.0000000000 0.0000000000) 0.000000 0.000000 0.0e+00 0.0e+00 (0.0000000000 0.0000000000) 0.0e+00 0.0e+00 1 0 0 0 0 1 0 fwd conv2d_host_validation_random_CHECK_KYXC_NHWC_NHWK_4_f16 (87 of 107)
16777216   (16777216 0 0 0) 0.0 (0.0000000000 0.0000000000) 0.000000 0.000000 0.0e+00 0.0e+00 (0.0000000000 0.0000000000) 0.0e+00 0.0e+00 1 0 0 0 0 1 0 fwd conv2d_host_validation_random_CHECK_KYXC_NHWC_NHWK_5_f16 (88 of 107)
25690112   (25690112 0 0 0) 0.0 (0.0000000000 0.0000000000) 0.000000 0.000000 0.0e+00 0.0e+00 (0.0000000000 0.0000000000) 0.0e+00 0.0e+00 1 0 1 0 0 1 0 fwd conv2d_host_validation_random_CHECK_RAND_FLOAT_2_f16 (89 of 107)
205520896  (205520896 0 0 0) 0.0 (0.0000000000 0.0000000000) 0.000000 0.000000 0.0e+00 0.0e+00 (0.0000000000 0.0000000000) 0.0e+00 0.0e+00 1 0 0 0 0 1 0 fwd conv2d_host_validation_random_GROUP_NHWC_f16 (90 of 107)
30720      (30720 0 0 0) 0.0 (0.0000000000 0.0000000000) 0.000000 0.000000 0.0e+00 0.0e+00 (0.0000000000 0.0000000000) 0.0e+00 0.0e+00 0 1 0 0 1 0 1 fwd padding_kernel_all_fwd_CHECK_RESNET50_CONFIG2_f16 (91 of 107)
30720      (30697 21 2 0) 8.0 (0.0069770813 0.0070075989) 0.250000 0.000042 4.4e-03 4.4e-03 (0.0069770813 0.0070075989) 6.5e-07 2.0e-06 0 1 0 0 1 0 1 fwd padding_kernel_all_fwd_CHECK_RESNET50_CONFIG4_f16 (92 of 107)
882        (881 1 0 0) 1.0 (472.7500000000 473.0000000000) 0.250000 0.000283 5.3e-04 5.3e-04 (472.7500000000 473.0000000000) 6.0e-07 1.0e-06 0 1 0 0 1 0 1 bwd_weight padding_kernel_all_wrw_CHECK_RESNET50_CONFIG2_f16 (93 of 107)
882        (881 1 0 0) 1.0 (224.0000000000 223.8750000000) 0.125000 0.000142 5.6e-04 5.6e-04 (224.0000000000 223.8750000000) 6.3e-07 5.4e-07 0 1 0 0 1 0 1 bwd_weight padding_kernel_all_wrw_CHECK_RESNET50_CONFIG4_f16 (94 of 107)
205520896  (205520896 0 0 0) 0.0 (0.0000000000 0.0000000000) 0.000000 0.000000 0.0e+00 0.0e+00 (0.0000000000 0.0000000000) 0.0e+00 0.0e+00 0 1 1 0 1 0 1 fwd padding_kernel_gemmK_CHECK_RESNET50_F16_CONFIG1 (95 of 107)
205520896  (205520896 0 0 0) 0.0 (0.0000000000 0.0000000000) 0.000000 0.000000 0.0e+00 0.0e+00 (0.0000000000 0.0000000000) 0.0e+00 0.0e+00 0 1 1 0 1 0 1 fwd padding_kernel_gemmK_CHECK_RESNET50_F16_CONFIG2 (96 of 107)
205520896  (205344425 164688 11783 0) 2112.0 (-0.0002069473 -0.0000810623) 1.000000 0.000045 3.9e+00 1.2e-01 (-0.0013961792 -0.0012254715) 1.0e-06 1.5e-06 0 1 1 0 1 0 1 fwd padding_kernel_gemmK_CHECK_RESNET50_F16_CONFIG4 (97 of 107)
9408       (9191 189 28 0) 75.0 (-8.7421875000 -9.3281250000) 32.000000 0.153154 6.7e-02 6.7e-02 (-8.7421875000 -9.3281250000) 3.2e-05 0.0e+00 0 1 1 0 1 0 1 bwd_weight padding_kernel_gemmN_CHECK_RESNET50_CONFIG2 (98 of 107)
9408       (9199 184 25 0) 49.0 (19.5000000000 18.7343750000) 32.000000 0.130025 3.9e-02 3.9e-02 (19.5000000000 18.7343750000) 2.7e-05 0.0e+00 0 1 1 0 1 0 1 bwd_weight padding_kernel_gemmN_CHECK_RESNET50_CONFIG4 (99 of 107)
6422528    (6422528 0 0 0) 0.0 (0.0000000000 0.0000000000) 0.000000 0.000000 0.0e+00 0.0e+00 (0.0000000000 0.0000000000) 0.0e+00 0.0e+00 0 0 0 0 1 0 1 fwd Resnet50_validation_nchw_CHECK_NCHW_1_f16 (100 of 107)
25690112   (25690112 0 0 0) 0.0 (0.0000000000 0.0000000000) 0.000000 0.000000 0.0e+00 0.0e+00 (0.0000000000 0.0000000000) 0.0e+00 0.0e+00 0 0 0 0 1 0 1 fwd Resnet50_validation_nchw_CHECK_NCHW_2_f16 (101 of 107)
147456     (146304 1056 96 0) 87.0 (-0.0861206055 -0.0808105469) 16.000000 0.010382 6.2e-02 6.2e-02 (-0.0861206055 -0.0808105469) 8.2e-06 0.0e+00 0 0 0 0 1 0 1 bwd_weight Resnet50_validation_nchw_CHECK_NCHW_3_f16 (102 of 107)
65536      (64993 492 51 0) 102.0 (0.0916748047 0.0854492188) 16.000000 0.010742 6.8e-02 6.8e-02 (0.0916748047 0.0854492188) 9.2e-06 5.3e-06 0 0 0 0 1 0 1 bwd_weight Resnet50_validation_nchw_CHECK_NCHW_4_f16 (103 of 107)
6422528    (6408762 12727 1039 0) 704.0 (0.0001363754 0.0002202988) 2.000000 0.000333 6.2e-01 2.7e-01 (0.0020523071 0.0015029907) 2.5e-06 1.1e-06 0 0 0 0 1 0 1 fwd Resnet50_validation_nhwc_CHECK_NHWC_1_f16 (104 of 107)
25690112   (25690112 0 0 0) 0.0 (0.0000000000 0.0000000000) 0.000000 0.000000 0.0e+00 0.0e+00 (0.0000000000 0.0000000000) 0.0e+00 0.0e+00 0 0 0 0 1 0 1 fwd Resnet50_validation_nhwc_CHECK_NHWC_2_f16 (105 of 107)
147456     (146243 1101 112 0) 195.0 (-0.1287841797 -0.1168823242) 16.000000 0.009783 9.2e-02 9.2e-02 (-0.1287841797 -0.1168823242) 1.1e-05 0.0e+00 0 0 0 0 1 0 1 bwd_weight Resnet50_validation_nhwc_CHECK_NHWC_3_f16 (106 of 107)
65536      (65024 471 41 0) 308.0 (-0.0534057617 -0.0628051758) 16.000000 0.010648 1.8e-01 1.8e-01 (-0.0534057617 -0.0628051758) 1.1e-05 7.2e-06 0 0 0 0 1 0 1 bwd_weight Resnet50_validation_nhwc_CHECK_NHWC_4_f16 (107 of 107)
