25690112   (25616465 68085 5562 0) 244.0 (-0.0000190139 -0.0000044703) 0.250000 0.000005 3.6e+00 2.1e-02 (0.0010223389 0.0010442734) 3.6e-06 5.3e-07 1 0 0 0 0 1 0 fwd conv2d_harness_cpu_verifier_kyxc_nhwc_nhwk_f16_E2E_f16 (1 of 107)
802816     (802816 0 0 0) 0.0 (0.0000000000 0.0000000000) 0.000000 0.000000 0.0e+00 0.0e+00 (0.0000000000 0.0000000000) 0.0e+00 0.0e+00 0 1 1 0 1 0 1 bwd_data conv2d_host_validation_f16_bwd_CHECK_BWD_DATA1 (2 of 107)
4096       (4065 25 6 0) 6.0 (0.0152587891 0.0152130127) 1.000000 0.000275 3.0e-03 3.0e-03 (-0.0050506592 -0.0050354004) 7.9e-06 1.5e-05 0 1 1 0 1 0 1 bwd_weight conv2d_host_validation_f16_bwd_CHECK_BWD_WEIGHT1 (3 of 107)
147456     (145076 2134 246 0) 3349.0 (-0.0003204346 -0.0001208186) 0.125000 0.000225 6.2e-01 6.5e-02 (0.0017347336 0.0016222000) 2.0e-05 1.0e-05 0 1 1 0 1 0 1 bwd_weight conv2d_host_validation_f16_bwd_CHECK_ISSUE_127_10 (4 of 107)
294912     (291512 3115 285 0) 1248.0 (0.0000554323 0.0001298189) 0.125000 0.000109 1.3e+00 1.2e-01 (-0.0013856888 -0.0012197495) 1.6e-05 9.0e-06 0 1 1 0 1 0 1 bwd_weight conv2d_host_validation_f16_bwd_CHECK_ISSUE_127_15 (5 of 107)
589824     (584679 4697 448 0) 267.0 (-0.0001450777 -0.0001769066) 4.000000 0.000062 2.2e-01 3.9e-02 (0.0038890839 0.0037364960) 9.6e-06 1.3e-06 0 1 1 0 1 0 1 bwd_weight conv2d_host_validation_f16_bwd_CHECK_ISSUE_127_16 (6 of 107)
1179648    (1172532 6517 599 0) 180.0 (-0.0003528595 -0.0003957748) 0.062500 0.000024 1.2e-01 2.5e-02 (-0.0013647079 -0.0013303757) 6.2e-06 5.1e-06 0 1 1 0 1 0 1 bwd_weight conv2d_host_validation_f16_bwd_CHECK_ISSUE_127_17 (7 of 107)
147456     (143072 3920 464 0) 7571.0 (0.0003955364 -0.0000557303) 0.250000 0.000929 1.1e+00 1.8e-01 (-0.0085144043 -0.0100479126) 4.4e-05 1.5e-05 0 1 1 0 1 0 1 bwd_weight conv2d_host_validation_f16_bwd_CHECK_ISSUE_127_18 (8 of 107)
2097152    (2087051 9323 778 0) 342.0 (-0.0000084639 0.0000119209) 0.062500 0.000015 2.4e+00 3.7e-02 (0.0012474060 0.0012941360) 6.5e-06 4.8e-06 0 1 1 0 1 0 1 bwd_weight conv2d_host_validation_f16_bwd_CHECK_ISSUE_127_6 (9 of 107)
262144     (259780 2162 202 0) 897.0 (0.0001395941 0.0002465248) 0.062500 0.000058 7.7e-01 5.7e-02 (-0.0010290146 -0.0010881424) 1.2e-05 7.1e-06 0 1 1 0 1 0 1 bwd_weight conv2d_host_validation_f16_bwd_CHECK_ISSUE_127_7 (10 of 107)
147456     (145022 2207 227 0) 199.0 (-0.0020866394 -0.0024662018) 0.125000 0.000231 1.8e-01 1.8e-01 (-0.0020866394 -0.0024662018) 1.8e-05 1.0e-05 0 1 1 0 1 0 1 bwd_weight conv2d_host_validation_f16_bwd_CHECK_ISSUE_127_8 (11 of 107)
147456     (145164 2068 224 0) 57.0 (-0.0053405762 -0.0051231384) 0.125000 0.000203 4.4e-02 4.4e-02 (0.0045280457 0.0043296814) 1.6e-05 1.9e-07 0 1 1 0 1 0 1 bwd_weight conv2d_host_validation_f16_bwd_CHECK_ISSUE_127_9 (12 of 107)
1024       (1018 4 2 0) 3.0 (-0.0056571960 -0.0056686401) 0.015625 0.000031 2.0e-03 2.0e-03 (-0.0056571960 -0.0056686401) 6.3e-06 1.1e-05 0 1 1 0 1 0 1 bwd_weight conv2d_host_validation_f16_bwd_CHECK_ISSUE_70_1 (13 of 107)
65536      (64480 942 114 0) 108.0 (0.0033035278 0.0030975342) 16.000000 0.000720 6.2e-02 6.2e-02 (0.0033035278 0.0030975342) 1.9e-05 5.2e-06 0 1 1 0 1 0 1 bwd_weight conv2d_host_validation_f16_bwd_CHECK_ISSUE_70_2 (14 of 107)
4096       (4078 15 3 0) 25.0 (0.0007710457 0.0007829666) 0.062500 0.000037 1.5e-02 1.1e-03 (0.0071105957 0.0071182251) 7.1e-06 1.8e-05 0 1 1 0 1 0 1 bwd_weight conv2d_host_validation_f16_bwd_CHECK_ISSUE_70_3 (15 of 107)
1024       (1022 2 0 0) 1.0 (0.8613281250 0.8618164062) 0.000488 0.000001 5.7e-04 5.7e-04 (0.8613281250 0.8618164062) 1.1e-06 3.9e-08 0 1 1 0 1 0 1 bwd_weight conv2d_host_validation_f16_bwd_CHECK_ISSUE_71_1 (16 of 107)
1024       (1022 2 0 0) 1.0 (6.9335937500 6.9296875000) 0.003906 0.000008 5.6e-04 5.6e-04 (6.9335937500 6.9296875000) 1.1e-06 1.6e-07 0 1 1 0 1 0 1 bwd_weight conv2d_host_validation_f16_bwd_CHECK_ISSUE_71_2 (17 of 107)
1024       (1010 14 0 0) 1.0 (-0.4833984375 -0.4831542969) 0.031250 0.000099 9.3e-04 9.3e-04 (-0.5263671875 -0.5258789062) 9.0e-06 3.7e-07 0 1 1 0 1 0 1 bwd_weight conv2d_host_validation_f16_bwd_CHECK_ISSUE_71_3 (18 of 107)
1024       (1018 6 0 0) 1.0 (-0.1927490234 -0.1926269531) 0.000977 0.000002 9.7e-04 9.7e-04 (0.0627441406 0.0626831055) 4.4e-06 4.5e-07 0 1 1 0 1 0 1 bwd_weight conv2d_host_validation_f16_bwd_CHECK_ISSUE_71_4 (19 of 107)
12845056   (12826462 17358 1236 0) 60.0 (-0.0001040101 -0.0001075864) 0.015625 0.000001 3.5e+00 4.6e-03 (-0.0012531281 -0.0012474060) 2.0e-06 2.3e-06 0 0 0 0 0 1 0 fwd conv2d_host_validation_f16_CHECK_RESNET101_NCHW_CONFIG1_FWD_f16 (20 of 107)
12845056   (12827501 16352 1203 0) 60.0 (0.0000492930 0.0000528693) 0.015625 0.000001 2.4e+00 4.6e-03 (-0.0012559891 -0.0012617111) 1.8e-06 2.1e-06 0 0 0 0 0 1 0 fwd conv2d_host_validation_f16_CHECK_RESNET101_NCHW_CONFIG2_FWD_f16 (21 of 107)
25690112   (25690112 0 0 0) 0.0 (0.0000000000 0.0000000000) 0.000000 0.000000 0.0e+00 0.0e+00 (0.0000000000 0.0000000000) 0.0e+00 0.0e+00 0 0 0 0 0 1 0 bwd_data conv2d_host_validation_f16_CHECK_RESNET101_NCHW_CONFIG8_BWD_f16 (22 of 107)
102760448  (102691712 64470 4266 0) 18.0 (0.0000902414 0.0000891685) 0.007812 0.000000 2.0e+00 1.9e-03 (0.0010032654 0.0010013580) 7.5e-07 1.5e-06 0 0 0 0 0 1 0 fwd conv2d_host_validation_f16_CHECK_RESNET101_NCHW_CONFIG8_FWD_f16 (23 of 107)
16384      (16020 331 33 0) 113.0 (-0.0131454468 -0.0140075684) 0.500000 0.000540 6.6e-02 6.6e-02 (-0.0131454468 -0.0140075684) 2.5e-05 6.6e-06 0 0 0 0 0 1 0 bwd_weight conv2d_host_validation_f16_CHECK_RESNET101_NCHW_CONFIG8_WRW_f16 (24 of 107)
12845056   (12825356 18413 1287 0) 88.0 (-0.0001066923 -0.0001119375) 0.015625 0.000001 1.0e+00 2.8e-03 (-0.0010166168 -0.0010194778) 1.6e-06 2.4e-06 0 0 0 0 0 1 0 fwd conv2d_host_validation_f16_CHECK_RESNET101_NHWC_CONFIG1_FWD_f16 (25 of 107)
12845056   (12825828 17858 1370 0) 63.0 (-0.0000078082 -0.0000115633) 0.015625 0.000001 2.2e+00 3.9e-03 (0.0014619827 0.0014562607) 2.0e-06 2.2e-06 0 0 0 0 0 1 0 fwd conv2d_host_validation_f16_CHECK_RESNET101_NHWC_CONFIG2_FWD_f16 (26 of 107)
25690112   (25690112 0 0 0) 0.0 (0.0000000000 0.0000000000) 0.000000 0.000000 0.0e+00 0.0e+00 (0.0000000000 0.0000000000) 0.0e+00 0.0e+00 0 0 0 0 0 1 0 bwd_data conv2d_host_validation_f16_CHECK_RESNET101_NHWC_CONFIG8_BWD_f16 (27 of 107)
102760448  (102690682 65478 4288 0) 41.0 (0.0000478029 0.0000502467) 0.007812 0.000000 2.0e+00 1.9e-03 (0.0010128021 0.0010147095) 8.4e-07 8.1e-07 0 0 0 0 0 1 0 fwd conv2d_host_validation_f16_CHECK_RESNET101_NHWC_CONFIG8_FWD_f16 (28 of 107)
16384      (16033 316 35 0) 598.0 (0.0002703667 0.0004129410) 0.125000 0.000483 5.3e-01 3.9e-02 (-0.0153045654 -0.0147018433) 5.6e-05 1.4e-05 0 0 0 0 0 1 0 bwd_weight conv2d_host_validation_f16_CHECK_RESNET101_NHWC_CONFIG8_WRW_f16 (29 of 107)
4194304    (4194015 289 0 0) 1.0 (-0.0007748604 -0.0007743835) 0.000977 0.000000 4.1e-03 9.8e-04 (0.2502441406 0.2500000000) 4.9e-08 4.2e-07 0 1 1 0 1 0 1 fwd conv2d_host_validation_f16_fwd_CHECK_FILTER1_f16 (30 of 107)
4194304    (4193990 314 0 0) 1.0 (-0.0004231930 -0.0004229546) 0.000977 0.000000 7.7e-02 9.8e-04 (0.0625610352 0.0626220703) 7.5e-08 4.5e-07 0 1 1 0 1 0 1 fwd conv2d_host_validation_f16_fwd_CHECK_FILTER2_f16 (31 of 107)
16777216   (16774675 2529 12 0) 2.0 (-0.0000854135 -0.0000852942) 0.001953 0.000000 4.3e-02 9.8e-04 (0.0625610352 0.0625000000) 1.2e-07 6.7e-07 0 1 1 0 1 0 1 fwd conv2d_host_validation_f16_fwd_CHECK_ISSUE_114_1_f16 (32 of 107)
16777216   (16774675 2529 12 0) 2.0 (-0.0000854135 -0.0000852942) 0.001953 0.000000 4.3e-02 9.8e-04 (0.0625610352 0.0625000000) 1.2e-07 6.7e-07 0 1 1 0 1 0 1 fwd conv2d_host_validation_f16_fwd_CHECK_ISSUE_114_2_f16 (33 of 107)
4194304    (4193675 626 3 0) 2.0 (0.0000258684 0.0000257492) 0.001953 0.000000 1.4e-02 9.8e-04 (0.0625610352 0.0625000000) 1.1e-07 7.2e-07 0 1 1 0 1 0 1 fwd conv2d_host_validation_f16_fwd_CHECK_ISSUE_114_3_f16 (34 of 107)
4194304    (4193675 626 3 0) 2.0 (0.0000258684 0.0000257492) 0.001953 0.000000 1.4e-02 9.8e-04 (0.0625610352 0.0625000000) 1.1e-07 7.2e-07 0 1 1 0 1 0 1 fwd conv2d_host_validation_f16_fwd_CHECK_ISSUE_114_4_f16 (35 of 107)
16777216   (16774723 2486 7 0) 2.0 (0.0000902414 0.0000903606) 0.001953 0.000000 2.5e-01 9.8e-04 (-0.0625610352 -0.0625000000) 1.5e-07 7.3e-07 0 1 1 0 1 0 1 fwd conv2d_host_validation_f16_fwd_CHECK_ISSUE_114_5_f16 (36 of 107)
16777216   (16774723 2486 7 0) 2.0 (0.0000902414 0.0000903606) 0.001953 0.000000 2.5e-01 9.8e-04 (-0.0625610352 -0.0625000000) 1.5e-07 7.3e-07 0 1 1 0 1 0 1 fwd conv2d_host_validation_f16_fwd_CHECK_ISSUE_114_6_f16 (37 of 107)
4194304    (4193707 594 3 0) 2.0 (-0.0000761151 -0.0000759959) 0.001953 0.000000 2.8e-02 9.7e-04 (-0.5024414062 -0.5029296875) 1.1e-07 7.4e-07 0 1 1 0 1 0 1 fwd conv2d_host_validation_f16_fwd_CHECK_ISSUE_114_7_f16 (38 of 107)
4194304    (4193707 594 3 0) 2.0 (-0.0000761151 -0.0000759959) 0.001953 0.000000 2.8e-02 9.7e-04 (-0.5024414062 -0.5029296875) 1.1e-07 7.4e-07 0 1 1 0 1 0 1 fwd conv2d_host_validation_f16_fwd_CHECK_ISSUE_114_8_f16 (39 of 107)
12845056   (12790999 49804 4253 0) 490.0 (-0.0000040531 -0.0000332594) 0.125000 0.000010 7.9e+01 2.6e-02 (0.0013818741 0.0014171600) 1.4e-05 1.1e-06 0 1 1 0 1 0 1 fwd conv2d_host_validation_f16_fwd_CHECK_ISSUE_127_11_f16 (40 of 107)
12845056   (12791927 48982 4147 0) 487.0 (0.0001271963 0.0000981688) 0.250000 0.000010 6.9e+00 2.7e-02 (-0.0015268326 -0.0014858246) 6.0e-06 1.1e-06 0 1 1 0 1 0 1 fwd conv2d_host_validation_f16_fwd_CHECK_ISSUE_127_12_f16 (41 of 107)
12845056   (12793922 47121 4013 0) 361.0 (-0.0000129938 -0.0000345111) 0.250000 0.000009 1.7e+00 3.4e-02 (-0.0013799667 -0.0013332367) 5.2e-06 1.1e-06 0 1 1 0 1 0 1 fwd conv2d_host_validation_f16_fwd_CHECK_ISSUE_127_13_f16 (42 of 107)
12845056   (12790558 50270 4228 0) 492.0 (0.0000384450 0.0000091195) 0.062500 0.000011 1.1e+01 3.5e-02 (-0.0011281967 -0.0010890961) 6.9e-06 1.2e-06 0 1 1 0 1 0 1 fwd conv2d_host_validation_f16_fwd_CHECK_ISSUE_127_14_f16 (43 of 107)
12845056   (12790115 50572 4369 0) 367.0 (-0.0000838637 -0.0000619888) 0.031250 0.000011 5.9e+00 2.8e-02 (-0.0013055801 -0.0013427734) 6.1e-06 1.2e-06 0 1 1 0 1 0 1 fwd conv2d_host_validation_f16_fwd_CHECK_ISSUE_127_1_f16 (44 of 107)
6422528    (6384916 34549 3063 0) 1127.0 (0.0001214147 0.0001885891) 0.500000 0.000022 3.4e+01 3.9e-02 (0.0014104843 0.0013551712) 1.4e-05 1.1e-06 0 1 1 0 1 0 1 fwd conv2d_host_validation_f16_fwd_CHECK_ISSUE_127_2_f16 (45 of 107)
25690112   (25611931 72359 5822 0) 252.0 (0.0001198053 0.0001348257) 0.031250 0.000005 3.7e+00 2.0e-02 (0.0012540817 0.0012292862) 4.1e-06 3.3e-06 0 1 1 0 1 0 1 fwd conv2d_host_validation_f16_fwd_CHECK_ISSUE_127_3_f16 (46 of 107)
12845056   (12791207 49680 4169 0) 525.0 (-0.0000494719 -0.0000807643) 0.031250 0.000011 7.7e+00 3.0e-02 (-0.0018081665 -0.0018615723) 5.7e-06 4.0e-06 0 1 1 0 1 0 1 fwd conv2d_host_validation_f16_fwd_CHECK_ISSUE_127_4_f16 (47 of 107)
12845056   (12793800 47287 3969 0) 341.0 (-0.0002830029 -0.0002423525) 0.031250 0.000010 2.1e+01 2.6e-02 (-0.0015525818 -0.0015926361) 7.1e-06 4.0e-06 0 1 1 0 1 0 1 fwd conv2d_host_validation_f16_fwd_CHECK_ISSUE_127_5_f16 (48 of 107)
7372800    (7366897 5539 364 0) 13.0 (-0.0000745654 -0.0000753403) 0.007812 0.000000 2.9e-01 9.8e-04 (0.0078125000 0.0078201294) 8.4e-07 1.7e-06 0 1 1 0 1 0 1 fwd conv2d_host_validation_f16_fwd_CHECK_ISSUE_40_1_f16 (49 of 107)
3440640    (3436695 3709 236 0) 31.0 (0.0000321865 0.0000340343) 0.007812 0.000001 2.7e-01 1.5e-03 (-0.0012426376 -0.0012407303) 1.2e-06 2.1e-06 0 1 1 0 1 0 1 fwd conv2d_host_validation_f16_fwd_CHECK_ISSUE_40_2_f16 (50 of 107)
6422528    (6410205 11477 846 0) 75.0 (0.0000240207 0.0000195503) 0.015625 0.000002 2.9e-01 5.6e-03 (-0.0010147095 -0.0010089874) 2.1e-06 2.7e-06 0 1 1 0 1 0 1 fwd conv2d_host_validation_f16_fwd_CHECK_ISSUE_40_3_f16 (51 of 107)
14745600   (14726002 18260 1338 0) 40.0 (-0.0000047684 -0.0000071526) 0.015625 0.000001 6.4e-01 3.5e-03 (0.0010890961 0.0010852814) 1.5e-06 2.3e-06 0 1 1 0 1 0 1 fwd conv2d_host_validation_f16_fwd_CHECK_ISSUE_40_4_f16 (52 of 107)
6881280    (6874128 6714 438 0) 39.0 (0.0000805855 0.0000782609) 0.007812 0.000001 2.7e-01 2.4e-03 (0.0011835098 0.0011863708) 1.1e-06 1.9e-06 0 1 0 0 0 0 1 fwd conv2d_host_validation_f16_fwd_CHECK_ISSUE_40_5_f16 (53 of 107)
1048576    (1047137 1344 95 0) 34.0 (0.0000777245 0.0000797510) 0.007812 0.000001 2.6e-02 2.4e-03 (0.0011854172 0.0011882782) 1.2e-06 2.4e-06 0 1 1 0 1 0 1 fwd conv2d_host_validation_f16_fwd_CHECK_ISSUE_41_10_f16 (54 of 107)
12845056   (12834705 9734 617 0) 15.0 (0.0000032187 0.0000023246) 0.007812 0.000000 1.0e+00 9.8e-04 (-0.0156250000 -0.0156402588) 9.4e-07 1.7e-06 0 1 1 0 1 0 1 fwd conv2d_host_validation_f16_fwd_CHECK_ISSUE_41_11_f16 (55 of 107)
9437184    (9424423 11908 853 0) 44.0 (0.0000684857 0.0000658631) 0.015625 0.000001 7.0e+00 3.5e-03 (-0.0011014938 -0.0011053085) 2.3e-06 2.2e-06 0 1 1 0 1 0 1 fwd conv2d_host_validation_f16_fwd_CHECK_ISSUE_41_12_f16 (56 of 107)
921600     (920837 710 53 0) 11.0 (-0.0001190901 -0.0001197457) 0.003906 0.000000 9.5e-02 9.7e-04 (0.0039253235 0.0039291382) 1.0e-06 1.7e-06 0 1 1 0 1 0 1 fwd conv2d_host_validation_f16_fwd_CHECK_ISSUE_41_2_f16 (57 of 107)
1605632    (1604469 1092 71 0) 9.0 (0.0000861287 0.0000855923) 0.007812 0.000000 8.9e-02 9.8e-04 (-8.0000000000 -8.0078125000) 6.9e-07 2.0e-06 0 1 1 0 1 0 1 fwd conv2d_host_validation_f16_fwd_CHECK_ISSUE_41_3_f16 (58 of 107)
200704     (200558 137 9 0) 6.0 (0.0000948906 0.0000945330) 0.003906 0.000000 4.4e-03 9.5e-04 (-2.0546875000 -2.0527343750) 5.5e-07 1.7e-06 0 1 1 0 1 0 1 fwd conv2d_host_validation_f16_fwd_CHECK_ISSUE_41_4_f16 (59 of 107)
1605632    (1603768 1747 117 0) 31.0 (0.0000321865 0.0000340343) 0.007812 0.000001 2.3e-01 1.5e-03 (-0.0012426376 -0.0012407303) 1.2e-06 2.2e-06 0 1 1 0 1 0 1 fwd conv2d_host_validation_f16_fwd_CHECK_ISSUE_41_5_f16 (60 of 107)
802816     (802226 558 32 0) 8.0 (-0.0000269413 -0.0000264645) 0.007812 0.000000 1.8e-02 9.8e-04 (-8.0000000000 -8.0078125000) 5.9e-07 2.1e-06 0 1 1 0 1 0 1 fwd conv2d_host_validation_f16_fwd_CHECK_ISSUE_41_6_f16 (61 of 107)
4194304    (4191014 3075 215 0) 14.0 (0.0001065731 0.0001074076) 0.007812 0.000000 2.0e+00 9.8e-04 (0.0078125000 0.0078201294) 1.2e-06 1.7e-06 0 1 1 0 1 0 1 fwd conv2d_host_validation_f16_fwd_CHECK_ISSUE_41_7_f16 (62 of 107)
3211264    (3206972 4008 284 0) 32.0 (-0.0000412464 -0.0000393391) 0.007812 0.000001 2.4e-01 2.1e-03 (0.0018491745 0.0018453598) 1.4e-06 2.2e-06 0 1 1 0 1 0 1 fwd conv2d_host_validation_f16_fwd_CHECK_ISSUE_41_8_f16 (63 of 107)
2359296    (2357410 1775 111 0) 10.0 (0.0000711679 0.0000705719) 0.007812 0.000000 4.0e-01 9.8e-04 (-4.0039062500 -4.0078125000) 9.2e-07 1.7e-06 0 1 1 0 1 0 1 fwd conv2d_host_validation_f16_fwd_CHECK_ISSUE_41_9_f16 (64 of 107)
25690112   (25616422 68117 5573 0) 262.0 (0.0001126528 0.0001282692) 0.031250 0.000005 1.8e+01 2.0e-02 (0.0010251999 0.0010452271) 4.4e-06 3.3e-06 0 1 1 0 1 0 1 fwd conv2d_host_validation_f16_fwd_CHECK_KCYX_NCHW_NKHW1_f16 (65 of 107)
3686400    (3684764 1552 84 0) 7.0 (0.0001169443 0.0001173615) 0.003906 0.000000 8.8e-02 9.8e-04 (-2.0000000000 -2.0019531250) 4.5e-07 1.3e-06 0 1 1 0 1 0 1 fwd conv2d_host_validation_f16_fwd_CHECK_KCYX_NCHW_NKHW2_f16 (66 of 107)
409600     (409416 177 7 0) 4.0 (0.0001127124 0.0001124740) 0.003906 0.000000 2.3e-02 9.7e-04 (0.5024414062 0.5019531250) 3.9e-07 1.4e-06 0 1 1 0 1 0 1 fwd conv2d_host_validation_f16_fwd_CHECK_KCYX_NCHW_NKHW3_f16 (67 of 107)
147456     (147392 60 4 0) 3.0 (-0.0000017285 -0.0000019073) 0.003906 0.000000 1.0e-01 9.4e-04 (1.0361328125 1.0351562500) 1.0e-06 1.6e-06 0 1 1 0 1 0 1 fwd conv2d_host_validation_f16_fwd_CHECK_KCYX_NCHW_NKHW4_f16 (68 of 107)
102400     (102353 45 2 0) 2.0 (0.0002375841 0.0002373457) 0.001953 0.000000 6.4e-03 9.7e-04 (0.5024414062 0.5019531250) 3.8e-07 1.6e-06 0 1 1 0 1 0 1 fwd conv2d_host_validation_f16_fwd_CHECK_KCYX_NCHW_NKHW5_f16 (69 of 107)
15745024   (15738331 6354 339 0) 8.0 (0.0000892282 0.0000897050) 0.003906 0.000000 4.4e-01 9.8e-04 (-4.0000000000 -4.0039062500) 4.3e-07 1.3e-06 0 1 1 0 1 0 1 fwd conv2d_host_validation_f16_fwd_CHECK_KCYX_NCHW_NKHW6_f16 (70 of 107)
13778944   (13765167 12844 933 0) 26.0 (-0.0001196265 -0.0001211762) 0.007812 0.000001 7.5e-01 2.4e-03 (0.0012111664 0.0012140274) 1.1e-06 1.8e-06 0 1 1 0 1 0 1 fwd conv2d_host_validation_f16_fwd_CHECK_KCYX_NCHW_NKHW7_f16 (71 of 107)
25690112   (25616465 68085 5562 0) 244.0 (-0.0000190139 -0.0000044703) 0.250000 0.000005 3.6e+00 2.1e-02 (0.0010223389 0.0010442734) 3.6e-06 5.3e-07 0 1 1 0 1 0 1 fwd conv2d_host_validation_f16_fwd_CHECK_KYXC_NHWC_NHWK1_f16 (72 of 107)
3686400    (3684293 1981 126 0) 7.0 (0.0000054240 0.0000058413) 0.003906 0.000000 1.2e-01 9.8e-04 (-1.0000000000 -1.0009765625) 5.7e-07 1.6e-06 0 1 1 0 1 0 1 fwd conv2d_host_validation_f16_fwd_CHECK_KYXC_NHWC_NHWK2_f16 (73 of 107)
409600     (409366 221 13 0) 3.0 (0.0002361536 0.0002365112) 0.003906 0.000000 9.9e-03 9.7e-04 (0.0039520264 0.0039558411) 4.5e-07 1.8e-06 0 1 1 0 1 0 1 fwd conv2d_host_validation_f16_fwd_CHECK_KYXC_NHWC_NHWK3_f16 (74 of 107)
147456     (147371 82 3 0) 3.0 (0.0000734329 0.0000736117) 0.001953 0.000000 4.4e-03 9.7e-04 (0.2507324219 0.2504882812) 4.4e-07 1.4e-06 0 1 1 0 1 0 1 fwd conv2d_host_validation_f16_fwd_CHECK_KYXC_NHWC_NHWK4_f16 (75 of 107)
102400     (102345 53 2 0) 2.0 (0.0000478029 0.0000476837) 0.001953 0.000000 3.6e-03 9.6e-04 (0.5063476562 0.5058593750) 4.2e-07 1.4e-06 0 1 1 0 1 0 1 fwd conv2d_host_validation_f16_fwd_CHECK_KYXC_NHWC_NHWK5_f16 (76 of 107)
15745024   (15736684 7953 387 0) 7.0 (-0.0000013113 -0.0000008941) 0.003906 0.000000 2.0e+00 9.8e-04 (0.0019531250 0.0019550323) 7.6e-07 1.3e-06 0 1 1 0 1 0 1 fwd conv2d_host_validation_f16_fwd_CHECK_KYXC_NHWC_NHWK6_f16 (77 of 107)
13778944   (13763986 14019 939 0) 42.0 (-0.0000487566 -0.0000512600) 0.007812 0.000001 2.0e+00 1.9e-03 (-0.0010051727 -0.0010032654) 1.3e-06 1.8e-06 0 1 1 0 1 0 1 fwd conv2d_host_validation_f16_fwd_CHECK_KYXC_NHWC_NHWK7_f16 (78 of 107)
802816     (802493 306 17 0) 6.0 (0.0000035763 0.0000032187) 0.003906 0.000000 1.0e-01 9.7e-04 (-0.0078582764 -0.0078659058) 5.8e-07 1.4e-06 0 1 1 0 1 0 1 fwd conv2d_host_validation_f16_fwd_CHECK_PADDING1_f16 (79 of 107)
802816     (802370 418 28 0) 4.0 (-0.0000264645 -0.0000262260) 0.003906 0.000000 2.7e-02 9.7e-04 (0.2507324219 0.2504882812) 4.8e-07 1.6e-06 0 1 1 0 1 0 1 fwd conv2d_host_validation_f16_fwd_CHECK_PADDING2_f16 (80 of 107)
2048       (2048 0 0 0) 0.0 (0.0000000000 0.0000000000) 0.000000 0.000000 0.0e+00 0.0e+00 (0.0000000000 0.0000000000) 0.0e+00 0.0e+00 0 1 1 0 1 0 1 fwd conv2d_host_validation_f16_fwd_CHECK_PADDING3_f16 (81 of 107)
205520896  (205382536 129899 8461 0) 24.0 (-0.0000690222 -0.0000704527) 0.007812 0.000000 6.0e+00 1.9e-03 (0.0010032654 0.0010013580) 8.2e-07 1.5e-06 0 1 0 0 1 0 1 fwd conv2d_host_validation_f32_fwd_GROUP_NCHW_f16 (82 of 107)
51380224   (51345660 32447 2117 0) 20.0 (0.0000998974 0.0001010895) 0.007812 0.000000 2.0e+00 1.9e-03 (0.0010032654 0.0010013580) 8.3e-07 1.6e-06 1 0 0 0 0 1 0 fwd conv2d_host_validation_random_CHECK_KCYX_NCHW_NKHW_5_f16 (83 of 107)
51380224   (51345660 32447 2117 0) 20.0 (0.0000998974 0.0001010895) 0.007812 0.000000 2.0e+00 1.9e-03 (0.0010032654 0.0010013580) 8.3e-07 1.6e-06 1 0 0 0 0 1 0 fwd conv2d_host_validation_random_CHECK_KCYX_NCHW_NKHW_6_f16 (84 of 107)
47775744   (47671486 96657 7601 0) 166.0 (0.0000131130 0.0000230074) 0.031250 0.000003 2.4e+00 2.3e-02 (-0.0011034012 -0.0011291504) 2.5e-06 2.9e-06 1 0 0 0 0 1 0 fwd conv2d_host_validation_random_CHECK_KCYX_NCHW_NKHW_7_f16 (85 of 107)
51380224   (51269645 102519 8060 0) 166.0 (0.0000131130 0.0000230074) 0.031250 0.000003 2.4e+00 2.3e-02 (-0.0011034012 -0.0011291504) 2.5e-06 2.9e-06 1 0 0 0 0 1 0 fwd conv2d_host_validation_random_CHECK_KCYX_NCHW_NKHW_8_f16 (86 of 107)
16777216   (16774675 2529 12 0) 2.0 (-0.0000854135 -0.0000852942) 0.001953 0.000000 4.3e-02 9.8e-04 (0.0625610352 0.0625000000) 1.2e-07 6.7e-07 1 0 0 0 0 1 0 fwd conv2d_host_validation_random_CHECK_KYXC_NHWC_NHWK_4_f16 (87 of 107)
16777216   (16774675 2529 12 0) 2.0 (-0.0000854135 -0.0000852942) 0.001953 0.000000 4.3e-02 9.8e-04 (0.0625610352 0.0625000000) 1.2e-07 6.7e-07 1 0 0 0 0 1 0 fwd conv2d_host_validation_random_CHECK_KYXC_NHWC_NHWK_5_f16 (88 of 107)
25690112   (25616422 68117 5573 0) 262.0 (0.0001126528 0.0001282692) 0.031250 0.000005 1.8e+01 2.0e-02 (0.0010251999 0.0010452271) 4.4e-06 3.3e-06 1 0 1 0 0 1 0 fwd conv2d_host_validation_random_CHECK_RAND_FLOAT_2_f16 (89 of 107)
205520896  (205382288 130171 8437 0) 24.0 (0.0000340939 0.0000326633) 0.007812 0.000000 3.0e+00 1.8e-03 (-0.0010719299 -0.0010700226) 7.8e-07 8.0e-07 1 0 0 0 0 1 0 fwd conv2d_host_validation_random_GROUP_NHWC_f16 (90 of 107)
30720      (30692 27 1 0) 4.0 (-0.0003166199 -0.0003175735) 0.003906 0.000001 3.0e-03 9.7e-04 (0.2519531250 0.2521972656) 7.2e-07 3.2e-06 0 1 0 0 1 0 1 fwd padding_kernel_all_fwd_CHECK_RESNET50_CONFIG2_f16 (91 of 107)
30720      (30687 32 1 0) 3.0 (0.0001367331 0.0001363754) 0.001953 0.000000 2.6e-03 9.6e-04 (0.0079879761 0.0079956055) 7.4e-07 1.2e-06 0 1 0 0 1 0 1 fwd padding_kernel_all_fwd_CHECK_RESNET50_CONFIG4_f16 (92 of 107)
882        (876 6 0 0) 1.0 (0.5371093750 0.5366210938) 0.015625 0.000037 9.6e-04 9.6e-04 (-1.0185546875 -1.0195312500) 4.9e-06 7.9e-06 0 1 0 0 1 0 1 bwd_weight padding_kernel_all_wrw_CHECK_RESNET50_CONFIG2_f16 (93 of 107)
882        (879 2 1 0) 5.0 (0.0180664062 0.0179901123) 0.015625 0.000027 4.2e-03 4.2e-03 (0.0180664062 0.0179901123) 6.2e-06 7.5e-06 0 1 0 0 1 0 1 bwd_weight padding_kernel_all_wrw_CHECK_RESNET50_CONFIG4_f16 (94 of 107)
205520896  (205300922 205120 14854 0) 66.0 (-0.0000760555 -0.0000799894) 0.015625 0.000001 7.0e+00 3.4e-03 (0.0011291504 0.0011329651) 1.4e-06 1.9e-06 0 1 1 0 1 0 1 fwd padding_kernel_gemmK_CHECK_RESNET50_F16_CONFIG1 (95 of 107)
205520896  (205298495 207571 14830 0) 50.0 (-0.0000511408 -0.0000541210) 0.015625 0.000001 1.3e+01 4.6e-03 (-0.0010318756 -0.0010366440) 1.4e-06 1.9e-06 0 1 1 0 1 0 1 fwd padding_kernel_gemmK_CHECK_RESNET50_F16_CONFIG2 (96 of 107)
205520896  (205284132 220971 15793 0) 52.0 (0.0001244545 0.0001213551) 0.015625 0.000001 5.0e+00 4.1e-03 (-0.0011692047 -0.0011644363) 1.3e-06 1.9e-06 0 1 1 0 1 0 1 fwd padding_kernel_gemmK_CHECK_RESNET50_F16_CONFIG4 (97 of 107)
9408       (8879 467 62 0) 319.0 (0.0269622803 0.0220947266) 0.500000 0.003888 1.8e-01 1.8e-01 (0.0269622803 0.0220947266) 8.2e-05 2.0e-05 0 1 1 0 1 0 1 bwd_weight padding_kernel_gemmN_CHECK_RESNET50_CONFIG2 (98 of 107)
9408       (8965 393 50 0) 197.0 (0.1060180664 0.0939941406) 0.500000 0.003023 1.2e-01 1.2e-01 (-0.0445251465 -0.0499267578) 9.0e-05 1.8e-05 0 1 1 0 1 0 1 bwd_weight padding_kernel_gemmN_CHECK_RESNET50_CONFIG4 (99 of 107)
6422528    (6403426 17635 1467 0) 192.0 (-0.0000291467 -0.0000405908) 0.031250 0.000005 1.4e+00 1.5e-02 (-0.0011873245 -0.0011692047) 3.5e-06 3.3e-06 0 0 0 0 1 0 1 fwd Resnet50_validation_nchw_CHECK_NCHW_1_f16 (100 of 107)
25690112   (25664498 23898 1716 0) 36.0 (-0.0001200438 -0.0001178980) 0.007812 0.000001 5.0e-01 2.3e-03 (0.0012521744 0.0012550354) 1.1e-06 1.7e-06 0 0 0 0 1 0 1 fwd Resnet50_validation_nchw_CHECK_NCHW_2_f16 (101 of 107)
147456     (145164 2068 224 0) 57.0 (-0.0053405762 -0.0051231384) 0.125000 0.000203 4.4e-02 4.4e-02 (0.0045280457 0.0043296814) 1.6e-05 1.9e-07 0 0 0 0 1 0 1 bwd_weight Resnet50_validation_nchw_CHECK_NCHW_3_f16 (102 of 107)
65536      (64481 950 105 0) 122.0 (-0.0040168762 -0.0037841797) 0.125000 0.000251 5.8e-02 5.8e-02 (-0.0040168762 -0.0037841797) 1.8e-05 8.7e-06 0 0 0 0 1 0 1 bwd_weight Resnet50_validation_nchw_CHECK_NCHW_4_f16 (103 of 107)
6422528    (6402969 18090 1469 0) 323.0 (-0.0000936389 -0.0000743866) 0.031250 0.000005 1.2e+01 1.5e-02 (0.0012044907 0.0011863708) 6.2e-06 1.3e-06 0 0 0 0 1 0 1 fwd Resnet50_validation_nhwc_CHECK_NHWC_1_f16 (104 of 107)
25690112   (25664373 24053 1686 0) 45.0 (0.0000030398 0.0000057220) 0.007812 0.000001 1.3e+00 2.5e-03 (-0.0011634827 -0.0011663437) 1.3e-06 7.3e-07 0 0 0 0 1 0 1 fwd Resnet50_validation_nhwc_CHECK_NHWC_2_f16 (105 of 107)
147456     (144944 2302 210 0) 356.0 (-0.0001815557 -0.0002239943) 16.000000 0.000457 2.3e-01 6.3e-02 (-0.0097274780 -0.0103378296) 2.1e-05 3.5e-06 0 0 0 0 1 0 1 bwd_weight Resnet50_validation_nhwc_CHECK_NHWC_3_f16 (106 of 107)
65536      (64461 975 100 0) 271.0 (0.0015048981 0.0017633438) 0.250000 0.000236 1.7e-01 1.7e-01 (0.0015048981 0.0017633438) 2.2e-05 1.1e-05 0 0 0 0 1 0 1 bwd_weight Resnet50_validation_nhwc_CHECK_NHWC_4_f16 (107 of 107)
