25690112   (25690112 0 0 0) 0.0 (0.0000000000 0.0000000000) 0.000000 0.000000 0.0e+00 0.0e+00 (0.0000000000 0.0000000000) 0.0e+00 0.0e+00 1 0 0 0 0 1 0 fwd conv2d_harness_cpu_verifier_kyxc_nhwc_nhwk_f16_E2E_f16 (1 of 107)
802816     (802816 0 0 0) 0.0 (0.0000000000 0.0000000000) 0.000000 0.000000 0.0e+00 0.0e+00 (0.0000000000 0.0000000000) 0.0e+00 0.0e+00 0 1 1 0 1 0 1 bwd_data conv2d_host_validation_f16_bwd_CHECK_BWD_DATA1 (2 of 107)
4096       (4096 0 0 0) 0.0 (0.0000000000 0.0000000000) 0.000000 0.000000 0.0e+00 0.0e+00 (0.0000000000 0.0000000000) 0.0e+00 0.0e+00 0 1 1 0 1 0 1 bwd_weight conv2d_host_validation_f16_bwd_CHECK_BWD_WEIGHT1 (3 of 107)
147456     (147456 0 0 0) 0.0 (0.0000000000 0.0000000000) 0.000000 0.000000 0.0e+00 0.0e+00 (0.0000000000 0.0000000000) 0.0e+00 0.0e+00 0 1 1 0 1 0 1 bwd_weight conv2d_host_validation_f16_bwd_CHECK_ISSUE_127_10 (4 of 107)
294912     (294912 0 0 0) 0.0 (0.0000000000 0.0000000000) 0.000000 0.000000 0.0e+00 0.0e+00 (0.0000000000 0.0000000000) 0.0e+00 0.0e+00 0 1 1 0 1 0 1 bwd_weight conv2d_host_validation_f16_bwd_CHECK_ISSUE_127_15 (5 of 107)
589824     (589824 0 0 0) 0.0 (0.0000000000 0.0000000000) 0.000000 0.000000 0.0e+00 0.0e+00 (0.0000000000 0.0000000000) 0.0e+00 0.0e+00 0 1 1 0 1 0 1 bwd_weight conv2d_host_validation_f16_bwd_CHECK_ISSUE_127_16 (6 of 107)
1179648    (1179648 0 0 0) 0.0 (0.0000000000 0.0000000000) 0.000000 0.000000 0.0e+00 0.0e+00 (0.0000000000 0.0000000000) 0.0e+00 0.0e+00 0 1 1 0 1 0 1 bwd_weight conv2d_host_validation_f16_bwd_CHECK_ISSUE_127_17 (7 of 107)
147456     (147456 0 0 0) 0.0 (0.0000000000 0.0000000000) 0.000000 0.000000 0.0e+00 0.0e+00 (0.0000000000 0.0000000000) 0.0e+00 0.0e+00 0 1 1 0 1 0 1 bwd_weight conv2d_host_validation_f16_bwd_CHECK_ISSUE_127_18 (8 of 107)
2097152    (2097152 0 0 0) 0.0 (0.0000000000 0.0000000000) 0.000000 0.000000 0.0e+00 0.0e+00 (0.0000000000 0.0000000000) 0.0e+00 0.0e+00 0 1 1 0 1 0 1 bwd_weight conv2d_host_validation_f16_bwd_CHECK_ISSUE_127_6 (9 of 107)
262144     (262144 0 0 0) 0.0 (0.0000000000 0.0000000000) 0.000000 0.000000 0.0e+00 0.0e+00 (0.0000000000 0.0000000000) 0.0e+00 0.0e+00 0 1 1 0 1 0 1 bwd_weight conv2d_host_validation_f16_bwd_CHECK_ISSUE_127_7 (10 of 107)
147456     (147456 0 0 0) 0.0 (0.0000000000 0.0000000000) 0.000000 0.000000 0.0e+00 0.0e+00 (0.0000000000 0.0000000000) 0.0e+00 0.0e+00 0 1 1 0 1 0 1 bwd_weight conv2d_host_validation_f16_bwd_CHECK_ISSUE_127_8 (11 of 107)
147456     (147456 0 0 0) 0.0 (0.0000000000 0.0000000000) 0.000000 0.000000 0.0e+00 0.0e+00 (0.0000000000 0.0000000000) 0.0e+00 0.0e+00 0 1 1 0 1 0 1 bwd_weight conv2d_host_validation_f16_bwd_CHECK_ISSUE_127_9 (12 of 107)
1024       (1024 0 0 0) 0.0 (0.0000000000 0.0000000000) 0.000000 0.000000 0.0e+00 0.0e+00 (0.0000000000 0.0000000000) 0.0e+00 0.0e+00 0 1 1 0 1 0 1 bwd_weight conv2d_host_validation_f16_bwd_CHECK_ISSUE_70_1 (13 of 107)
65536      (65536 0 0 0) 0.0 (0.0000000000 0.0000000000) 0.000000 0.000000 0.0e+00 0.0e+00 (0.0000000000 0.0000000000) 0.0e+00 0.0e+00 0 1 1 0 1 0 1 bwd_weight conv2d_host_validation_f16_bwd_CHECK_ISSUE_70_2 (14 of 107)
4096       (4096 0 0 0) 0.0 (0.0000000000 0.0000000000) 0.000000 0.000000 0.0e+00 0.0e+00 (0.0000000000 0.0000000000) 0.0e+00 0.0e+00 0 1 1 0 1 0 1 bwd_weight conv2d_host_validation_f16_bwd_CHECK_ISSUE_70_3 (15 of 107)
1024       (1024 0 0 0) 0.0 (0.0000000000 0.0000000000) 0.000000 0.000000 0.0e+00 0.0e+00 (0.0000000000 0.0000000000) 0.0e+00 0.0e+00 0 1 1 0 1 0 1 bwd_weight conv2d_host_validation_f16_bwd_CHECK_ISSUE_71_1 (16 of 107)
1024       (1024 0 0 0) 0.0 (0.0000000000 0.0000000000) 0.000000 0.000000 0.0e+00 0.0e+00 (0.0000000000 0.0000000000) 0.0e+00 0.0e+00 0 1 1 0 1 0 1 bwd_weight conv2d_host_validation_f16_bwd_CHECK_ISSUE_71_2 (17 of 107)
1024       (1024 0 0 0) 0.0 (0.0000000000 0.0000000000) 0.000000 0.000000 0.0e+00 0.0e+00 (0.0000000000 0.0000000000) 0.0e+00 0.0e+00 0 1 1 0 1 0 1 bwd_weight conv2d_host_validation_f16_bwd_CHECK_ISSUE_71_3 (18 of 107)
1024       (1024 0 0 0) 0.0 (0.0000000000 0.0000000000) 0.000000 0.000000 0.0e+00 0.0e+00 (0.0000000000 0.0000000000) 0.0e+00 0.0e+00 0 1 1 0 1 0 1 bwd_weight conv2d_host_validation_f16_bwd_CHECK_ISSUE_71_4 (19 of 107)
12845056   (12845056 0 0 0) 0.0 (0.0000000000 0.0000000000) 0.000000 0.000000 0.0e+00 0.0e+00 (0.0000000000 0.0000000000) 0.0e+00 0.0e+00 0 0 0 0 0 1 0 fwd conv2d_host_validation_f16_CHECK_RESNET101_NCHW_CONFIG1_FWD_f16 (20 of 107)
12845056   (12845056 0 0 0) 0.0 (0.0000000000 0.0000000000) 0.000000 0.000000 0.0e+00 0.0e+00 (0.0000000000 0.0000000000) 0.0e+00 0.0e+00 0 0 0 0 0 1 0 fwd conv2d_host_validation_f16_CHECK_RESNET101_NCHW_CONFIG2_FWD_f16 (21 of 107)
25690112   (25690112 0 0 0) 0.0 (0.0000000000 0.0000000000) 0.000000 0.000000 0.0e+00 0.0e+00 (0.0000000000 0.0000000000) 0.0e+00 0.0e+00 0 0 0 0 0 1 0 bwd_data conv2d_host_validation_f16_CHECK_RESNET101_NCHW_CONFIG8_BWD_f16 (22 of 107)
102760448  (102760448 0 0 0) 0.0 (0.0000000000 0.0000000000) 0.000000 0.000000 0.0e+00 0.0e+00 (0.0000000000 0.0000000000) 0.0e+00 0.0e+00 0 0 0 0 0 1 0 fwd conv2d_host_validation_f16_CHECK_RESNET101_NCHW_CONFIG8_FWD_f16 (23 of 107)
16384      (16384 0 0 0) 0.0 (0.0000000000 0.0000000000) 0.000000 0.000000 0.0e+00 0.0e+00 (0.0000000000 0.0000000000) 0.0e+00 0.0e+00 0 0 0 0 0 1 0 bwd_weight conv2d_host_validation_f16_CHECK_RESNET101_NCHW_CONFIG8_WRW_f16 (24 of 107)
12845056   (12822400 21026 1630 0) 928.0 (0.0004882812 0.0007095337) 2.000000 0.000136 4.5e-01 3.0e-01 (0.0010623932 0.0013828278) 1.9e-06 2.5e-06 0 0 0 0 0 1 0 fwd conv2d_host_validation_f16_CHECK_RESNET101_NHWC_CONFIG1_FWD_f16 (25 of 107)
12845056   (12823652 19891 1513 0) 1600.0 (0.0002059937 0.0003967285) 1.000000 0.000123 1.2e+00 1.5e-01 (0.0017471313 0.0020103455) 2.0e-06 2.3e-06 0 0 0 0 0 1 0 fwd conv2d_host_validation_f16_CHECK_RESNET101_NHWC_CONFIG2_FWD_f16 (26 of 107)
25690112   (25690112 0 0 0) 0.0 (0.0000000000 0.0000000000) 0.000000 0.000000 0.0e+00 0.0e+00 (0.0000000000 0.0000000000) 0.0e+00 0.0e+00 0 0 0 0 0 1 0 bwd_data conv2d_host_validation_f16_CHECK_RESNET101_NHWC_CONFIG8_BWD_f16 (27 of 107)
102760448  (102760448 0 0 0) 0.0 (0.0000000000 0.0000000000) 0.000000 0.000000 0.0e+00 0.0e+00 (0.0000000000 0.0000000000) 0.0e+00 0.0e+00 0 0 0 0 0 1 0 fwd conv2d_host_validation_f16_CHECK_RESNET101_NHWC_CONFIG8_FWD_f16 (28 of 107)
16384      (16384 0 0 0) 0.0 (0.0000000000 0.0000000000) 0.000000 0.000000 0.0e+00 0.0e+00 (0.0000000000 0.0000000000) 0.0e+00 0.0e+00 0 0 0 0 0 1 0 bwd_weight conv2d_host_validation_f16_CHECK_RESNET101_NHWC_CONFIG8_WRW_f16 (29 of 107)
4194304    (4194304 0 0 0) 0.0 (0.0000000000 0.0000000000) 0.000000 0.000000 0.0e+00 0.0e+00 (0.0000000000 0.0000000000) 0.0e+00 0.0e+00 0 1 1 0 1 0 1 fwd conv2d_host_validation_f16_fwd_CHECK_FILTER1_f16 (30 of 107)
4194304    (4194304 0 0 0) 0.0 (0.0000000000 0.0000000000) 0.000000 0.000000 0.0e+00 0.0e+00 (0.0000000000 0.0000000000) 0.0e+00 0.0e+00 0 1 1 0 1 0 1 fwd conv2d_host_validation_f16_fwd_CHECK_FILTER2_f16 (31 of 107)
16777216   (16777216 0 0 0) 0.0 (0.0000000000 0.0000000000) 0.000000 0.000000 0.0e+00 0.0e+00 (0.0000000000 0.0000000000) 0.0e+00 0.0e+00 0 1 1 0 1 0 1 fwd conv2d_host_validation_f16_fwd_CHECK_ISSUE_114_1_f16 (32 of 107)
16777216   (16777216 0 0 0) 0.0 (0.0000000000 0.0000000000) 0.000000 0.000000 0.0e+00 0.0e+00 (0.0000000000 0.0000000000) 0.0e+00 0.0e+00 0 1 1 0 1 0 1 fwd conv2d_host_validation_f16_fwd_CHECK_ISSUE_114_2_f16 (33 of 107)
4194304    (4194304 0 0 0) 0.0 (0.0000000000 0.0000000000) 0.000000 0.000000 0.0e+00 0.0e+00 (0.0000000000 0.0000000000) 0.0e+00 0.0e+00 0 1 1 0 1 0 1 fwd conv2d_host_validation_f16_fwd_CHECK_ISSUE_114_3_f16 (34 of 107)
4194304    (4194304 0 0 0) 0.0 (0.0000000000 0.0000000000) 0.000000 0.000000 0.0e+00 0.0e+00 (0.0000000000 0.0000000000) 0.0e+00 0.0e+00 0 1 1 0 1 0 1 fwd conv2d_host_validation_f16_fwd_CHECK_ISSUE_114_4_f16 (35 of 107)
16777216   (16777216 0 0 0) 0.0 (0.0000000000 0.0000000000) 0.000000 0.000000 0.0e+00 0.0e+00 (0.0000000000 0.0000000000) 0.0e+00 0.0e+00 0 1 1 0 1 0 1 fwd conv2d_host_validation_f16_fwd_CHECK_ISSUE_114_5_f16 (36 of 107)
16777216   (16777216 0 0 0) 0.0 (0.0000000000 0.0000000000) 0.000000 0.000000 0.0e+00 0.0e+00 (0.0000000000 0.0000000000) 0.0e+00 0.0e+00 0 1 1 0 1 0 1 fwd conv2d_host_validation_f16_fwd_CHECK_ISSUE_114_6_f16 (37 of 107)
4194304    (4194304 0 0 0) 0.0 (0.0000000000 0.0000000000) 0.000000 0.000000 0.0e+00 0.0e+00 (0.0000000000 0.0000000000) 0.0e+00 0.0e+00 0 1 1 0 1 0 1 fwd conv2d_host_validation_f16_fwd_CHECK_ISSUE_114_7_f16 (38 of 107)
4194304    (4194304 0 0 0) 0.0 (0.0000000000 0.0000000000) 0.000000 0.000000 0.0e+00 0.0e+00 (0.0000000000 0.0000000000) 0.0e+00 0.0e+00 0 1 1 0 1 0 1 fwd conv2d_host_validation_f16_fwd_CHECK_ISSUE_114_8_f16 (39 of 107)
12845056   (12781285 58561 5210 0) 16416.0 (0.0000495911 0.0010280609) 4.000000 0.001222 2.0e+01 8.8e-01 (-0.0023517609 -0.0044250488) 8.2e-06 1.2e-06 0 1 1 0 1 0 1 fwd conv2d_host_validation_f16_fwd_CHECK_ISSUE_127_11_f16 (40 of 107)
12845056   (12783146 56821 5089 0) 9408.0 (0.0000915527 -0.0004692078) 16.000000 0.001168 1.7e+01 2.9e+00 (-0.0015106201 0.0028877258) 8.6e-06 1.2e-06 0 1 1 0 1 0 1 fwd conv2d_host_validation_f16_fwd_CHECK_ISSUE_127_12_f16 (41 of 107)
12845056   (12785797 54501 4758 0) 12096.0 (0.0007514954 0.0000305176) 4.000000 0.001066 1.7e+00 9.1e-01 (-0.0016708374 -0.0031871796) 5.7e-06 1.1e-06 0 1 1 0 1 0 1 fwd conv2d_host_validation_f16_fwd_CHECK_ISSUE_127_13_f16 (42 of 107)
12845056   (12780646 59270 5140 0) 17088.0 (0.0000305176 -0.0009880066) 4.000000 0.001244 3.3e+01 6.3e-01 (0.0014419556 0.0023574829) 9.0e-06 1.3e-06 0 1 1 0 1 0 1 fwd conv2d_host_validation_f16_fwd_CHECK_ISSUE_127_14_f16 (43 of 107)
12845056   (12779606 60083 5367 0) 17344.0 (-0.0000572205 -0.0010910034) 16.000000 0.001271 1.8e+01 1.2e+00 (-0.0012664795 0.0002441406) 8.7e-06 1.3e-06 0 1 1 0 1 0 1 fwd conv2d_host_validation_f16_fwd_CHECK_ISSUE_127_1_f16 (44 of 107)
6422528    (6377787 40951 3790 0) 21616.0 (0.0004882812 -0.0046653748) 8.000000 0.002557 1.1e+01 2.2e+00 (0.0011138916 0.0035247803) 1.1e-05 1.2e-06 0 1 1 0 1 0 1 fwd conv2d_host_validation_f16_fwd_CHECK_ISSUE_127_2_f16 (45 of 107)
25690112   (25690112 0 0 0) 0.0 (0.0000000000 0.0000000000) 0.000000 0.000000 0.0e+00 0.0e+00 (0.0000000000 0.0000000000) 0.0e+00 0.0e+00 0 1 1 0 1 0 1 fwd conv2d_host_validation_f16_fwd_CHECK_ISSUE_127_3_f16 (46 of 107)
12845056   (12845056 0 0 0) 0.0 (0.0000000000 0.0000000000) 0.000000 0.000000 0.0e+00 0.0e+00 (0.0000000000 0.0000000000) 0.0e+00 0.0e+00 0 1 1 0 1 0 1 fwd conv2d_host_validation_f16_fwd_CHECK_ISSUE_127_4_f16 (47 of 107)
12845056   (12845056 0 0 0) 0.0 (0.0000000000 0.0000000000) 0.000000 0.000000 0.0e+00 0.0e+00 (0.0000000000 0.0000000000) 0.0e+00 0.0e+00 0 1 1 0 1 0 1 fwd conv2d_host_validation_f16_fwd_CHECK_ISSUE_127_5_f16 (48 of 107)
7372800    (7366013 6358 429 0) 400.0 (0.0001678467 0.0002155304) 0.500000 0.000034 2.8e-01 5.2e-02 (-0.0010986328 -0.0010414124) 9.3e-07 1.7e-06 0 1 1 0 1 0 1 fwd conv2d_host_validation_f16_fwd_CHECK_ISSUE_40_1_f16 (49 of 107)
3440640    (3436079 4233 328 0) 444.0 (0.0003671646 0.0004730225) 1.000000 0.000075 2.9e-01 4.9e-02 (-0.0016250610 -0.0015449524) 1.5e-06 2.3e-06 0 1 1 0 1 0 1 fwd conv2d_host_validation_f16_fwd_CHECK_ISSUE_40_2_f16 (50 of 107)
6422528    (6408189 13277 1062 0) 1152.0 (0.0001525879 0.0002899170) 2.000000 0.000221 9.0e-01 2.1e-01 (0.0015048981 0.0018177032) 2.7e-06 2.9e-06 0 1 1 0 1 0 1 fwd conv2d_host_validation_f16_fwd_CHECK_ISSUE_40_3_f16 (51 of 107)
14745600   (14723001 21054 1545 0) 960.0 (0.0000038147 0.0000610352) 1.000000 0.000101 1.5e+01 1.6e-01 (-0.0017242432 -0.0019969940) 2.7e-06 2.4e-06 0 1 1 0 1 0 1 fwd conv2d_host_validation_f16_fwd_CHECK_ISSUE_40_4_f16 (52 of 107)
6881280    (6872953 7746 581 0) 2304.0 (-0.0000152588 -0.0001525879) 1.000000 0.000061 9.0e+00 7.4e-02 (0.0030364990 0.0028114319) 3.7e-06 2.0e-06 0 1 0 0 0 0 1 fwd conv2d_host_validation_f16_fwd_CHECK_ISSUE_40_5_f16 (53 of 107)
1048576    (1046885 1575 116 0) 104.0 (-0.0006608963 -0.0006113052) 1.000000 0.000107 7.5e-02 4.4e-02 (-0.0040893555 -0.0039100647) 1.6e-06 2.6e-06 0 1 1 0 1 0 1 fwd conv2d_host_validation_f16_fwd_CHECK_ISSUE_41_10_f16 (54 of 107)
12845056   (12833318 10940 798 0) 384.0 (0.0000038147 0.0000267029) 1.000000 0.000034 6.0e+00 5.6e-02 (-0.0011291504 -0.0011920929) 1.4e-06 1.7e-06 0 1 1 0 1 0 1 fwd conv2d_host_validation_f16_fwd_CHECK_ISSUE_41_11_f16 (55 of 107)
9437184    (9422262 13872 1050 0) 1472.0 (-0.0000877380 0.0000000000) 1.000000 0.000104 1.0e+00 1.4e-01 (-0.0010290146 -0.0008878708) 1.7e-06 2.3e-06 0 1 1 0 1 0 1 fwd conv2d_host_validation_f16_fwd_CHECK_ISSUE_41_12_f16 (56 of 107)
921600     (920788 760 52 0) 160.0 (-0.0002593994 -0.0002403259) 0.500000 0.000032 7.4e-02 5.2e-02 (-0.0010986328 -0.0010414124) 9.5e-07 1.8e-06 0 1 1 0 1 0 1 fwd conv2d_host_validation_f16_fwd_CHECK_ISSUE_41_2_f16 (57 of 107)
1605632    (1604126 1382 124 0) 960.0 (-0.0000076294 0.0000495911) 1.000000 0.000036 7.5e+00 1.8e-02 (0.0025634766 0.0025177002) 5.5e-06 2.1e-06 0 1 1 0 1 0 1 fwd conv2d_host_validation_f16_fwd_CHECK_ISSUE_41_3_f16 (58 of 107)
200704     (200542 151 11 0) 13.0 (0.0148544312 0.0149536133) 0.500000 0.000026 6.7e-03 6.7e-03 (0.0148544312 0.0149536133) 6.9e-07 1.7e-06 0 1 1 0 1 0 1 fwd conv2d_host_validation_f16_fwd_CHECK_ISSUE_41_4_f16 (59 of 107)
1605632    (1603540 1944 148 0) 444.0 (0.0003671646 0.0004730225) 1.000000 0.000076 2.9e-01 4.7e-02 (0.0042457581 0.0040473938) 1.5e-06 2.5e-06 0 1 1 0 1 0 1 fwd conv2d_host_validation_f16_fwd_CHECK_ISSUE_41_5_f16 (60 of 107)
802816     (802086 678 52 0) 960.0 (-0.0000076294 0.0000495911) 0.500000 0.000032 7.5e+00 7.8e-03 (-0.0039215088 -0.0039520264) 1.0e-05 1.9e-06 0 1 1 0 1 0 1 fwd conv2d_host_validation_f16_fwd_CHECK_ISSUE_41_6_f16 (61 of 107)
4194304    (4190674 3391 239 0) 384.0 (-0.0000686646 -0.0000915527) 0.500000 0.000033 3.3e-01 6.9e-02 (0.0010986328 0.0011749268) 8.9e-07 1.8e-06 0 1 1 0 1 0 1 fwd conv2d_host_validation_f16_fwd_CHECK_ISSUE_41_7_f16 (62 of 107)
3211264    (3206506 4410 348 0) 704.0 (0.0002975464 0.0002136230) 1.000000 0.000095 2.8e-01 1.7e-01 (-0.0011596680 -0.0009613037) 1.7e-06 2.3e-06 0 1 1 0 1 0 1 fwd conv2d_host_validation_f16_fwd_CHECK_ISSUE_41_8_f16 (63 of 107)
2359296    (2357090 2037 169 0) 896.0 (0.0000228882 -0.0000305176) 0.500000 0.000037 2.3e+00 5.2e-02 (0.0014801025 0.0014038086) 2.5e-06 1.9e-06 0 1 1 0 1 0 1 fwd conv2d_host_validation_f16_fwd_CHECK_ISSUE_41_9_f16 (64 of 107)
25690112   (25690112 0 0 0) 0.0 (0.0000000000 0.0000000000) 0.000000 0.000000 0.0e+00 0.0e+00 (0.0000000000 0.0000000000) 0.0e+00 0.0e+00 0 1 1 0 1 0 1 fwd conv2d_host_validation_f16_fwd_CHECK_KCYX_NCHW_NKHW1_f16 (65 of 107)
3686400    (3686400 0 0 0) 0.0 (0.0000000000 0.0000000000) 0.000000 0.000000 0.0e+00 0.0e+00 (0.0000000000 0.0000000000) 0.0e+00 0.0e+00 0 1 1 0 1 0 1 fwd conv2d_host_validation_f16_fwd_CHECK_KCYX_NCHW_NKHW2_f16 (66 of 107)
409600     (409600 0 0 0) 0.0 (0.0000000000 0.0000000000) 0.000000 0.000000 0.0e+00 0.0e+00 (0.0000000000 0.0000000000) 0.0e+00 0.0e+00 0 1 1 0 1 0 1 fwd conv2d_host_validation_f16_fwd_CHECK_KCYX_NCHW_NKHW3_f16 (67 of 107)
147456     (147456 0 0 0) 0.0 (0.0000000000 0.0000000000) 0.000000 0.000000 0.0e+00 0.0e+00 (0.0000000000 0.0000000000) 0.0e+00 0.0e+00 0 1 1 0 1 0 1 fwd conv2d_host_validation_f16_fwd_CHECK_KCYX_NCHW_NKHW4_f16 (68 of 107)
102400     (102400 0 0 0) 0.0 (0.0000000000 0.0000000000) 0.000000 0.000000 0.0e+00 0.0e+00 (0.0000000000 0.0000000000) 0.0e+00 0.0e+00 0 1 1 0 1 0 1 fwd conv2d_host_validation_f16_fwd_CHECK_KCYX_NCHW_NKHW5_f16 (69 of 107)
15745024   (15745024 0 0 0) 0.0 (0.0000000000 0.0000000000) 0.000000 0.000000 0.0e+00 0.0e+00 (0.0000000000 0.0000000000) 0.0e+00 0.0e+00 0 1 1 0 1 0 1 fwd conv2d_host_validation_f16_fwd_CHECK_KCYX_NCHW_NKHW6_f16 (70 of 107)
13778944   (13778944 0 0 0) 0.0 (0.0000000000 0.0000000000) 0.000000 0.000000 0.0e+00 0.0e+00 (0.0000000000 0.0000000000) 0.0e+00 0.0e+00 0 1 1 0 1 0 1 fwd conv2d_host_validation_f16_fwd_CHECK_KCYX_NCHW_NKHW7_f16 (71 of 107)
25690112   (25690112 0 0 0) 0.0 (0.0000000000 0.0000000000) 0.000000 0.000000 0.0e+00 0.0e+00 (0.0000000000 0.0000000000) 0.0e+00 0.0e+00 0 1 1 0 1 0 1 fwd conv2d_host_validation_f16_fwd_CHECK_KYXC_NHWC_NHWK1_f16 (72 of 107)
3686400    (3683985 2251 164 0) 128.0 (0.0003051758 0.0002746582) 0.500000 0.000016 1.0e-01 2.7e-02 (-0.0014343262 -0.0013961792) 6.4e-07 1.5e-06 0 1 1 0 1 0 1 fwd conv2d_host_validation_f16_fwd_CHECK_KYXC_NHWC_NHWK2_f16 (73 of 107)
409600     (409346 233 21 0) 22.0 (0.0029106140 0.0029525757) 0.250000 0.000017 1.4e-02 1.4e-02 (0.0029106140 0.0029525757) 5.2e-07 1.7e-06 0 1 1 0 1 0 1 fwd conv2d_host_validation_f16_fwd_CHECK_KYXC_NHWC_NHWK3_f16 (74 of 107)
147456     (147376 74 6 0) 256.0 (-0.0001220703 -0.0001068115) 0.250000 0.000015 1.2e-01 6.9e-03 (-0.0011062622 -0.0011138916) 1.3e-06 1.5e-06 0 1 1 0 1 0 1 fwd conv2d_host_validation_f16_fwd_CHECK_KYXC_NHWC_NHWK4_f16 (75 of 107)
102400     (102348 47 5 0) 3.0 (-0.0054359436 -0.0054473877) 0.250000 0.000017 2.1e-03 2.1e-03 (-0.0054359436 -0.0054473877) 4.1e-07 2.0e-06 0 1 1 0 1 0 1 fwd conv2d_host_validation_f16_fwd_CHECK_KYXC_NHWC_NHWK5_f16 (76 of 107)
15745024   (15735553 8842 629 0) 512.0 (-0.0000610352 -0.0000915527) 0.500000 0.000015 7.5e-01 2.1e-02 (-0.0027847290 -0.0028419495) 7.0e-07 1.4e-06 0 1 1 0 1 0 1 fwd conv2d_host_validation_f16_fwd_CHECK_KYXC_NHWC_NHWK6_f16 (77 of 107)
13778944   (13761473 16235 1236 0) 1152.0 (-0.0000610352 0.0000076294) 1.000000 0.000066 1.1e+00 7.8e-02 (0.0010013580 0.0010795593) 1.5e-06 2.0e-06 0 1 1 0 1 0 1 fwd conv2d_host_validation_f16_fwd_CHECK_KYXC_NHWC_NHWK7_f16 (78 of 107)
802816     (802816 0 0 0) 0.0 (0.0000000000 0.0000000000) 0.000000 0.000000 0.0e+00 0.0e+00 (0.0000000000 0.0000000000) 0.0e+00 0.0e+00 0 1 1 0 1 0 1 fwd conv2d_host_validation_f16_fwd_CHECK_PADDING1_f16 (79 of 107)
802816     (802338 446 32 0) 256.0 (-0.0001220703 -0.0001068115) 0.500000 0.000019 1.2e-01 6.9e-03 (-0.0011062622 -0.0011138916) 6.4e-07 1.8e-06 0 1 1 0 1 0 1 fwd conv2d_host_validation_f16_fwd_CHECK_PADDING2_f16 (80 of 107)
2048       (2048 0 0 0) 0.0 (0.0000000000 0.0000000000) 0.000000 0.000000 0.0e+00 0.0e+00 (0.0000000000 0.0000000000) 0.0e+00 0.0e+00 0 1 1 0 1 0 1 fwd conv2d_host_validation_f16_fwd_CHECK_PADDING3_f16 (81 of 107)
205520896  (205520896 0 0 0) 0.0 (0.0000000000 0.0000000000) 0.000000 0.000000 0.0e+00 0.0e+00 (0.0000000000 0.0000000000) 0.0e+00 0.0e+00 0 1 0 0 1 0 1 fwd conv2d_host_validation_f32_fwd_GROUP_NCHW_f16 (82 of 107)
51380224   (51380224 0 0 0) 0.0 (0.0000000000 0.0000000000) 0.000000 0.000000 0.0e+00 0.0e+00 (0.0000000000 0.0000000000) 0.0e+00 0.0e+00 1 0 0 0 0 1 0 fwd conv2d_host_validation_random_CHECK_KCYX_NCHW_NKHW_5_f16 (83 of 107)
51380224   (51380224 0 0 0) 0.0 (0.0000000000 0.0000000000) 0.000000 0.000000 0.0e+00 0.0e+00 (0.0000000000 0.0000000000) 0.0e+00 0.0e+00 1 0 0 0 0 1 0 fwd conv2d_host_validation_random_CHECK_KCYX_NCHW_NKHW_6_f16 (84 of 107)
47775744   (47775744 0 0 0) 0.0 (0.0000000000 0.0000000000) 0.000000 0.000000 0.0e+00 0.0e+00 (0.0000000000 0.0000000000) 0.0e+00 0.0e+00 1 0 0 0 0 1 0 fwd conv2d_host_validation_random_CHECK_KCYX_NCHW_NKHW_7_f16 (85 of 107)
51380224   (51380224 0 0 0) 0.0 (0.0000000000 0.0000000000) 0.000000 0.000000 0.0e+00 0.0e+00 (0.0000000000 0.0000000000) 0.0e+00 0.0e+00 1 0 0 0 0 1 0 fwd conv2d_host_validation_random_CHECK_KCYX_NCHW_NKHW_8_f16 (86 of 107)
16777216   (16777216 0 0 0) 0.0 (0.0000000000 0.0000000000) 0.000000 0.000000 0.0e+00 0.0e+00 (0.0000000000 0.0000000000) 0.0e+00 0.0e+00 1 0 0 0 0 1 0 fwd conv2d_host_validation_random_CHECK_KYXC_NHWC_NHWK_4_f16 (87 of 107)
16777216   (16777216 0 0 0) 0.0 (0.0000000000 0.0000000000) 0.000000 0.000000 0.0e+00 0.0e+00 (0.0000000000 0.0000000000) 0.0e+00 0.0e+00 1 0 0 0 0 1 0 fwd conv2d_host_validation_random_CHECK_KYXC_NHWC_NHWK_5_f16 (88 of 107)
25690112   (25690112 0 0 0) 0.0 (0.0000000000 0.0000000000) 0.000000 0.000000 0.0e+00 0.0e+00 (0.0000000000 0.0000000000) 0.0e+00 0.0e+00 1 0 1 0 0 1 0 fwd conv2d_host_validation_random_CHECK_RAND_FLOAT_2_f16 (89 of 107)
205520896  (205520896 0 0 0) 0.0 (0.0000000000 0.0000000000) 0.000000 0.000000 0.0e+00 0.0e+00 (0.0000000000 0.0000000000) 0.0e+00 0.0e+00 1 0 0 0 0 1 0 fwd conv2d_host_validation_random_GROUP_NHWC_f16 (90 of 107)
30720      (30720 0 0 0) 0.0 (0.0000000000 0.0000000000) 0.000000 0.000000 0.0e+00 0.0e+00 (0.0000000000 0.0000000000) 0.0e+00 0.0e+00 0 1 0 0 1 0 1 fwd padding_kernel_all_fwd_CHECK_RESNET50_CONFIG2_f16 (91 of 107)
30720      (30672 42 6 0) 42.0 (0.0068473816 0.0070075989) 0.500000 0.000047 2.3e-02 2.3e-02 (0.0068473816 0.0070075989) 1.9e-06 2.7e-06 0 1 0 0 1 0 1 fwd padding_kernel_all_fwd_CHECK_RESNET50_CONFIG4_f16 (92 of 107)
882        (882 0 0 0) 0.0 (0.0000000000 0.0000000000) 0.000000 0.000000 0.0e+00 0.0e+00 (0.0000000000 0.0000000000) 0.0e+00 0.0e+00 0 1 0 0 1 0 1 bwd_weight padding_kernel_all_wrw_CHECK_RESNET50_CONFIG2_f16 (93 of 107)
882        (882 0 0 0) 0.0 (0.0000000000 0.0000000000) 0.000000 0.000000 0.0e+00 0.0e+00 (0.0000000000 0.0000000000) 0.0e+00 0.0e+00 0 1 0 0 1 0 1 bwd_weight padding_kernel_all_wrw_CHECK_RESNET50_CONFIG4_f16 (94 of 107)
205520896  (205520896 0 0 0) 0.0 (0.0000000000 0.0000000000) 0.000000 0.000000 0.0e+00 0.0e+00 (0.0000000000 0.0000000000) 0.0e+00 0.0e+00 0 1 1 0 1 0 1 fwd padding_kernel_gemmK_CHECK_RESNET50_F16_CONFIG1 (95 of 107)
205520896  (205520896 0 0 0) 0.0 (0.0000000000 0.0000000000) 0.000000 0.000000 0.0e+00 0.0e+00 (0.0000000000 0.0000000000) 0.0e+00 0.0e+00 0 1 1 0 1 0 1 fwd padding_kernel_gemmK_CHECK_RESNET50_F16_CONFIG2 (96 of 107)
205520896  (205247383 254211 19302 0) 2752.0 (-0.0002861023 -0.0001220703) 1.000000 0.000075 8.0e+00 2.0e-01 (0.0013504028 0.0010757446) 1.6e-06 2.0e-06 0 1 1 0 1 0 1 fwd padding_kernel_gemmK_CHECK_RESNET50_F16_CONFIG4 (97 of 107)
9408       (9408 0 0 0) 0.0 (0.0000000000 0.0000000000) 0.000000 0.000000 0.0e+00 0.0e+00 (0.0000000000 0.0000000000) 0.0e+00 0.0e+00 0 1 1 0 1 0 1 bwd_weight padding_kernel_gemmN_CHECK_RESNET50_CONFIG2 (98 of 107)
9408       (9408 0 0 0) 0.0 (0.0000000000 0.0000000000) 0.000000 0.000000 0.0e+00 0.0e+00 (0.0000000000 0.0000000000) 0.0e+00 0.0e+00 0 1 1 0 1 0 1 bwd_weight padding_kernel_gemmN_CHECK_RESNET50_CONFIG4 (99 of 107)
6422528    (6422528 0 0 0) 0.0 (0.0000000000 0.0000000000) 0.000000 0.000000 0.0e+00 0.0e+00 (0.0000000000 0.0000000000) 0.0e+00 0.0e+00 0 0 0 0 1 0 1 fwd Resnet50_validation_nchw_CHECK_NCHW_1_f16 (100 of 107)
25690112   (25690112 0 0 0) 0.0 (0.0000000000 0.0000000000) 0.000000 0.000000 0.0e+00 0.0e+00 (0.0000000000 0.0000000000) 0.0e+00 0.0e+00 0 0 0 0 1 0 1 fwd Resnet50_validation_nchw_CHECK_NCHW_2_f16 (101 of 107)
147456     (147456 0 0 0) 0.0 (0.0000000000 0.0000000000) 0.000000 0.000000 0.0e+00 0.0e+00 (0.0000000000 0.0000000000) 0.0e+00 0.0e+00 0 0 0 0 1 0 1 bwd_weight Resnet50_validation_nchw_CHECK_NCHW_3_f16 (102 of 107)
65536      (65536 0 0 0) 0.0 (0.0000000000 0.0000000000) 0.000000 0.000000 0.0e+00 0.0e+00 (0.0000000000 0.0000000000) 0.0e+00 0.0e+00 0 0 0 0 1 0 1 bwd_weight Resnet50_validation_nchw_CHECK_NCHW_4_f16 (103 of 107)
6422528    (6399221 21494 1813 0) 3808.0 (-0.0001955032 0.0002584457) 8.000000 0.000603 2.3e+00 4.0e-01 (0.0017642975 0.0024642944) 4.7e-06 1.4e-06 0 0 0 0 1 0 1 fwd Resnet50_validation_nhwc_CHECK_NHWC_1_f16 (104 of 107)
25690112   (25690112 0 0 0) 0.0 (0.0000000000 0.0000000000) 0.000000 0.000000 0.0e+00 0.0e+00 (0.0000000000 0.0000000000) 0.0e+00 0.0e+00 0 0 0 0 1 0 1 fwd Resnet50_validation_nhwc_CHECK_NHWC_2_f16 (105 of 107)
147456     (147456 0 0 0) 0.0 (0.0000000000 0.0000000000) 0.000000 0.000000 0.0e+00 0.0e+00 (0.0000000000 0.0000000000) 0.0e+00 0.0e+00 0 0 0 0 1 0 1 bwd_weight Resnet50_validation_nhwc_CHECK_NHWC_3_f16 (106 of 107)
65536      (65536 0 0 0) 0.0 (0.0000000000 0.0000000000) 0.000000 0.000000 0.0e+00 0.0e+00 (0.0000000000 0.0000000000) 0.0e+00 0.0e+00 0 0 0 0 1 0 1 bwd_weight Resnet50_validation_nhwc_CHECK_NHWC_4_f16 (107 of 107)
