25690112   (25681757 8355 0 0) 1.0 (57536.0000000000 57504.0000000000) 32.000000 0.010407 5.7e-04 5.7e-04 (55808.0000000000 55840.0000000000) 1.8e-07 9.3e-06 1 0 0 0 0 1 0 fwd conv2d_harness_cpu_verifier_kyxc_nhwc_nhwk_f16_E2E_f16 (1 of 107)
802816     (802765 51 0 0) 1.0 (3592.0000000000 3590.0000000000) 2.000000 0.000127 5.9e-04 5.9e-04 (3366.0000000000 3368.0000000000) 3.5e-08 3.8e-06 0 1 1 0 1 0 1 bwd_data conv2d_host_validation_f16_bwd_CHECK_BWD_DATA1 (2 of 107)
4096       (4096 0 0 0) 0.0 (0.0000000000 0.0000000000) 0.000000 0.000000 0.0e+00 0.0e+00 (0.0000000000 0.0000000000) 0.0e+00 0.0e+00 0 1 1 0 1 0 1 bwd_weight conv2d_host_validation_f16_bwd_CHECK_BWD_WEIGHT1 (3 of 107)
147456     (147456 0 0 0) 0.0 (0.0000000000 0.0000000000) 0.000000 0.000000 0.0e+00 0.0e+00 (0.0000000000 0.0000000000) 0.0e+00 0.0e+00 0 1 1 0 1 0 1 bwd_weight conv2d_host_validation_f16_bwd_CHECK_ISSUE_127_10 (4 of 107)
294912     (294912 0 0 0) 0.0 (0.0000000000 0.0000000000) 0.000000 0.000000 0.0e+00 0.0e+00 (0.0000000000 0.0000000000) 0.0e+00 0.0e+00 0 1 1 0 1 0 1 bwd_weight conv2d_host_validation_f16_bwd_CHECK_ISSUE_127_15 (5 of 107)
589824     (589824 0 0 0) 0.0 (0.0000000000 0.0000000000) 0.000000 0.000000 0.0e+00 0.0e+00 (0.0000000000 0.0000000000) 0.0e+00 0.0e+00 0 1 1 0 1 0 1 bwd_weight conv2d_host_validation_f16_bwd_CHECK_ISSUE_127_16 (6 of 107)
1179648    (1179648 0 0 0) 0.0 (0.0000000000 0.0000000000) 0.000000 0.000000 0.0e+00 0.0e+00 (0.0000000000 0.0000000000) 0.0e+00 0.0e+00 0 1 1 0 1 0 1 bwd_weight conv2d_host_validation_f16_bwd_CHECK_ISSUE_127_17 (7 of 107)
147456     (147456 0 0 0) 0.0 (0.0000000000 0.0000000000) 0.000000 0.000000 0.0e+00 0.0e+00 (0.0000000000 0.0000000000) 0.0e+00 0.0e+00 0 1 1 0 1 0 1 bwd_weight conv2d_host_validation_f16_bwd_CHECK_ISSUE_127_18 (8 of 107)
2097152    (2097152 0 0 0) 0.0 (0.0000000000 0.0000000000) 0.000000 0.000000 0.0e+00 0.0e+00 (0.0000000000 0.0000000000) 0.0e+00 0.0e+00 0 1 1 0 1 0 1 bwd_weight conv2d_host_validation_f16_bwd_CHECK_ISSUE_127_6 (9 of 107)
262144     (262144 0 0 0) 0.0 (0.0000000000 0.0000000000) 0.000000 0.000000 0.0e+00 0.0e+00 (0.0000000000 0.0000000000) 0.0e+00 0.0e+00 0 1 1 0 1 0 1 bwd_weight conv2d_host_validation_f16_bwd_CHECK_ISSUE_127_7 (10 of 107)
147456     (147456 0 0 0) 0.0 (0.0000000000 0.0000000000) 0.000000 0.000000 0.0e+00 0.0e+00 (0.0000000000 0.0000000000) 0.0e+00 0.0e+00 0 1 1 0 1 0 1 bwd_weight conv2d_host_validation_f16_bwd_CHECK_ISSUE_127_8 (11 of 107)
147456     (147456 0 0 0) 0.0 (0.0000000000 0.0000000000) 0.000000 0.000000 0.0e+00 0.0e+00 (0.0000000000 0.0000000000) 0.0e+00 0.0e+00 0 1 1 0 1 0 1 bwd_weight conv2d_host_validation_f16_bwd_CHECK_ISSUE_127_9 (12 of 107)
1024       (1024 0 0 0) 0.0 (0.0000000000 0.0000000000) 0.000000 0.000000 0.0e+00 0.0e+00 (0.0000000000 0.0000000000) 0.0e+00 0.0e+00 0 1 1 0 1 0 1 bwd_weight conv2d_host_validation_f16_bwd_CHECK_ISSUE_70_1 (13 of 107)
65536      (65536 0 0 0) 0.0 (0.0000000000 0.0000000000) 0.000000 0.000000 0.0e+00 0.0e+00 (0.0000000000 0.0000000000) 0.0e+00 0.0e+00 0 1 1 0 1 0 1 bwd_weight conv2d_host_validation_f16_bwd_CHECK_ISSUE_70_2 (14 of 107)
4096       (4096 0 0 0) 0.0 (0.0000000000 0.0000000000) 0.000000 0.000000 0.0e+00 0.0e+00 (0.0000000000 0.0000000000) 0.0e+00 0.0e+00 0 1 1 0 1 0 1 bwd_weight conv2d_host_validation_f16_bwd_CHECK_ISSUE_70_3 (15 of 107)
1024       (1024 0 0 0) 0.0 (0.0000000000 0.0000000000) 0.000000 0.000000 0.0e+00 0.0e+00 (0.0000000000 0.0000000000) 0.0e+00 0.0e+00 0 1 1 0 1 0 1 bwd_weight conv2d_host_validation_f16_bwd_CHECK_ISSUE_71_1 (16 of 107)
1024       (1024 0 0 0) 0.0 (0.0000000000 0.0000000000) 0.000000 0.000000 0.0e+00 0.0e+00 (0.0000000000 0.0000000000) 0.0e+00 0.0e+00 0 1 1 0 1 0 1 bwd_weight conv2d_host_validation_f16_bwd_CHECK_ISSUE_71_2 (17 of 107)
1024       (1024 0 0 0) 0.0 (0.0000000000 0.0000000000) 0.000000 0.000000 0.0e+00 0.0e+00 (0.0000000000 0.0000000000) 0.0e+00 0.0e+00 0 1 1 0 1 0 1 bwd_weight conv2d_host_validation_f16_bwd_CHECK_ISSUE_71_3 (18 of 107)
1024       (1024 0 0 0) 0.0 (0.0000000000 0.0000000000) 0.000000 0.000000 0.0e+00 0.0e+00 (0.0000000000 0.0000000000) 0.0e+00 0.0e+00 0 1 1 0 1 0 1 bwd_weight conv2d_host_validation_f16_bwd_CHECK_ISSUE_71_4 (19 of 107)
12845056   (12843085 1962 9 0) 2.0 (16384.0000000000 16400.0000000000) 16.000000 0.001351 9.8e-04 9.8e-04 (16384.0000000000 16400.0000000000) 9.3e-08 6.5e-06 0 0 0 0 0 1 0 fwd conv2d_host_validation_f16_CHECK_RESNET101_NCHW_CONFIG1_FWD_f16 (20 of 107)
12845056   (12843129 1920 7 0) 2.0 (16400.0000000000 16384.0000000000) 16.000000 0.001233 9.8e-04 9.8e-04 (16384.0000000000 16400.0000000000) 9.4e-08 6.0e-06 0 0 0 0 0 1 0 fwd conv2d_host_validation_f16_CHECK_RESNET101_NCHW_CONFIG2_FWD_f16 (21 of 107)
25690112   (25685980 4132 0 0) 1.0 (14600.0000000000 14592.0000000000) 8.000000 0.001287 5.8e-04 5.8e-04 (13688.0000000000 13680.0000000000) 9.0e-08 6.6e-06 0 0 0 0 0 1 0 bwd_data conv2d_host_validation_f16_CHECK_RESNET101_NCHW_CONFIG8_BWD_f16 (22 of 107)
102760448  (102752235 8213 0 0) 1.0 (3670.0000000000 3672.0000000000) 2.000000 0.000160 6.4e-04 6.4e-04 (3108.0000000000 3106.0000000000) 4.5e-08 4.2e-06 0 0 0 0 0 1 0 fwd conv2d_host_validation_f16_CHECK_RESNET101_NCHW_CONFIG8_FWD_f16 (23 of 107)
16384      (16384 0 0 0) 0.0 (0.0000000000 0.0000000000) 0.000000 0.000000 0.0e+00 0.0e+00 (0.0000000000 0.0000000000) 0.0e+00 0.0e+00 0 0 0 0 0 1 0 bwd_weight conv2d_host_validation_f16_CHECK_RESNET101_NCHW_CONFIG8_WRW_f16 (24 of 107)
12845056   (12843170 1869 17 0) 2.0 (16400.0000000000 16384.0000000000) 16.000000 0.001287 9.8e-04 9.8e-04 (16384.0000000000 16400.0000000000) 8.7e-08 6.3e-06 0 0 0 0 0 1 0 fwd conv2d_host_validation_f16_CHECK_RESNET101_NHWC_CONFIG1_FWD_f16 (25 of 107)
12845056   (12843257 1793 6 0) 2.0 (16400.0000000000 16384.0000000000) 16.000000 0.001164 9.8e-04 9.8e-04 (16384.0000000000 16400.0000000000) 8.6e-08 5.8e-06 0 0 0 0 0 1 0 fwd conv2d_host_validation_f16_CHECK_RESNET101_NHWC_CONFIG2_FWD_f16 (26 of 107)
25690112   (25685969 4143 0 0) 1.0 (14200.0000000000 14192.0000000000) 8.000000 0.001290 5.9e-04 5.9e-04 (13672.0000000000 13680.0000000000) 9.0e-08 6.5e-06 0 0 0 0 0 1 0 bwd_data conv2d_host_validation_f16_CHECK_RESNET101_NHWC_CONFIG8_BWD_f16 (27 of 107)
102760448  (102752154 8294 0 0) 1.0 (3606.0000000000 3608.0000000000) 2.000000 0.000161 6.4e-04 6.4e-04 (3148.0000000000 3150.0000000000) 4.5e-08 4.2e-06 0 0 0 0 0 1 0 fwd conv2d_host_validation_f16_CHECK_RESNET101_NHWC_CONFIG8_FWD_f16 (28 of 107)
16384      (16384 0 0 0) 0.0 (0.0000000000 0.0000000000) 0.000000 0.000000 0.0e+00 0.0e+00 (0.0000000000 0.0000000000) 0.0e+00 0.0e+00 0 0 0 0 0 1 0 bwd_weight conv2d_host_validation_f16_CHECK_RESNET101_NHWC_CONFIG8_WRW_f16 (29 of 107)
4194304    (4194304 0 0 0) 0.0 (0.0000000000 0.0000000000) 0.000000 0.000000 0.0e+00 0.0e+00 (0.0000000000 0.0000000000) 0.0e+00 0.0e+00 0 1 1 0 1 0 1 fwd conv2d_host_validation_f16_fwd_CHECK_FILTER1_f16 (30 of 107)
4194304    (4194304 0 0 0) 0.0 (0.0000000000 0.0000000000) 0.000000 0.000000 0.0e+00 0.0e+00 (0.0000000000 0.0000000000) 0.0e+00 0.0e+00 0 1 1 0 1 0 1 fwd conv2d_host_validation_f16_fwd_CHECK_FILTER2_f16 (31 of 107)
16777216   (16777196 20 0 0) 1.0 (457.2500000000 457.5000000000) 0.500000 0.000000 9.7e-04 9.7e-04 (516.0000000000 516.5000000000) 7.2e-10 5.2e-07 0 1 1 0 1 0 1 fwd conv2d_host_validation_f16_fwd_CHECK_ISSUE_114_1_f16 (32 of 107)
16777216   (16777196 20 0 0) 1.0 (457.2500000000 457.5000000000) 0.500000 0.000000 9.7e-04 9.7e-04 (516.0000000000 516.5000000000) 7.2e-10 5.2e-07 0 1 1 0 1 0 1 fwd conv2d_host_validation_f16_fwd_CHECK_ISSUE_114_2_f16 (33 of 107)
4194304    (4194300 4 0 0) 1.0 (495.5000000000 495.7500000000) 0.250000 0.000000 5.1e-04 5.1e-04 (488.0000000000 487.7500000000) 4.8e-10 3.7e-07 0 1 1 0 1 0 1 fwd conv2d_host_validation_f16_fwd_CHECK_ISSUE_114_3_f16 (34 of 107)
4194304    (4194300 4 0 0) 1.0 (495.5000000000 495.7500000000) 0.250000 0.000000 5.1e-04 5.1e-04 (488.0000000000 487.7500000000) 4.8e-10 3.7e-07 0 1 1 0 1 0 1 fwd conv2d_host_validation_f16_fwd_CHECK_ISSUE_114_4_f16 (35 of 107)
16777216   (16777167 49 0 0) 1.0 (518.5000000000 519.0000000000) 0.500000 0.000001 9.6e-04 9.6e-04 (518.5000000000 519.0000000000) 1.7e-09 7.8e-07 0 1 1 0 1 0 1 fwd conv2d_host_validation_f16_fwd_CHECK_ISSUE_114_5_f16 (36 of 107)
16777216   (16777167 49 0 0) 1.0 (518.5000000000 519.0000000000) 0.500000 0.000001 9.6e-04 9.6e-04 (518.5000000000 519.0000000000) 1.7e-09 7.8e-07 0 1 1 0 1 0 1 fwd conv2d_host_validation_f16_fwd_CHECK_ISSUE_114_6_f16 (37 of 107)
4194304    (4194294 10 0 0) 1.0 (486.2500000000 486.5000000000) 0.500000 0.000001 9.5e-04 9.5e-04 (524.5000000000 524.0000000000) 1.5e-09 7.5e-07 0 1 1 0 1 0 1 fwd conv2d_host_validation_f16_fwd_CHECK_ISSUE_114_7_f16 (38 of 107)
4194304    (4194294 10 0 0) 1.0 (486.2500000000 486.5000000000) 0.500000 0.000001 9.5e-04 9.5e-04 (524.5000000000 524.0000000000) 1.5e-09 7.5e-07 0 1 1 0 1 0 1 fwd conv2d_host_validation_f16_fwd_CHECK_ISSUE_114_8_f16 (39 of 107)
12845056   (12845033 23 0 0) 1.0 (57504.0000000000 57536.0000000000) 32.000000 0.000057 5.7e-04 5.7e-04 (56288.0000000000 56320.0000000000) 1.0e-09 0.0e+00 0 1 1 0 1 0 1 fwd conv2d_host_validation_f16_fwd_CHECK_ISSUE_127_11_f16 (40 of 107)
12845056   (12844962 94 0 0) 1.0 (57856.0000000000 57824.0000000000) 32.000000 0.000234 5.7e-04 5.7e-04 (56032.0000000000 56064.0000000000) 4.1e-09 0.0e+00 0 1 1 0 1 0 1 fwd conv2d_host_validation_f16_fwd_CHECK_ISSUE_127_12_f16 (41 of 107)
12845056   (12844698 358 0 0) 1.0 (57952.0000000000 57920.0000000000) 32.000000 0.000892 5.7e-04 5.7e-04 (56256.0000000000 56224.0000000000) 1.5e-08 0.0e+00 0 1 1 0 1 0 1 fwd conv2d_host_validation_f16_fwd_CHECK_ISSUE_127_13_f16 (42 of 107)
12845056   (12845052 4 0 0) 1.0 (57408.0000000000 57376.0000000000) 32.000000 0.000010 5.6e-04 5.6e-04 (57312.0000000000 57344.0000000000) 1.7e-10 0.0e+00 0 1 1 0 1 0 1 fwd conv2d_host_validation_f16_fwd_CHECK_ISSUE_127_14_f16 (43 of 107)
12845056   (12845056 0 0 0) 0.0 (0.0000000000 0.0000000000) 0.000000 0.000000 0.0e+00 0.0e+00 (0.0000000000 0.0000000000) 0.0e+00 0.0e+00 0 1 1 0 1 0 1 fwd conv2d_host_validation_f16_fwd_CHECK_ISSUE_127_1_f16 (44 of 107)
6422528    (6422528 0 0 0) 0.0 (0.0000000000 0.0000000000) 0.000000 0.000000 0.0e+00 0.0e+00 (0.0000000000 0.0000000000) 0.0e+00 0.0e+00 0 1 1 0 1 0 1 fwd conv2d_host_validation_f16_fwd_CHECK_ISSUE_127_2_f16 (45 of 107)
25690112   (25681594 8447 71 0) inf (65504.0000000000 inf) inf inf inf inf (65504.0000000000 inf) -nan -nan 0 1 1 0 1 0 1 fwd conv2d_host_validation_f16_fwd_CHECK_ISSUE_127_3_f16 (46 of 107)
12845056   (12845056 0 0 0) 0.0 (0.0000000000 0.0000000000) 0.000000 0.000000 0.0e+00 0.0e+00 (0.0000000000 0.0000000000) 0.0e+00 0.0e+00 0 1 1 0 1 0 1 fwd conv2d_host_validation_f16_fwd_CHECK_ISSUE_127_4_f16 (47 of 107)
12845056   (12844934 122 0 0) 1.0 (58048.0000000000 58016.0000000000) 32.000000 0.000304 5.7e-04 5.7e-04 (56288.0000000000 56256.0000000000) 5.3e-09 0.0e+00 0 1 1 0 1 0 1 fwd conv2d_host_validation_f16_fwd_CHECK_ISSUE_127_5_f16 (48 of 107)
7372800    (7372252 542 6 0) 2.0 (4096.0000000000 4100.0000000000) 4.000000 0.000181 9.8e-04 9.8e-04 (4096.0000000000 4100.0000000000) 4.5e-08 4.7e-06 0 1 1 0 1 0 1 fwd conv2d_host_validation_f16_fwd_CHECK_ISSUE_40_1_f16 (49 of 107)
3440640    (3440265 373 2 0) 2.0 (8192.0000000000 8200.0000000000) 8.000000 0.000505 9.8e-04 9.8e-04 (8192.0000000000 8200.0000000000) 6.2e-08 5.6e-06 0 1 1 0 1 0 1 fwd conv2d_host_validation_f16_fwd_CHECK_ISSUE_40_2_f16 (50 of 107)
6422528    (6421392 1136 0 0) 1.0 (22240.0000000000 22224.0000000000) 16.000000 0.002830 7.4e-04 7.4e-04 (21600.0000000000 21584.0000000000) 1.3e-07 8.9e-06 0 1 1 0 1 0 1 fwd conv2d_host_validation_f16_fwd_CHECK_ISSUE_40_3_f16 (51 of 107)
14745600   (14743893 1707 0 0) 1.0 (8976.0000000000 8968.0000000000) 8.000000 0.000924 9.4e-04 9.4e-04 (8528.0000000000 8520.0000000000) 8.4e-08 7.0e-06 0 1 1 0 1 0 1 fwd conv2d_host_validation_f16_fwd_CHECK_ISSUE_40_4_f16 (52 of 107)
6881280    (6880529 751 0 0) 1.0 (6672.0000000000 6668.0000000000) 4.000000 0.000437 6.4e-04 6.4e-04 (6244.0000000000 6240.0000000000) 6.5e-08 5.6e-06 0 1 0 0 0 0 1 fwd conv2d_host_validation_f16_fwd_CHECK_ISSUE_40_5_f16 (53 of 107)
1048576    (1048440 136 0 0) 1.0 (10992.0000000000 11000.0000000000) 8.000000 0.001038 7.5e-04 7.5e-04 (10600.0000000000 10608.0000000000) 9.3e-08 7.5e-06 0 1 1 0 1 0 1 fwd conv2d_host_validation_f16_fwd_CHECK_ISSUE_41_10_f16 (54 of 107)
12845056   (12844136 912 8 0) 2.0 (4096.0000000000 4100.0000000000) 4.000000 0.000172 9.8e-04 9.8e-04 (4096.0000000000 4100.0000000000) 4.3e-08 4.5e-06 0 1 1 0 1 0 1 fwd conv2d_host_validation_f16_fwd_CHECK_ISSUE_41_11_f16 (55 of 107)
9437184    (9436061 1123 0 0) 1.0 (11392.0000000000 11400.0000000000) 8.000000 0.000952 7.5e-04 7.5e-04 (10640.0000000000 10632.0000000000) 8.5e-08 7.1e-06 0 1 1 0 1 0 1 fwd conv2d_host_validation_f16_fwd_CHECK_ISSUE_41_12_f16 (56 of 107)
921600     (921525 74 1 0) 2.0 (4096.0000000000 4100.0000000000) 4.000000 0.000211 9.8e-04 9.8e-04 (4096.0000000000 4100.0000000000) 5.2e-08 5.4e-06 0 1 1 0 1 0 1 fwd conv2d_host_validation_f16_fwd_CHECK_ISSUE_41_2_f16 (57 of 107)
1605632    (1605523 109 0 0) 1.0 (4116.0000000000 4120.0000000000) 4.000000 0.000174 9.8e-04 9.8e-04 (4100.0000000000 4104.0000000000) 4.3e-08 4.8e-06 0 1 1 0 1 0 1 fwd conv2d_host_validation_f16_fwd_CHECK_ISSUE_41_3_f16 (58 of 107)
200704     (200686 18 0 0) 1.0 (4116.0000000000 4120.0000000000) 4.000000 0.000219 9.7e-04 9.7e-04 (4116.0000000000 4120.0000000000) 5.5e-08 5.3e-06 0 1 1 0 1 0 1 fwd conv2d_host_validation_f16_fwd_CHECK_ISSUE_41_4_f16 (59 of 107)
1605632    (1605474 157 1 0) 2.0 (8192.0000000000 8200.0000000000) 8.000000 0.000453 9.8e-04 9.8e-04 (8192.0000000000 8200.0000000000) 5.6e-08 5.3e-06 0 1 1 0 1 0 1 fwd conv2d_host_validation_f16_fwd_CHECK_ISSUE_41_5_f16 (60 of 107)
802816     (802752 64 0 0) 1.0 (4116.0000000000 4120.0000000000) 4.000000 0.000207 9.8e-04 9.8e-04 (4100.0000000000 4104.0000000000) 5.1e-08 5.3e-06 0 1 1 0 1 0 1 fwd conv2d_host_validation_f16_fwd_CHECK_ISSUE_41_6_f16 (61 of 107)
4194304    (4193978 325 1 0) 2.0 (4100.0000000000 4096.0000000000) 4.000000 0.000176 9.8e-04 9.8e-04 (4100.0000000000 4096.0000000000) 4.7e-08 4.5e-06 0 1 1 0 1 0 1 fwd conv2d_host_validation_f16_fwd_CHECK_ISSUE_41_7_f16 (62 of 107)
3211264    (3210904 360 0 0) 1.0 (9080.0000000000 9072.0000000000) 8.000000 0.000888 9.3e-04 9.3e-04 (8640.0000000000 8632.0000000000) 8.3e-08 6.8e-06 0 1 1 0 1 0 1 fwd conv2d_host_validation_f16_fwd_CHECK_ISSUE_41_8_f16 (63 of 107)
2359296    (2359112 183 1 0) 2.0 (4096.0000000000 4100.0000000000) 4.000000 0.000187 9.8e-04 9.8e-04 (4096.0000000000 4100.0000000000) 4.6e-08 4.9e-06 0 1 1 0 1 0 1 fwd conv2d_host_validation_f16_fwd_CHECK_ISSUE_41_9_f16 (64 of 107)
25690112   (25681917 8195 0 0) 1.0 (57696.0000000000 57664.0000000000) 32.000000 0.010208 5.7e-04 5.7e-04 (55712.0000000000 55744.0000000000) 1.8e-07 9.5e-06 0 1 1 0 1 0 1 fwd conv2d_host_validation_f16_fwd_CHECK_KCYX_NCHW_NKHW1_f16 (65 of 107)
3686400    (3686207 193 0 0) 1.0 (1999.0000000000 2000.0000000000) 2.000000 0.000065 9.8e-04 9.8e-04 (2050.0000000000 2052.0000000000) 3.2e-08 3.7e-06 0 1 1 0 1 0 1 fwd conv2d_host_validation_f16_fwd_CHECK_KCYX_NCHW_NKHW2_f16 (66 of 107)
409600     (409581 19 0 0) 1.0 (2016.0000000000 2017.0000000000) 2.000000 0.000056 9.2e-04 9.2e-04 (2170.0000000000 2172.0000000000) 2.8e-08 3.5e-06 0 1 1 0 1 0 1 fwd conv2d_host_validation_f16_fwd_CHECK_KCYX_NCHW_NKHW3_f16 (67 of 107)
147456     (147448 8 0 0) 1.0 (2056.0000000000 2054.0000000000) 2.000000 0.000068 9.7e-04 9.7e-04 (2056.0000000000 2054.0000000000) 3.3e-08 3.9e-06 0 1 1 0 1 0 1 fwd conv2d_host_validation_f16_fwd_CHECK_KCYX_NCHW_NKHW4_f16 (68 of 107)
102400     (102397 3 0 0) 1.0 (1974.0000000000 1975.0000000000) 2.000000 0.000039 9.1e-04 9.1e-04 (2190.0000000000 2188.0000000000) 1.9e-08 3.1e-06 0 1 1 0 1 0 1 fwd conv2d_host_validation_f16_fwd_CHECK_KCYX_NCHW_NKHW5_f16 (69 of 107)
15745024   (15744151 873 0 0) 1.0 (1888.0000000000 1887.0000000000) 2.000000 0.000056 9.7e-04 9.7e-04 (2054.0000000000 2056.0000000000) 3.1e-08 3.3e-06 0 1 1 0 1 0 1 fwd conv2d_host_validation_f16_fwd_CHECK_KCYX_NCHW_NKHW6_f16 (70 of 107)
13778944   (13777387 1557 0 0) 1.0 (7252.0000000000 7256.0000000000) 4.000000 0.000452 6.0e-04 6.0e-04 (6656.0000000000 6660.0000000000) 6.3e-08 5.3e-06 0 1 1 0 1 0 1 fwd conv2d_host_validation_f16_fwd_CHECK_KCYX_NCHW_NKHW7_f16 (71 of 107)
25690112   (25681757 8355 0 0) 1.0 (57536.0000000000 57504.0000000000) 32.000000 0.010407 5.7e-04 5.7e-04 (55808.0000000000 55840.0000000000) 1.8e-07 9.3e-06 0 1 1 0 1 0 1 fwd conv2d_host_validation_f16_fwd_CHECK_KYXC_NHWC_NHWK1_f16 (72 of 107)
3686400    (3686233 166 1 0) 2.0 (2048.0000000000 2050.0000000000) 2.000000 0.000054 9.8e-04 9.8e-04 (2048.0000000000 2050.0000000000) 2.7e-08 3.3e-06 0 1 1 0 1 0 1 fwd conv2d_host_validation_f16_fwd_CHECK_KYXC_NHWC_NHWK2_f16 (73 of 107)
409600     (409579 21 0 0) 1.0 (1978.0000000000 1979.0000000000) 2.000000 0.000066 9.6e-04 9.6e-04 (2092.0000000000 2094.0000000000) 3.2e-08 3.8e-06 0 1 1 0 1 0 1 fwd conv2d_host_validation_f16_fwd_CHECK_KYXC_NHWC_NHWK3_f16 (74 of 107)
147456     (147452 4 0 0) 1.0 (1870.0000000000 1871.0000000000) 2.000000 0.000041 9.6e-04 9.6e-04 (2094.0000000000 2096.0000000000) 2.0e-08 3.3e-06 0 1 1 0 1 0 1 fwd conv2d_host_validation_f16_fwd_CHECK_KYXC_NHWC_NHWK4_f16 (75 of 107)
102400     (102396 4 0 0) 1.0 (1978.0000000000 1979.0000000000) 2.000000 0.000049 9.6e-04 9.6e-04 (2092.0000000000 2094.0000000000) 2.4e-08 3.3e-06 0 1 1 0 1 0 1 fwd conv2d_host_validation_f16_fwd_CHECK_KYXC_NHWC_NHWK5_f16 (76 of 107)
15745024   (15744144 880 0 0) 1.0 (1809.0000000000 1808.0000000000) 2.000000 0.000056 9.7e-04 9.7e-04 (2060.0000000000 2062.0000000000) 3.1e-08 3.3e-06 0 1 1 0 1 0 1 fwd conv2d_host_validation_f16_fwd_CHECK_KYXC_NHWC_NHWK6_f16 (77 of 107)
13778944   (13777369 1575 0 0) 1.0 (7532.0000000000 7528.0000000000) 4.000000 0.000457 6.0e-04 6.0e-04 (6640.0000000000 6636.0000000000) 6.4e-08 5.3e-06 0 1 1 0 1 0 1 fwd conv2d_host_validation_f16_fwd_CHECK_KYXC_NHWC_NHWK7_f16 (78 of 107)
802816     (802771 45 0 0) 1.0 (1967.0000000000 1968.0000000000) 2.000000 0.000065 9.8e-04 9.8e-04 (2050.0000000000 2052.0000000000) 3.6e-08 3.6e-06 0 1 1 0 1 0 1 fwd conv2d_host_validation_f16_fwd_CHECK_PADDING1_f16 (79 of 107)
802816     (802783 33 0 0) 1.0 (1353.0000000000 1354.0000000000) 2.000000 0.000047 9.6e-04 9.6e-04 (2074.0000000000 2076.0000000000) 2.6e-08 3.1e-06 0 1 1 0 1 0 1 fwd conv2d_host_validation_f16_fwd_CHECK_PADDING2_f16 (80 of 107)
2048       (2048 0 0 0) 0.0 (0.0000000000 0.0000000000) 0.000000 0.000000 0.0e+00 0.0e+00 (0.0000000000 0.0000000000) 0.0e+00 0.0e+00 0 1 1 0 1 0 1 fwd conv2d_host_validation_f16_fwd_CHECK_PADDING3_f16 (81 of 107)
205520896  (205504438 16457 1 0) 2.0 (4100.0000000000 4096.0000000000) 4.000000 0.000160 9.8e-04 9.8e-04 (4100.0000000000 4096.0000000000) 4.5e-08 4.2e-06 0 1 0 0 1 0 1 fwd conv2d_host_validation_f32_fwd_GROUP_NCHW_f16 (82 of 107)
51380224   (51376122 4102 0 0) 1.0 (3670.0000000000 3672.0000000000) 2.000000 0.000160 6.2e-04 6.2e-04 (3238.0000000000 3236.0000000000) 4.4e-08 4.2e-06 1 0 0 0 0 1 0 fwd conv2d_host_validation_random_CHECK_KCYX_NCHW_NKHW_5_f16 (83 of 107)
51380224   (51376122 4102 0 0) 1.0 (3670.0000000000 3672.0000000000) 2.000000 0.000160 6.2e-04 6.2e-04 (3238.0000000000 3236.0000000000) 4.4e-08 4.2e-06 1 0 0 0 0 1 0 fwd conv2d_host_validation_random_CHECK_KCYX_NCHW_NKHW_6_f16 (84 of 107)
47775744   (47764492 11143 109 0) 2.0 (32800.0000000000 32768.0000000000) 32.000000 0.004056 9.8e-04 9.8e-04 (32768.0000000000 32800.0000000000) 1.3e-07 7.9e-06 1 0 0 0 0 1 0 fwd conv2d_host_validation_random_CHECK_KCYX_NCHW_NKHW_7_f16 (85 of 107)
51380224   (51368281 11834 109 0) 2.0 (32800.0000000000 32768.0000000000) 32.000000 0.003984 9.8e-04 9.8e-04 (32768.0000000000 32800.0000000000) 1.3e-07 7.8e-06 1 0 0 0 0 1 0 fwd conv2d_host_validation_random_CHECK_KCYX_NCHW_NKHW_8_f16 (86 of 107)
16777216   (16777196 20 0 0) 1.0 (457.2500000000 457.5000000000) 0.500000 0.000000 9.7e-04 9.7e-04 (516.0000000000 516.5000000000) 7.2e-10 5.2e-07 1 0 0 0 0 1 0 fwd conv2d_host_validation_random_CHECK_KYXC_NHWC_NHWK_4_f16 (87 of 107)
16777216   (16777196 20 0 0) 1.0 (457.2500000000 457.5000000000) 0.500000 0.000000 9.7e-04 9.7e-04 (516.0000000000 516.5000000000) 7.2e-10 5.2e-07 1 0 0 0 0 1 0 fwd conv2d_host_validation_random_CHECK_KYXC_NHWC_NHWK_5_f16 (88 of 107)
25690112   (25681917 8195 0 0) 1.0 (57696.0000000000 57664.0000000000) 32.000000 0.010208 5.7e-04 5.7e-04 (55712.0000000000 55744.0000000000) 1.8e-07 9.5e-06 1 0 1 0 0 1 0 fwd conv2d_host_validation_random_CHECK_RAND_FLOAT_2_f16 (89 of 107)
205520896  (205504302 16594 0 0) 1.0 (3606.0000000000 3608.0000000000) 4.000000 0.000161 9.7e-04 9.7e-04 (4136.0000000000 4140.0000000000) 4.5e-08 4.2e-06 1 0 0 0 0 1 0 fwd conv2d_host_validation_random_GROUP_NHWC_f16 (90 of 107)
30720      (30718 2 0 0) 1.0 (8116.0000000000 8112.0000000000) 8.000000 0.000391 9.7e-04 9.7e-04 (8240.0000000000 8248.0000000000) 4.8e-08 5.7e-06 0 1 0 0 1 0 1 fwd padding_kernel_all_fwd_CHECK_RESNET50_CONFIG2_f16 (91 of 107)
30720      (30717 3 0 0) 1.0 (8304.0000000000 8296.0000000000) 8.000000 0.000651 9.7e-04 9.7e-04 (8264.0000000000 8272.0000000000) 8.4e-08 7.7e-06 0 1 0 0 1 0 1 fwd padding_kernel_all_fwd_CHECK_RESNET50_CONFIG4_f16 (92 of 107)
882        (882 0 0 0) 0.0 (0.0000000000 0.0000000000) 0.000000 0.000000 0.0e+00 0.0e+00 (0.0000000000 0.0000000000) 0.0e+00 0.0e+00 0 1 0 0 1 0 1 bwd_weight padding_kernel_all_wrw_CHECK_RESNET50_CONFIG2_f16 (93 of 107)
882        (882 0 0 0) 0.0 (0.0000000000 0.0000000000) 0.000000 0.000000 0.0e+00 0.0e+00 (0.0000000000 0.0000000000) 0.0e+00 0.0e+00 0 1 0 0 1 0 1 bwd_weight padding_kernel_all_wrw_CHECK_RESNET50_CONFIG4_f16 (94 of 107)
205520896  (205502074 18605 217 0) 2.0 (8200.0000000000 8192.0000000000) 8.000000 0.000528 9.8e-04 9.8e-04 (8192.0000000000 8200.0000000000) 6.5e-08 6.3e-06 0 1 1 0 1 0 1 fwd padding_kernel_gemmK_CHECK_RESNET50_F16_CONFIG1 (95 of 107)
205520896  (205502239 18407 250 0) 2.0 (8200.0000000000 8192.0000000000) 8.000000 0.000533 9.8e-04 9.8e-04 (8192.0000000000 8200.0000000000) 6.5e-08 6.4e-06 0 1 1 0 1 0 1 fwd padding_kernel_gemmK_CHECK_RESNET50_F16_CONFIG2 (96 of 107)
205520896  (205502497 18183 216 0) 2.0 (8200.0000000000 8192.0000000000) 8.000000 0.000525 9.8e-04 9.8e-04 (8192.0000000000 8200.0000000000) 6.4e-08 6.3e-06 0 1 1 0 1 0 1 fwd padding_kernel_gemmK_CHECK_RESNET50_F16_CONFIG4 (97 of 107)
9408       (9408 0 0 0) 0.0 (0.0000000000 0.0000000000) 0.000000 0.000000 0.0e+00 0.0e+00 (0.0000000000 0.0000000000) 0.0e+00 0.0e+00 0 1 1 0 1 0 1 bwd_weight padding_kernel_gemmN_CHECK_RESNET50_CONFIG2 (98 of 107)
9408       (9408 0 0 0) 0.0 (0.0000000000 0.0000000000) 0.000000 0.000000 0.0e+00 0.0e+00 (0.0000000000 0.0000000000) 0.0e+00 0.0e+00 0 1 1 0 1 0 1 bwd_weight padding_kernel_gemmN_CHECK_RESNET50_CONFIG4 (99 of 107)
6422528    (6420399 2111 18 0) inf (inf 65504.0000000000) inf inf inf inf (65504.0000000000 inf) -nan -nan 0 0 0 0 1 0 1 fwd Resnet50_validation_nchw_CHECK_NCHW_1_f16 (100 of 107)
25690112   (25687204 2908 0 0) 1.0 (7584.0000000000 7588.0000000000) 4.000000 0.000453 6.1e-04 6.1e-04 (6600.0000000000 6596.0000000000) 6.3e-08 5.3e-06 0 0 0 0 1 0 1 fwd Resnet50_validation_nchw_CHECK_NCHW_2_f16 (101 of 107)
147456     (147456 0 0 0) 0.0 (0.0000000000 0.0000000000) 0.000000 0.000000 0.0e+00 0.0e+00 (0.0000000000 0.0000000000) 0.0e+00 0.0e+00 0 0 0 0 1 0 1 bwd_weight Resnet50_validation_nchw_CHECK_NCHW_3_f16 (102 of 107)
65536      (65536 0 0 0) 0.0 (0.0000000000 0.0000000000) 0.000000 0.000000 0.0e+00 0.0e+00 (0.0000000000 0.0000000000) 0.0e+00 0.0e+00 0 0 0 0 1 0 1 bwd_weight Resnet50_validation_nchw_CHECK_NCHW_4_f16 (103 of 107)
6422528    (6420488 2024 16 0) inf (inf 65504.0000000000) inf inf inf inf (65504.0000000000 inf) -nan -nan 0 0 0 0 1 0 1 fwd Resnet50_validation_nhwc_CHECK_NHWC_1_f16 (104 of 107)
25690112   (25687348 2764 0 0) 1.0 (7348.0000000000 7344.0000000000) 4.000000 0.000430 6.1e-04 6.1e-04 (6600.0000000000 6604.0000000000) 6.0e-08 5.1e-06 0 0 0 0 1 0 1 fwd Resnet50_validation_nhwc_CHECK_NHWC_2_f16 (105 of 107)
147456     (147456 0 0 0) 0.0 (0.0000000000 0.0000000000) 0.000000 0.000000 0.0e+00 0.0e+00 (0.0000000000 0.0000000000) 0.0e+00 0.0e+00 0 0 0 0 1 0 1 bwd_weight Resnet50_validation_nhwc_CHECK_NHWC_3_f16 (106 of 107)
65536      (65536 0 0 0) 0.0 (0.0000000000 0.0000000000) 0.000000 0.000000 0.0e+00 0.0e+00 (0.0000000000 0.0000000000) 0.0e+00 0.0e+00 0 0 0 0 1 0 1 bwd_weight Resnet50_validation_nhwc_CHECK_NHWC_4_f16 (107 of 107)
