25690112   (25588671 92812 8629 0) 898.0 (-0.0000209808 -0.0000745058) 0.250000 0.000006 2.0e+01 8.2e-02 (0.0010423660 0.0011281967) 6.7e-06 5.8e-07 1 0 0 0 0 1 0 fwd conv2d_harness_cpu_verifier_kyxc_nhwc_nhwk_f16_E2E_f16 (1 of 107)
802816     (801600 1111 105 0) 128.0 (0.0004749298 0.0004444122) 0.003906 0.000001 6.4e-02 1.2e-02 (-0.0025329590 -0.0025634766) 1.5e-06 2.7e-06 0 1 1 0 1 0 1 bwd_data conv2d_host_validation_f16_bwd_CHECK_BWD_DATA1 (2 of 107)
4096       (4054 36 6 0) 6.0 (0.0152130127 0.0152587891) 1.000000 0.000277 3.0e-03 3.0e-03 (0.0152130127 0.0152587891) 9.8e-06 1.5e-05 0 1 1 0 1 0 1 bwd_weight conv2d_host_validation_f16_bwd_CHECK_BWD_WEIGHT1 (3 of 107)
147456     (145215 2010 231 0) 1933.0 (-0.0001208186 -0.0002360344) 0.125000 0.000207 9.5e-01 4.5e-02 (0.0016222000 0.0016956329) 2.2e-05 9.7e-06 0 1 1 0 1 0 1 bwd_weight conv2d_host_validation_f16_bwd_CHECK_ISSUE_127_10 (4 of 107)
294912     (291518 3084 310 0) 584.0 (0.0001298189 0.0000950098) 0.125000 0.000103 2.7e-01 1.3e-01 (-0.0012197495 -0.0013809204) 1.3e-05 8.6e-06 0 1 1 0 1 0 1 bwd_weight conv2d_host_validation_f16_bwd_CHECK_ISSUE_127_15 (5 of 107)
589824     (584435 4905 484 0) 210.0 (-0.0000897646 -0.0000772476) 4.000000 0.000059 1.4e-01 6.7e-02 (0.0013246536 0.0012359619) 1.0e-05 1.2e-06 0 1 1 0 1 0 1 bwd_weight conv2d_host_validation_f16_bwd_CHECK_ISSUE_127_16 (6 of 107)
1179648    (1171372 7571 705 0) 730.0 (0.0001317263 0.0000882149) 0.062500 0.000026 3.6e-01 5.8e-02 (0.0011215210 0.0011863708) 8.4e-06 5.2e-06 0 1 1 0 1 0 1 bwd_weight conv2d_host_validation_f16_bwd_CHECK_ISSUE_127_17 (7 of 107)
147456     (143328 3669 459 0) 1689.0 (-0.0000557303 -0.0001564026) 0.250000 0.000850 1.8e+00 2.0e-01 (-0.0068130493 -0.0082015991) 4.7e-05 1.4e-05 0 1 1 0 1 0 1 bwd_weight conv2d_host_validation_f16_bwd_CHECK_ISSUE_127_18 (8 of 107)
2097152    (2084400 11667 1085 0) 646.0 (-0.0000574589 -0.0000189543) 0.062500 0.000017 1.2e+00 4.8e-02 (0.0013523102 0.0014171600) 7.6e-06 5.0e-06 0 1 1 0 1 0 1 bwd_weight conv2d_host_validation_f16_bwd_CHECK_ISSUE_127_6 (9 of 107)
262144     (259680 2254 210 0) 898.0 (0.0002465248 0.0001394749) 0.062500 0.000057 4.3e-01 4.2e-02 (-0.0010108948 -0.0009679794) 1.1e-05 6.9e-06 0 1 1 0 1 0 1 bwd_weight conv2d_host_validation_f16_bwd_CHECK_ISSUE_127_7 (10 of 107)
147456     (145273 1974 209 0) 150.0 (-0.0024662018 -0.0021800995) 0.125000 0.000200 1.2e-01 1.2e-01 (-0.0024662018 -0.0021800995) 1.6e-05 9.4e-06 0 1 1 0 1 0 1 bwd_weight conv2d_host_validation_f16_bwd_CHECK_ISSUE_127_8 (11 of 107)
147456     (145219 2005 232 0) 146.0 (-0.0012607574 -0.0013999939) 0.125000 0.000193 1.1e-01 1.1e-01 (-0.0012607574 -0.0013999939) 1.7e-05 1.8e-07 0 1 1 0 1 0 1 bwd_weight conv2d_host_validation_f16_bwd_CHECK_ISSUE_127_9 (12 of 107)
1024       (1013 10 1 0) 2.0 (-0.0150604248 -0.0150451660) 0.015625 0.000046 1.0e-03 1.0e-03 (-0.0150604248 -0.0150451660) 7.5e-06 1.2e-05 0 1 1 0 1 0 1 bwd_weight conv2d_host_validation_f16_bwd_CHECK_ISSUE_70_1 (13 of 107)
65536      (64563 865 108 0) 127.0 (-0.0032024384 -0.0029602051) 16.000000 0.000436 7.6e-02 7.6e-02 (-0.0032024384 -0.0029602051) 1.8e-05 3.7e-06 0 1 1 0 1 0 1 bwd_weight conv2d_host_validation_f16_bwd_CHECK_ISSUE_70_2 (14 of 107)
4096       (4074 21 1 0) 38.0 (0.0007829666 0.0007648468) 0.062500 0.000046 2.3e-02 9.7e-04 (-64.3125000000 -64.3750000000) 9.4e-06 1.9e-05 0 1 1 0 1 0 1 bwd_weight conv2d_host_validation_f16_bwd_CHECK_ISSUE_70_3 (15 of 107)
1024       (1021 3 0 0) 1.0 (534.5000000000 534.0000000000) 0.500000 0.000489 9.4e-04 9.4e-04 (534.5000000000 534.0000000000) 2.0e-06 2.9e-05 0 1 1 0 1 0 1 bwd_weight conv2d_host_validation_f16_bwd_CHECK_ISSUE_71_1 (16 of 107)
1024       (1022 2 0 0) 1.0 (1.0810546875 1.0800781250) 0.000977 0.000002 9.0e-04 9.0e-04 (1.0810546875 1.0800781250) 1.8e-06 4.0e-08 0 1 1 0 1 0 1 bwd_weight conv2d_host_validation_f16_bwd_CHECK_ISSUE_71_2 (17 of 107)
1024       (1011 13 0 0) 1.0 (-0.5258789062 -0.5263671875) 0.031250 0.000098 9.3e-04 9.3e-04 (-16.7812500000 -16.7656250000) 9.0e-06 3.7e-07 0 1 1 0 1 0 1 bwd_weight conv2d_host_validation_f16_bwd_CHECK_ISSUE_71_3 (18 of 107)
1024       (1016 8 0 0) 1.0 (-0.1723632812 -0.1724853516) 0.003906 0.000008 9.7e-04 9.7e-04 (0.0626831055 0.0627441406) 6.1e-06 2.0e-06 0 1 1 0 1 0 1 bwd_weight conv2d_host_validation_f16_bwd_CHECK_ISSUE_71_4 (19 of 107)
12845056   (12818378 24467 2211 0) 548.0 (-0.0000100136 0.0000226498) 0.015625 0.000002 3.3e+00 4.3e-02 (0.0010604858 0.0011062622) 2.9e-06 2.6e-06 0 0 0 0 0 1 0 fwd conv2d_host_validation_f16_CHECK_RESNET101_NCHW_CONFIG1_FWD_f16 (20 of 107)
12845056   (12819947 22996 2113 0) 958.0 (-0.0001121759 -0.0001692772) 0.015625 0.000001 8.0e+00 4.5e-02 (0.0012645721 0.0012073517) 3.2e-06 2.4e-06 0 0 0 0 0 1 0 fwd conv2d_host_validation_f16_CHECK_RESNET101_NCHW_CONFIG2_FWD_f16 (21 of 107)
25690112   (25634467 50849 4796 0) 918.0 (0.0000073314 0.0000620484) 0.015625 0.000002 7.5e+00 3.4e-02 (0.0012216568 0.0012626648) 3.0e-06 2.6e-06 0 0 0 0 0 1 0 bwd_data conv2d_host_validation_f16_CHECK_RESNET101_NCHW_CONFIG8_BWD_f16 (22 of 107)
102760448  (102654883 96414 9151 0) 698.0 (-0.0000716448 -0.0000300407) 0.007812 0.000000 2.1e+00 4.2e-02 (-0.0010585785 -0.0010137558) 1.3e-06 1.8e-06 0 0 0 0 0 1 0 fwd conv2d_host_validation_f16_CHECK_RESNET101_NCHW_CONFIG8_FWD_f16 (23 of 107)
16384      (16033 316 35 0) 30.0 (-0.0140075684 -0.0137786865) 0.500000 0.000525 1.6e-02 1.6e-02 (-0.0140075684 -0.0137786865) 2.1e-05 6.7e-06 0 0 0 0 0 1 0 bwd_weight conv2d_host_validation_f16_CHECK_RESNET101_NCHW_CONFIG8_WRW_f16 (24 of 107)
12845056   (12818360 24572 2124 0) 877.0 (-0.0000137091 0.0000385642) 0.015625 0.000002 3.8e+00 3.9e-02 (0.0011539459 0.0011987686) 3.0e-06 2.6e-06 0 0 0 0 0 1 0 fwd conv2d_host_validation_f16_CHECK_RESNET101_NHWC_CONFIG1_FWD_f16 (25 of 107)
12845056   (12819405 23477 2174 0) 908.0 (-0.0000625849 -0.0001167059) 0.015625 0.000001 1.3e+00 4.1e-02 (0.0010509491 0.0010938644) 2.7e-06 2.5e-06 0 0 0 0 0 1 0 fwd conv2d_host_validation_f16_CHECK_RESNET101_NHWC_CONFIG2_FWD_f16 (26 of 107)
25690112   (25634793 50491 4828 0) 548.0 (0.0000269413 0.0000596046) 0.015625 0.000002 9.0e+00 4.0e-02 (-0.0010375977 -0.0010786057) 3.3e-06 2.8e-06 0 0 0 0 0 1 0 bwd_data conv2d_host_validation_f16_CHECK_RESNET101_NHWC_CONFIG8_BWD_f16 (27 of 107)
102760448  (102653684 97607 9157 0) 714.0 (-0.0000927448 -0.0001353025) 0.007812 0.000000 4.0e+00 3.8e-02 (-0.0012722015 -0.0012235641) 1.4e-06 9.5e-07 0 0 0 0 0 1 0 fwd conv2d_host_validation_f16_CHECK_RESNET101_NHWC_CONFIG8_FWD_f16 (28 of 107)
16384      (16054 296 34 0) 140.0 (0.0004129410 0.0004463196) 0.250000 0.000431 8.1e-02 5.0e-02 (-0.0147018433 -0.0154418945) 2.7e-05 1.3e-05 0 0 0 0 0 1 0 bwd_weight conv2d_host_validation_f16_CHECK_RESNET101_NHWC_CONFIG8_WRW_f16 (29 of 107)
4194304    (4194007 279 18 0) 52.0 (-0.0006170273 -0.0005922318) 0.000977 0.000000 4.0e-02 1.3e-02 (0.0016260147 0.0016040802) 7.1e-08 4.5e-07 0 1 1 0 1 0 1 fwd conv2d_host_validation_f16_fwd_CHECK_FILTER1_f16 (30 of 107)
4194304    (4193990 294 20 0) 25.0 (-0.0010795593 -0.0010557175) 0.000977 0.000000 2.2e-02 2.2e-02 (-0.0010795593 -0.0010557175) 7.2e-08 5.6e-07 0 1 1 0 1 0 1 fwd conv2d_host_validation_f16_fwd_CHECK_FILTER2_f16 (31 of 107)
16777216   (16774037 3068 111 0) 412.0 (0.0000095367 -0.0000150204) 0.001953 0.000000 2.6e+00 1.3e-02 (0.0032424927 0.0032005310) 3.2e-07 8.1e-07 0 1 1 0 1 0 1 fwd conv2d_host_validation_f16_fwd_CHECK_ISSUE_114_1_f16 (32 of 107)
16777216   (16774037 3068 111 0) 412.0 (0.0000095367 -0.0000150204) 0.001953 0.000000 2.6e+00 1.3e-02 (0.0032424927 0.0032005310) 3.2e-07 8.1e-07 0 1 1 0 1 0 1 fwd conv2d_host_validation_f16_fwd_CHECK_ISSUE_114_2_f16 (33 of 107)
4194304    (4193516 761 27 0) 9.0 (-0.0053787231 -0.0054130554) 0.001953 0.000000 1.0e-01 6.4e-03 (-0.0053787231 -0.0054130554) 1.7e-07 9.5e-07 0 1 1 0 1 0 1 fwd conv2d_host_validation_f16_fwd_CHECK_ISSUE_114_3_f16 (34 of 107)
4194304    (4193516 761 27 0) 9.0 (-0.0053787231 -0.0054130554) 0.001953 0.000000 1.0e-01 6.4e-03 (-0.0053787231 -0.0054130554) 1.7e-07 9.5e-07 0 1 1 0 1 0 1 fwd conv2d_host_validation_f16_fwd_CHECK_ISSUE_114_4_f16 (35 of 107)
16777216   (16774044 3070 102 0) 74.0 (-0.0006651878 -0.0007004738) 0.001953 0.000000 1.0e+00 1.6e-02 (0.0030460358 0.0029964447) 2.6e-07 8.5e-07 0 1 1 0 1 0 1 fwd conv2d_host_validation_f16_fwd_CHECK_ISSUE_114_5_f16 (36 of 107)
16777216   (16774044 3070 102 0) 74.0 (-0.0006651878 -0.0007004738) 0.001953 0.000000 1.0e+00 1.6e-02 (0.0030460358 0.0029964447) 2.6e-07 8.5e-07 0 1 1 0 1 0 1 fwd conv2d_host_validation_f16_fwd_CHECK_ISSUE_114_6_f16 (37 of 107)
4194304    (4193473 805 26 0) 74.0 (-0.0006651878 -0.0007004738) 0.001953 0.000000 1.0e+00 6.6e-03 (-0.0052185059 -0.0052528381) 4.2e-07 8.5e-07 0 1 1 0 1 0 1 fwd conv2d_host_validation_f16_fwd_CHECK_ISSUE_114_7_f16 (38 of 107)
4194304    (4193473 805 26 0) 74.0 (-0.0006651878 -0.0007004738) 0.001953 0.000000 1.0e+00 6.6e-03 (-0.0052185059 -0.0052528381) 4.2e-07 8.5e-07 0 1 1 0 1 0 1 fwd conv2d_host_validation_f16_fwd_CHECK_ISSUE_114_8_f16 (39 of 107)
12845056   (12775816 63143 6097 0) 1012.0 (0.0001622438 0.0001019239) 0.125000 0.000012 6.6e+01 6.0e-02 (-0.0011539459 -0.0012226105) 1.7e-05 1.2e-06 0 1 1 0 1 0 1 fwd conv2d_host_validation_f16_fwd_CHECK_ISSUE_127_11_f16 (40 of 107)
12845056   (12776865 62302 5889 0) 887.0 (0.0000450015 -0.0000078678) 0.250000 0.000012 4.7e+00 4.7e-02 (-0.0010499954 -0.0010004044) 7.8e-06 1.2e-06 0 1 1 0 1 0 1 fwd conv2d_host_validation_f16_fwd_CHECK_ISSUE_127_12_f16 (41 of 107)
12845056   (12781618 57864 5574 0) 1099.0 (-0.0000345111 0.0000309944) 0.250000 0.000011 3.5e+00 4.3e-02 (0.0026741028 0.0027885437) 6.9e-06 1.2e-06 0 1 1 0 1 0 1 fwd conv2d_host_validation_f16_fwd_CHECK_ISSUE_127_13_f16 (42 of 107)
12845056   (12772807 66006 6243 0) 1000.0 (-0.0001097918 -0.0000501871) 0.062500 0.000013 1.8e+01 6.4e-02 (0.0010919571 0.0011615753) 9.6e-06 1.3e-06 0 1 1 0 1 0 1 fwd conv2d_host_validation_f16_fwd_CHECK_ISSUE_127_14_f16 (43 of 107)
12845056   (12773644 65021 6391 0) 1136.0 (0.0001227856 0.0000550747) 0.125000 0.000013 8.6e+01 4.5e-02 (0.0012598038 0.0013170242) 1.4e-05 1.3e-06 0 1 1 0 1 0 1 fwd conv2d_host_validation_f16_fwd_CHECK_ISSUE_127_1_f16 (44 of 107)
6422528    (6376988 41513 4027 0) 2278.0 (-0.0000495911 -0.0001853704) 0.500000 0.000025 2.7e+00 7.5e-02 (0.0010185242 0.0010948181) 9.6e-06 1.2e-06 0 1 1 0 1 0 1 fwd conv2d_host_validation_f16_fwd_CHECK_ISSUE_127_2_f16 (45 of 107)
25690112   (25577869 102551 9692 0) 1292.0 (0.0000140667 0.0000910759) 0.031250 0.000007 8.3e+00 5.4e-02 (0.0010242462 0.0010795593) 6.9e-06 3.7e-06 0 1 1 0 1 0 1 fwd conv2d_host_validation_f16_fwd_CHECK_ISSUE_127_3_f16 (46 of 107)
12845056   (12773335 65545 6176 0) 825.0 (0.0000153184 -0.0000338554) 0.031250 0.000013 2.5e+01 4.7e-02 (0.0010824203 0.0010318756) 9.7e-06 4.3e-06 0 1 1 0 1 0 1 fwd conv2d_host_validation_f16_fwd_CHECK_ISSUE_127_4_f16 (47 of 107)
12845056   (12776546 62577 5933 0) 886.0 (-0.0000644922 -0.0001173019) 0.031250 0.000012 9.6e+00 3.8e-02 (-0.0010547638 -0.0010948181) 9.1e-06 4.3e-06 0 1 1 0 1 0 1 fwd conv2d_host_validation_f16_fwd_CHECK_ISSUE_127_5_f16 (48 of 107)
7372800    (7361509 10181 1110 0) 607.0 (0.0000318885 0.0000680685) 0.007812 0.000001 1.1e+00 2.9e-02 (-0.0010099411 -0.0010395050) 2.0e-06 2.2e-06 0 1 1 0 1 0 1 fwd conv2d_host_validation_f16_fwd_CHECK_ISSUE_40_1_f16 (49 of 107)
3440640    (3435379 4844 417 0) 241.0 (-0.0001372099 -0.0001659393) 0.007812 0.000001 2.1e-01 2.7e-02 (-0.0012893677 -0.0012550354) 1.8e-06 2.3e-06 0 1 1 0 1 0 1 fwd conv2d_host_validation_f16_fwd_CHECK_ISSUE_40_2_f16 (50 of 107)
6422528    (6405406 15710 1412 0) 402.0 (-0.0000728369 -0.0000967979) 0.015625 0.000003 3.3e-01 3.6e-02 (-0.0011453629 -0.0011863708) 3.0e-06 3.0e-06 0 1 1 0 1 0 1 fwd conv2d_host_validation_f16_fwd_CHECK_ISSUE_40_3_f16 (51 of 107)
14745600   (14719956 23611 2033 0) 759.0 (-0.0000163913 -0.0000616312) 0.015625 0.000001 2.8e+00 3.3e-02 (-0.0011653900 -0.0012035370) 2.4e-06 2.5e-06 0 1 1 0 1 0 1 fwd conv2d_host_validation_f16_fwd_CHECK_ISSUE_40_4_f16 (52 of 107)
6881280    (6871321 9105 854 0) 264.0 (0.0000990033 0.0000832677) 0.007812 0.000001 2.6e-01 2.5e-02 (-0.0012741089 -0.0012416840) 1.8e-06 2.1e-06 0 1 0 0 0 0 1 fwd conv2d_host_validation_f16_fwd_CHECK_ISSUE_40_5_f16 (53 of 107)
1048576    (1046729 1692 155 0) 52.0 (0.0006184578 0.0005936623) 0.007812 0.000001 4.0e-02 2.5e-02 (0.0014944077 0.0015316010) 1.7e-06 2.6e-06 0 1 1 0 1 0 1 fwd conv2d_host_validation_f16_fwd_CHECK_ISSUE_41_10_f16 (54 of 107)
12845056   (12829357 14294 1405 0) 597.0 (0.0000113845 0.0000469685) 0.007812 0.000001 3.1e+00 3.6e-02 (-0.0010137558 -0.0010499954) 1.8e-06 2.0e-06 0 1 1 0 1 0 1 fwd conv2d_host_validation_f16_fwd_CHECK_ISSUE_41_11_f16 (55 of 107)
9437184    (9420785 15063 1336 0) 434.0 (-0.0000277162 -0.0000535846) 0.015625 0.000001 9.3e-01 4.9e-02 (-0.0011425018 -0.0011987686) 2.1e-06 2.4e-06 0 1 1 0 1 0 1 fwd conv2d_host_validation_f16_fwd_CHECK_ISSUE_41_12_f16 (56 of 107)
921600     (920175 1274 151 0) 416.0 (-0.0000637770 -0.0000885725) 0.007812 0.000001 3.9e-01 2.9e-02 (-0.0010099411 -0.0010395050) 2.5e-06 2.4e-06 0 1 1 0 1 0 1 fwd conv2d_host_validation_f16_fwd_CHECK_ISSUE_41_2_f16 (57 of 107)
1605632    (1603265 2151 216 0) 526.0 (0.0000283718 -0.0000029802) 0.007812 0.000001 1.1e+00 3.3e-02 (0.0010328293 0.0009984970) 2.2e-06 2.5e-06 0 1 1 0 1 0 1 fwd conv2d_host_validation_f16_fwd_CHECK_ISSUE_41_3_f16 (58 of 107)
200704     (200383 294 27 0) 36.0 (-0.0013990402 -0.0014333725) 0.003906 0.000001 2.5e-02 2.5e-02 (-0.0013990402 -0.0014333725) 1.6e-06 2.6e-06 0 1 1 0 1 0 1 fwd conv2d_host_validation_f16_fwd_CHECK_ISSUE_41_4_f16 (59 of 107)
1605632    (1603195 2244 193 0) 131.0 (-0.0000768304 -0.0000846386) 0.007812 0.000001 2.0e-01 1.6e-02 (0.0019159317 0.0019464493) 1.6e-06 2.5e-06 0 1 1 0 1 0 1 fwd conv2d_host_validation_f16_fwd_CHECK_ISSUE_41_5_f16 (60 of 107)
802816     (801643 1068 105 0) 76.0 (-0.0007047653 -0.0007410049) 0.007812 0.000001 5.1e-02 3.3e-02 (0.0010328293 0.0009984970) 1.5e-06 2.6e-06 0 1 1 0 1 0 1 fwd conv2d_host_validation_f16_fwd_CHECK_ISSUE_41_6_f16 (61 of 107)
4194304    (4189386 4445 473 0) 206.0 (0.0001019239 0.0001142025) 0.007812 0.000000 1.4e-01 1.8e-02 (-0.0019683838 -0.0020046234) 1.3e-06 2.0e-06 0 1 1 0 1 0 1 fwd conv2d_host_validation_f16_fwd_CHECK_ISSUE_41_7_f16 (62 of 107)
3211264    (3205860 4965 439 0) 146.0 (0.0003247261 0.0003595352) 0.007812 0.000001 1.9e-01 2.6e-02 (0.0011940002 0.0011634827) 1.8e-06 2.5e-06 0 1 1 0 1 0 1 fwd conv2d_host_validation_f16_fwd_CHECK_ISSUE_41_8_f16 (63 of 107)
2359296    (2356403 2646 247 0) 76.0 (-0.0004920959 -0.0005283356) 0.007812 0.000001 1.9e-01 2.5e-02 (0.0015525818 0.0015907288) 1.3e-06 2.2e-06 0 1 1 0 1 0 1 fwd conv2d_host_validation_f16_fwd_CHECK_ISSUE_41_9_f16 (64 of 107)
25690112   (25589322 92203 8587 0) 897.0 (0.0000775456 0.0000240803) 0.031250 0.000006 3.7e+00 4.0e-02 (-0.0012807846 -0.0012292862) 5.2e-06 3.7e-06 0 1 1 0 1 0 1 fwd conv2d_host_validation_f16_fwd_CHECK_KCYX_NCHW_NKHW1_f16 (65 of 107)
3686400    (3680943 4864 593 0) 411.0 (0.0001252890 0.0001007915) 0.003906 0.000000 5.9e-01 3.1e-02 (-0.0011529922 -0.0011882782) 1.9e-06 2.3e-06 0 1 1 0 1 0 1 fwd conv2d_host_validation_f16_fwd_CHECK_KCYX_NCHW_NKHW2_f16 (66 of 107)
409600     (408919 602 79 0) 193.0 (-0.0002446175 -0.0002906322) 0.003906 0.000001 1.9e-01 1.6e-02 (-0.0010623932 -0.0010452271) 2.8e-06 2.6e-06 0 1 1 0 1 0 1 fwd conv2d_host_validation_f16_fwd_CHECK_KCYX_NCHW_NKHW3_f16 (67 of 107)
147456     (147220 200 36 0) 61.0 (0.0004119873 0.0004265308) 0.003906 0.000000 9.4e-02 2.0e-02 (-0.0011034012 -0.0011253357) 2.9e-06 2.5e-06 0 1 1 0 1 0 1 fwd conv2d_host_validation_f16_fwd_CHECK_KCYX_NCHW_NKHW4_f16 (68 of 107)
102400     (102191 182 27 0) 193.0 (-0.0002446175 -0.0002906322) 0.001953 0.000001 1.9e-01 1.6e-02 (-0.0010623932 -0.0010452271) 3.9e-06 2.9e-06 0 1 1 0 1 0 1 fwd conv2d_host_validation_f16_fwd_CHECK_KCYX_NCHW_NKHW5_f16 (69 of 107)
15745024   (15728593 14755 1676 0) 570.0 (-0.0001019239 -0.0000679493) 0.003906 0.000000 6.9e+00 4.5e-02 (0.0012626648 0.0012054443) 1.9e-06 1.8e-06 0 1 1 0 1 0 1 fwd conv2d_host_validation_f16_fwd_CHECK_KCYX_NCHW_NKHW6_f16 (70 of 107)
13778944   (13759049 18216 1679 0) 501.0 (-0.0000788569 -0.0000489950) 0.007812 0.000001 7.4e+00 4.9e-02 (0.0010557175 0.0010042191) 2.2e-06 2.1e-06 0 1 1 0 1 0 1 fwd conv2d_host_validation_f16_fwd_CHECK_KCYX_NCHW_NKHW7_f16 (71 of 107)
25690112   (25588671 92812 8629 0) 898.0 (-0.0000209808 -0.0000745058) 0.250000 0.000006 2.0e+01 8.2e-02 (0.0010423660 0.0011281967) 6.7e-06 5.8e-07 0 1 1 0 1 0 1 fwd conv2d_host_validation_f16_fwd_CHECK_KYXC_NHWC_NHWK1_f16 (72 of 107)
3686400    (3681023 4772 605 0) 622.0 (-0.0000944138 -0.0001314878) 0.003906 0.000000 3.9e-01 2.7e-02 (0.0010585785 0.0010299683) 2.1e-06 2.4e-06 0 1 1 0 1 0 1 fwd conv2d_host_validation_f16_fwd_CHECK_KYXC_NHWC_NHWK2_f16 (73 of 107)
409600     (409003 535 62 0) 76.0 (0.0004825592 0.0005006790) 0.003906 0.000000 3.8e-02 1.3e-02 (0.0025844574 0.0025501251) 1.4e-06 2.5e-06 0 1 1 0 1 0 1 fwd conv2d_host_validation_f16_fwd_CHECK_KYXC_NHWC_NHWK3_f16 (74 of 107)
147456     (147259 180 17 0) 43.0 (-0.0006179810 -0.0006384850) 0.001953 0.000000 3.3e-02 8.0e-03 (0.0033321381 0.0033054352) 1.5e-06 2.0e-06 0 1 1 0 1 0 1 fwd conv2d_host_validation_f16_fwd_CHECK_KYXC_NHWC_NHWK4_f16 (75 of 107)
102400     (102269 114 17 0) 9.0 (0.0060768127 0.0060424805) 0.003906 0.000000 5.6e-03 5.6e-03 (0.0060768127 0.0060424805) 1.3e-06 2.5e-06 0 1 1 0 1 0 1 fwd conv2d_host_validation_f16_fwd_CHECK_KYXC_NHWC_NHWK5_f16 (76 of 107)
15745024   (15728689 14642 1693 0) 437.0 (-0.0000552535 -0.0000292063) 0.003906 0.000000 3.0e+00 3.4e-02 (-0.0010805130 -0.0010442734) 1.8e-06 1.7e-06 0 1 1 0 1 0 1 fwd conv2d_host_validation_f16_fwd_CHECK_KYXC_NHWC_NHWK6_f16 (77 of 107)
13778944   (13758407 18826 1711 0) 326.0 (-0.0002229214 -0.0001840591) 0.007812 0.000001 1.2e+00 3.4e-02 (-0.0010461807 -0.0010108948) 1.9e-06 2.1e-06 0 1 1 0 1 0 1 fwd conv2d_host_validation_f16_fwd_CHECK_KYXC_NHWC_NHWK7_f16 (78 of 107)
802816     (801754 933 129 0) 301.0 (-0.0001455545 -0.0001814365) 0.003906 0.000000 2.5e-01 2.2e-02 (-0.0012149811 -0.0012416840) 2.1e-06 2.2e-06 0 1 1 0 1 0 1 fwd conv2d_host_validation_f16_fwd_CHECK_PADDING1_f16 (79 of 107)
802816     (801627 1042 147 0) 250.0 (0.0001463890 0.0001761913) 0.003906 0.000000 2.0e-01 1.2e-02 (-0.0027256012 -0.0027580261) 2.0e-06 2.2e-06 0 1 1 0 1 0 1 fwd conv2d_host_validation_f16_fwd_CHECK_PADDING2_f16 (80 of 107)
2048       (2047 0 1 0) 2.0 (0.0001059771 0.0001058578) 0.000000 0.000000 1.1e-03 0.0e+00 (0.0000000000 0.0000000000) 5.5e-07 4.4e-10 0 1 1 0 1 0 1 fwd conv2d_host_validation_f16_fwd_CHECK_PADDING3_f16 (81 of 107)
205520896  (205309247 193553 18096 0) 698.0 (-0.0000716448 -0.0000300407) 0.007812 0.000000 1.0e+01 4.1e-02 (0.0013189316 0.0012645721) 1.5e-06 1.7e-06 0 1 0 0 1 0 1 fwd conv2d_host_validation_f32_fwd_GROUP_NCHW_f16 (82 of 107)
51380224   (51299204 72773 8247 0) 618.0 (0.0000414848 0.0000046492) 0.007812 0.000001 1.0e+01 4.2e-02 (-0.0010585785 -0.0010137558) 2.4e-06 2.2e-06 1 0 0 0 0 1 0 fwd conv2d_host_validation_random_CHECK_KCYX_NCHW_NKHW_5_f16 (83 of 107)
51380224   (51299204 72773 8247 0) 618.0 (0.0000414848 0.0000046492) 0.007812 0.000001 1.0e+01 4.2e-02 (-0.0010585785 -0.0010137558) 2.4e-06 2.2e-06 1 0 0 0 0 1 0 fwd conv2d_host_validation_random_CHECK_KCYX_NCHW_NKHW_6_f16 (84 of 107)
47775744   (47621245 141228 13271 0) 814.0 (-0.0000874996 -0.0000389814) 0.015625 0.000004 7.1e+00 4.7e-02 (-0.0010852814 -0.0010347366) 4.4e-06 3.3e-06 1 0 0 0 0 1 0 fwd conv2d_host_validation_random_CHECK_KCYX_NCHW_NKHW_7_f16 (85 of 107)
51380224   (51216480 149638 14106 0) 814.0 (-0.0000874996 -0.0000389814) 0.015625 0.000004 7.1e+00 4.7e-02 (-0.0010852814 -0.0010347366) 4.3e-06 3.3e-06 1 0 0 0 0 1 0 fwd conv2d_host_validation_random_CHECK_KCYX_NCHW_NKHW_8_f16 (86 of 107)
16777216   (16774037 3068 111 0) 412.0 (0.0000095367 -0.0000150204) 0.001953 0.000000 2.6e+00 1.3e-02 (0.0032424927 0.0032005310) 3.2e-07 8.1e-07 1 0 0 0 0 1 0 fwd conv2d_host_validation_random_CHECK_KYXC_NHWC_NHWK_4_f16 (87 of 107)
16777216   (16774037 3068 111 0) 412.0 (0.0000095367 -0.0000150204) 0.001953 0.000000 2.6e+00 1.3e-02 (0.0032424927 0.0032005310) 3.2e-07 8.1e-07 1 0 0 0 0 1 0 fwd conv2d_host_validation_random_CHECK_KYXC_NHWC_NHWK_5_f16 (88 of 107)
25690112   (25589322 92203 8587 0) 897.0 (0.0000775456 0.0000240803) 0.031250 0.000006 3.7e+00 4.0e-02 (-0.0012807846 -0.0012292862) 5.2e-06 3.7e-06 1 0 1 0 0 1 0 fwd conv2d_host_validation_random_CHECK_RAND_FLOAT_2_f16 (89 of 107)
205520896  (205308269 194471 18156 0) 715.0 (-0.0000296831 0.0000129342) 0.007812 0.000000 6.5e+01 4.2e-02 (-0.0011301041 -0.0010824203) 1.7e-06 9.4e-07 1 0 0 0 0 1 0 fwd conv2d_host_validation_random_GROUP_NHWC_f16 (90 of 107)
30720      (30684 35 1 0) 2.0 (-0.0003175735 -0.0003170967) 0.003906 0.000001 1.5e-03 9.7e-04 (0.2521972656 0.2519531250) 8.1e-07 3.2e-06 0 1 0 0 1 0 1 fwd padding_kernel_all_fwd_CHECK_RESNET50_CONFIG2_f16 (91 of 107)
30720      (30678 34 8 0) 432.0 (0.0001363754 0.0001106262) 0.001953 0.000000 1.9e-01 9.3e-04 (0.0010213852 0.0010223389) 1.1e-05 1.6e-06 0 1 0 0 1 0 1 fwd padding_kernel_all_fwd_CHECK_RESNET50_CONFIG4_f16 (92 of 107)
882        (876 6 0 0) 1.0 (0.5366210938 0.5371093750) 0.007812 0.000019 9.6e-04 9.6e-04 (-1.0195312500 -1.0185546875) 5.0e-06 4.6e-06 0 1 0 0 1 0 1 bwd_weight padding_kernel_all_wrw_CHECK_RESNET50_CONFIG2_f16 (93 of 107)
882        (880 1 1 0) 6.0 (0.0179901123 0.0180816650) 0.015625 0.000018 5.1e-03 5.1e-03 (0.0179901123 0.0180816650) 6.3e-06 6.7e-06 0 1 0 0 1 0 1 bwd_weight padding_kernel_all_wrw_CHECK_RESNET50_CONFIG4_f16 (94 of 107)
205520896  (205148325 339325 33246 0) 854.0 (0.0000348091 0.0000857115) 0.015625 0.000001 5.0e+01 5.5e-02 (0.0010147095 0.0010700226) 3.2e-06 2.3e-06 0 1 1 0 1 0 1 fwd padding_kernel_gemmK_CHECK_RESNET50_F16_CONFIG1 (95 of 107)
205520896  (205145813 341608 33475 0) 968.0 (0.0001040697 0.0001617670) 0.015625 0.000001 3.0e+01 4.6e-02 (0.0010004044 0.0010461807) 2.8e-06 2.3e-06 0 1 1 0 1 0 1 fwd padding_kernel_gemmK_CHECK_RESNET50_F16_CONFIG2 (96 of 107)
205520896  (205144706 342606 33584 0) 792.0 (-0.0000593066 -0.0000120997) 0.015625 0.000001 4.2e+01 5.1e-02 (-0.0011167526 -0.0010595322) 2.7e-06 2.2e-06 0 1 1 0 1 0 1 fwd padding_kernel_gemmK_CHECK_RESNET50_F16_CONFIG4 (97 of 107)
9408       (8874 471 63 0) 248.0 (0.0220947266 0.0258789062) 0.500000 0.003851 1.7e-01 1.7e-01 (0.0220947266 0.0258789062) 8.0e-05 1.9e-05 0 1 1 0 1 0 1 bwd_weight padding_kernel_gemmN_CHECK_RESNET50_CONFIG2 (98 of 107)
9408       (8955 398 55 0) 296.0 (-0.0499267578 -0.0408935547) 0.500000 0.003099 1.8e-01 1.8e-01 (-0.0499267578 -0.0408935547) 1.1e-04 1.9e-05 0 1 1 0 1 0 1 bwd_weight padding_kernel_gemmN_CHECK_RESNET50_CONFIG4 (99 of 107)
6422528    (6395545 24619 2364 0) 676.0 (-0.0000405908 -0.0000002980) 0.031250 0.000007 2.2e+00 4.6e-02 (-0.0010051727 -0.0009593964) 5.6e-06 3.7e-06 0 0 0 0 1 0 1 fwd Resnet50_validation_nchw_CHECK_NCHW_1_f16 (100 of 107)
25690112   (25653120 33909 3083 0) 907.0 (-0.0000076294 0.0000464320) 0.007812 0.000001 1.3e+01 2.9e-02 (-0.0018329620 -0.0018863678) 2.8e-06 2.0e-06 0 0 0 0 1 0 1 fwd Resnet50_validation_nchw_CHECK_NCHW_2_f16 (101 of 107)
147456     (145229 1987 240 0) 140.0 (-0.0012607574 -0.0013942719) 0.125000 0.000192 1.1e-01 1.1e-01 (-0.0012607574 -0.0013942719) 1.7e-05 1.8e-07 0 0 0 0 1 0 1 bwd_weight Resnet50_validation_nchw_CHECK_NCHW_3_f16 (102 of 107)
65536      (64532 900 104 0) 114.0 (-0.0037841797 -0.0040016174) 0.125000 0.000226 5.7e-02 5.7e-02 (-0.0037841797 -0.0040016174) 1.6e-05 8.2e-06 0 0 0 0 1 0 1 bwd_weight Resnet50_validation_nchw_CHECK_NCHW_4_f16 (103 of 107)
6422528    (6396055 24221 2252 0) 628.0 (-0.0000283718 0.0000090599) 0.031250 0.000007 4.2e+01 5.7e-02 (-0.0013275146 -0.0014038086) 1.2e-05 1.4e-06 0 0 0 0 1 0 1 fwd Resnet50_validation_nhwc_CHECK_NHWC_1_f16 (104 of 107)
25690112   (25653263 33774 3075 0) 844.0 (-0.0001411438 -0.0000908375) 0.007812 0.000001 9.0e+00 5.4e-02 (-0.0010528564 -0.0009956360) 2.2e-06 8.4e-07 0 0 0 0 1 0 1 fwd Resnet50_validation_nhwc_CHECK_NHWC_2_f16 (105 of 107)
147456     (145033 2228 195 0) 567.0 (-0.0002239943 -0.0001564026) 16.000000 0.000334 3.0e-01 6.2e-02 (0.0050048828 0.0053176880) 2.1e-05 2.5e-06 0 0 0 0 1 0 1 bwd_weight Resnet50_validation_nhwc_CHECK_NHWC_3_f16 (106 of 107)
65536      (64541 911 84 0) 164.0 (0.0032882690 0.0036010742) 0.250000 0.000205 9.5e-02 9.5e-02 (0.0032882690 0.0036010742) 1.8e-05 9.6e-06 0 0 0 0 1 0 1 bwd_weight Resnet50_validation_nhwc_CHECK_NHWC_4_f16 (107 of 107)
