25690112   (25684487 5625 0 0) 1.0 (9224.0000000000 9216.0000000000) 8.000000 0.001752 9.3e-04 9.3e-04 (8640.0000000000 8648.0000000000) 1.9e-07 1.1e-05 1 0 0 0 0 1 0 fwd conv2d_harness_cpu_verifier_kyxc_nhwc_nhwk_f16_E2E_f16 (1 of 107)
802816     (802771 45 0 0) 1.0 (624.5000000000 625.0000000000) 0.500000 0.000026 9.5e-04 9.5e-04 (524.0000000000 524.5000000000) 4.5e-08 4.7e-06 0 1 1 0 1 0 1 bwd_data conv2d_host_validation_f16_bwd_CHECK_BWD_DATA1 (2 of 107)
4096       (4096 0 0 0) 0.0 (0.0000000000 0.0000000000) 0.000000 0.000000 0.0e+00 0.0e+00 (0.0000000000 0.0000000000) 0.0e+00 0.0e+00 0 1 1 0 1 0 1 bwd_weight conv2d_host_validation_f16_bwd_CHECK_BWD_WEIGHT1 (3 of 107)
147456     (147456 0 0 0) 0.0 (0.0000000000 0.0000000000) 0.000000 0.000000 0.0e+00 0.0e+00 (0.0000000000 0.0000000000) 0.0e+00 0.0e+00 0 1 1 0 1 0 1 bwd_weight conv2d_host_validation_f16_bwd_CHECK_ISSUE_127_10 (4 of 107)
294912     (294912 0 0 0) 0.0 (0.0000000000 0.0000000000) 0.000000 0.000000 0.0e+00 0.0e+00 (0.0000000000 0.0000000000) 0.0e+00 0.0e+00 0 1 1 0 1 0 1 bwd_weight conv2d_host_validation_f16_bwd_CHECK_ISSUE_127_15 (5 of 107)
589824     (589824 0 0 0) 0.0 (0.0000000000 0.0000000000) 0.000000 0.000000 0.0e+00 0.0e+00 (0.0000000000 0.0000000000) 0.0e+00 0.0e+00 0 1 1 0 1 0 1 bwd_weight conv2d_host_validation_f16_bwd_CHECK_ISSUE_127_16 (6 of 107)
1179648    (1179529 119 0 0) 1.0 (48448.0000000000 48480.0000000000) 32.000000 0.003228 7.9e-04 7.9e-04 (40608.0000000000 40640.0000000000) 7.0e-08 5.6e-06 0 1 1 0 1 0 1 bwd_weight conv2d_host_validation_f16_bwd_CHECK_ISSUE_127_17 (7 of 107)
147456     (147456 0 0 0) 0.0 (0.0000000000 0.0000000000) 0.000000 0.000000 0.0e+00 0.0e+00 (0.0000000000 0.0000000000) 0.0e+00 0.0e+00 0 1 1 0 1 0 1 bwd_weight conv2d_host_validation_f16_bwd_CHECK_ISSUE_127_18 (8 of 107)
2097152    (2096861 291 0 0) 1.0 (27888.0000000000 27872.0000000000) 16.000000 0.002220 5.8e-04 5.8e-04 (27456.0000000000 27472.0000000000) 7.9e-08 6.4e-06 0 1 1 0 1 0 1 bwd_weight conv2d_host_validation_f16_bwd_CHECK_ISSUE_127_6 (9 of 107)
262144     (262144 0 0 0) 0.0 (0.0000000000 0.0000000000) 0.000000 0.000000 0.0e+00 0.0e+00 (0.0000000000 0.0000000000) 0.0e+00 0.0e+00 0 1 1 0 1 0 1 bwd_weight conv2d_host_validation_f16_bwd_CHECK_ISSUE_127_7 (10 of 107)
147456     (147456 0 0 0) 0.0 (0.0000000000 0.0000000000) 0.000000 0.000000 0.0e+00 0.0e+00 (0.0000000000 0.0000000000) 0.0e+00 0.0e+00 0 1 1 0 1 0 1 bwd_weight conv2d_host_validation_f16_bwd_CHECK_ISSUE_127_8 (11 of 107)
147456     (147456 0 0 0) 0.0 (0.0000000000 0.0000000000) 0.000000 0.000000 0.0e+00 0.0e+00 (0.0000000000 0.0000000000) 0.0e+00 0.0e+00 0 1 1 0 1 0 1 bwd_weight conv2d_host_validation_f16_bwd_CHECK_ISSUE_127_9 (12 of 107)
1024       (1024 0 0 0) 0.0 (0.0000000000 0.0000000000) 0.000000 0.000000 0.0e+00 0.0e+00 (0.0000000000 0.0000000000) 0.0e+00 0.0e+00 0 1 1 0 1 0 1 bwd_weight conv2d_host_validation_f16_bwd_CHECK_ISSUE_70_1 (13 of 107)
65536      (65536 0 0 0) 0.0 (0.0000000000 0.0000000000) 0.000000 0.000000 0.0e+00 0.0e+00 (0.0000000000 0.0000000000) 0.0e+00 0.0e+00 0 1 1 0 1 0 1 bwd_weight conv2d_host_validation_f16_bwd_CHECK_ISSUE_70_2 (14 of 107)
4096       (4096 0 0 0) 0.0 (0.0000000000 0.0000000000) 0.000000 0.000000 0.0e+00 0.0e+00 (0.0000000000 0.0000000000) 0.0e+00 0.0e+00 0 1 1 0 1 0 1 bwd_weight conv2d_host_validation_f16_bwd_CHECK_ISSUE_70_3 (15 of 107)
1024       (1024 0 0 0) 0.0 (0.0000000000 0.0000000000) 0.000000 0.000000 0.0e+00 0.0e+00 (0.0000000000 0.0000000000) 0.0e+00 0.0e+00 0 1 1 0 1 0 1 bwd_weight conv2d_host_validation_f16_bwd_CHECK_ISSUE_71_1 (16 of 107)
1024       (1024 0 0 0) 0.0 (0.0000000000 0.0000000000) 0.000000 0.000000 0.0e+00 0.0e+00 (0.0000000000 0.0000000000) 0.0e+00 0.0e+00 0 1 1 0 1 0 1 bwd_weight conv2d_host_validation_f16_bwd_CHECK_ISSUE_71_2 (17 of 107)
1024       (1024 0 0 0) 0.0 (0.0000000000 0.0000000000) 0.000000 0.000000 0.0e+00 0.0e+00 (0.0000000000 0.0000000000) 0.0e+00 0.0e+00 0 1 1 0 1 0 1 bwd_weight conv2d_host_validation_f16_bwd_CHECK_ISSUE_71_3 (18 of 107)
1024       (1024 0 0 0) 0.0 (0.0000000000 0.0000000000) 0.000000 0.000000 0.0e+00 0.0e+00 (0.0000000000 0.0000000000) 0.0e+00 0.0e+00 0 1 1 0 1 0 1 bwd_weight conv2d_host_validation_f16_bwd_CHECK_ISSUE_71_4 (19 of 107)
12845056   (12843223 1833 0 0) 1.0 (2646.0000000000 2648.0000000000) 2.000000 0.000245 9.3e-04 9.3e-04 (1072.0000000000 1073.0000000000) 1.0e-07 7.0e-06 0 0 0 0 0 1 0 fwd conv2d_host_validation_f16_CHECK_RESNET101_NCHW_CONFIG1_FWD_f16 (20 of 107)
12845056   (12843138 1918 0 0) 1.0 (1727.0000000000 1728.0000000000) 2.000000 0.000220 9.7e-04 9.7e-04 (1036.0000000000 1037.0000000000) 1.0e-07 6.3e-06 0 0 0 0 0 1 0 fwd conv2d_host_validation_f16_CHECK_RESNET101_NCHW_CONFIG2_FWD_f16 (21 of 107)
25690112   (25687393 2719 0 0) 1.0 (2376.0000000000 2378.0000000000) 2.000000 0.000212 9.6e-04 9.6e-04 (2076.0000000000 2074.0000000000) 9.2e-08 7.7e-06 0 0 0 0 0 1 0 bwd_data conv2d_host_validation_f16_CHECK_RESNET101_NCHW_CONFIG8_BWD_f16 (22 of 107)
102760448  (102754787 5655 6 0) 2.0 (512.0000000000 512.5000000000) 0.500000 0.000026 9.8e-04 9.8e-04 (512.0000000000 512.5000000000) 4.6e-08 4.4e-06 0 0 0 0 0 1 0 fwd conv2d_host_validation_f16_CHECK_RESNET101_NCHW_CONFIG8_FWD_f16 (23 of 107)
16384      (16384 0 0 0) 0.0 (0.0000000000 0.0000000000) 0.000000 0.000000 0.0e+00 0.0e+00 (0.0000000000 0.0000000000) 0.0e+00 0.0e+00 0 0 0 0 0 1 0 bwd_weight conv2d_host_validation_f16_CHECK_RESNET101_NCHW_CONFIG8_WRW_f16 (24 of 107)
12845056   (12843339 1717 0 0) 1.0 (1684.0000000000 1685.0000000000) 2.000000 0.000233 9.5e-04 9.5e-04 (1056.0000000000 1057.0000000000) 9.7e-08 6.8e-06 0 0 0 0 0 1 0 fwd conv2d_host_validation_f16_CHECK_RESNET101_NHWC_CONFIG1_FWD_f16 (25 of 107)
12845056   (12843383 1673 0 0) 1.0 (1656.0000000000 1655.0000000000) 2.000000 0.000198 9.6e-04 9.6e-04 (1037.0000000000 1036.0000000000) 9.0e-08 6.0e-06 0 0 0 0 0 1 0 fwd conv2d_host_validation_f16_CHECK_RESNET101_NHWC_CONFIG2_FWD_f16 (26 of 107)
25690112   (25687258 2854 0 0) 1.0 (2300.0000000000 2298.0000000000) 2.000000 0.000222 9.7e-04 9.7e-04 (2070.0000000000 2068.0000000000) 9.7e-08 7.8e-06 0 0 0 0 0 1 0 bwd_data conv2d_host_validation_f16_CHECK_RESNET101_NHWC_CONFIG8_BWD_f16 (27 of 107)
102760448  (102754821 5615 12 0) 2.0 (512.0000000000 512.5000000000) 0.500000 0.000026 9.8e-04 9.8e-04 (512.0000000000 512.5000000000) 4.5e-08 4.2e-06 0 0 0 0 0 1 0 fwd conv2d_host_validation_f16_CHECK_RESNET101_NHWC_CONFIG8_FWD_f16 (28 of 107)
16384      (16384 0 0 0) 0.0 (0.0000000000 0.0000000000) 0.000000 0.000000 0.0e+00 0.0e+00 (0.0000000000 0.0000000000) 0.0e+00 0.0e+00 0 0 0 0 0 1 0 bwd_weight conv2d_host_validation_f16_CHECK_RESNET101_NHWC_CONFIG8_WRW_f16 (29 of 107)
4194304    (4194303 1 0 0) 1.0 (30.6562500000 30.6406250000) 0.015625 0.000000 5.1e-04 5.1e-04 (30.6562500000 30.6406250000) 1.2e-10 8.6e-08 0 1 1 0 1 0 1 fwd conv2d_host_validation_f16_fwd_CHECK_FILTER1_f16 (30 of 107)
4194304    (4194304 0 0 0) 0.0 (0.0000000000 0.0000000000) 0.000000 0.000000 0.0e+00 0.0e+00 (0.0000000000 0.0000000000) 0.0e+00 0.0e+00 0 1 1 0 1 0 1 fwd conv2d_host_validation_f16_fwd_CHECK_FILTER2_f16 (31 of 107)
16777216   (16777062 154 0 0) 1.0 (86.5625000000 86.6250000000) 0.062500 0.000000 9.7e-04 9.7e-04 (64.3125000000 64.3750000000) 6.5e-09 1.1e-06 0 1 1 0 1 0 1 fwd conv2d_host_validation_f16_fwd_CHECK_ISSUE_114_1_f16 (32 of 107)
16777216   (16777062 154 0 0) 1.0 (86.5625000000 86.6250000000) 0.062500 0.000000 9.7e-04 9.7e-04 (64.3125000000 64.3750000000) 6.5e-09 1.1e-06 0 1 1 0 1 0 1 fwd conv2d_host_validation_f16_fwd_CHECK_ISSUE_114_2_f16 (33 of 107)
4194304    (4194261 43 0 0) 1.0 (66.4375000000 66.5000000000) 0.062500 0.000001 9.7e-04 9.7e-04 (64.4375000000 64.5000000000) 7.2e-09 1.2e-06 0 1 1 0 1 0 1 fwd conv2d_host_validation_f16_fwd_CHECK_ISSUE_114_3_f16 (34 of 107)
4194304    (4194261 43 0 0) 1.0 (66.4375000000 66.5000000000) 0.062500 0.000001 9.7e-04 9.7e-04 (64.4375000000 64.5000000000) 7.2e-09 1.2e-06 0 1 1 0 1 0 1 fwd conv2d_host_validation_f16_fwd_CHECK_ISSUE_114_4_f16 (35 of 107)
16777216   (16777072 144 0 0) 1.0 (56.5937500000 56.6250000000) 0.062500 0.000000 9.7e-04 9.7e-04 (64.4375000000 64.5000000000) 6.3e-09 1.1e-06 0 1 1 0 1 0 1 fwd conv2d_host_validation_f16_fwd_CHECK_ISSUE_114_5_f16 (36 of 107)
16777216   (16777072 144 0 0) 1.0 (56.5937500000 56.6250000000) 0.062500 0.000000 9.7e-04 9.7e-04 (64.4375000000 64.5000000000) 6.3e-09 1.1e-06 0 1 1 0 1 0 1 fwd conv2d_host_validation_f16_fwd_CHECK_ISSUE_114_6_f16 (37 of 107)
4194304    (4194276 28 0 0) 1.0 (59.5625000000 59.5937500000) 0.062500 0.000000 9.6e-04 9.6e-04 (65.0625000000 65.0000000000) 4.9e-09 9.9e-07 0 1 1 0 1 0 1 fwd conv2d_host_validation_f16_fwd_CHECK_ISSUE_114_7_f16 (38 of 107)
4194304    (4194276 28 0 0) 1.0 (59.5625000000 59.5937500000) 0.062500 0.000000 9.6e-04 9.6e-04 (65.0625000000 65.0000000000) 4.9e-09 9.9e-07 0 1 1 0 1 0 1 fwd conv2d_host_validation_f16_fwd_CHECK_ISSUE_114_8_f16 (39 of 107)
12845056   (12840184 4872 0 0) 1.0 (14024.0000000000 14032.0000000000) 16.000000 0.005655 8.9e-04 8.9e-04 (8960.0000000000 8952.0000000000) 2.8e-07 1.3e-05 0 1 1 0 1 0 1 fwd conv2d_host_validation_f16_fwd_CHECK_ISSUE_127_11_f16 (40 of 107)
12845056   (12840260 4796 0 0) 1.0 (13824.0000000000 13832.0000000000) 16.000000 0.005194 9.1e-04 9.1e-04 (8816.0000000000 8824.0000000000) 2.7e-07 1.2e-05 0 1 1 0 1 0 1 fwd conv2d_host_validation_f16_fwd_CHECK_ISSUE_127_12_f16 (41 of 107)
12845056   (12840300 4756 0 0) 1.0 (20448.0000000000 20464.0000000000) 16.000000 0.004523 9.3e-04 9.3e-04 (8640.0000000000 8648.0000000000) 2.6e-07 1.1e-05 0 1 1 0 1 0 1 fwd conv2d_host_validation_f16_fwd_CHECK_ISSUE_127_13_f16 (42 of 107)
12845056   (12840166 4890 0 0) 1.0 (13488.0000000000 13496.0000000000) 16.000000 0.005877 8.0e-04 8.0e-04 (19888.0000000000 19872.0000000000) 2.9e-07 1.4e-05 0 1 1 0 1 0 1 fwd conv2d_host_validation_f16_fwd_CHECK_ISSUE_127_14_f16 (43 of 107)
12845056   (12839994 5062 0 0) 1.0 (20656.0000000000 20640.0000000000) 16.000000 0.006305 8.1e-04 8.1e-04 (19856.0000000000 19840.0000000000) 3.0e-07 1.4e-05 0 1 1 0 1 0 1 fwd conv2d_host_validation_f16_fwd_CHECK_ISSUE_127_1_f16 (44 of 107)
6422528    (6418997 3531 0 0) 1.0 (41888.0000000000 41856.0000000000) 32.000000 0.017593 7.9e-04 7.9e-04 (40288.0000000000 40256.0000000000) 4.2e-07 1.7e-05 0 1 1 0 1 0 1 fwd conv2d_host_validation_f16_fwd_CHECK_ISSUE_127_2_f16 (45 of 107)
25690112   (25683092 7020 0 0) 1.0 (10600.0000000000 10608.0000000000) 8.000000 0.002186 8.2e-04 8.2e-04 (9792.0000000000 9800.0000000000) 2.1e-07 1.2e-05 0 1 1 0 1 0 1 fwd conv2d_host_validation_f16_fwd_CHECK_ISSUE_127_3_f16 (46 of 107)
12845056   (12840221 4835 0 0) 1.0 (20688.0000000000 20672.0000000000) 16.000000 0.006023 8.0e-04 8.0e-04 (19904.0000000000 19888.0000000000) 2.9e-07 1.4e-05 0 1 1 0 1 0 1 fwd conv2d_host_validation_f16_fwd_CHECK_ISSUE_127_4_f16 (47 of 107)
12845056   (12839861 5195 0 0) 1.0 (20560.0000000000 20576.0000000000) 16.000000 0.005489 9.1e-04 9.1e-04 (8776.0000000000 8784.0000000000) 2.9e-07 1.3e-05 0 1 1 0 1 0 1 fwd conv2d_host_validation_f16_fwd_CHECK_ISSUE_127_5_f16 (48 of 107)
7372800    (7372297 503 0 0) 1.0 (677.0000000000 677.5000000000) 0.500000 0.000034 9.1e-04 9.1e-04 (549.0000000000 549.5000000000) 5.2e-08 4.7e-06 0 1 1 0 1 0 1 fwd conv2d_host_validation_f16_fwd_CHECK_ISSUE_40_1_f16 (49 of 107)
3440640    (3440276 364 0 0) 1.0 (1283.0000000000 1284.0000000000) 1.000000 0.000106 8.6e-04 8.6e-04 (1162.0000000000 1163.0000000000) 8.2e-08 6.3e-06 0 1 1 0 1 0 1 fwd conv2d_host_validation_f16_fwd_CHECK_ISSUE_40_2_f16 (50 of 107)
6422528    (6421211 1317 0 0) 1.0 (3458.0000000000 3456.0000000000) 2.000000 0.000410 6.1e-04 6.1e-04 (3300.0000000000 3298.0000000000) 1.1e-07 7.0e-06 0 1 1 0 1 0 1 fwd conv2d_host_validation_f16_fwd_CHECK_ISSUE_40_3_f16 (51 of 107)
14745600   (14743596 2004 0 0) 1.0 (1453.0000000000 1454.0000000000) 1.000000 0.000136 9.2e-04 9.2e-04 (1085.0000000000 1084.0000000000) 7.8e-08 5.4e-06 0 1 1 0 1 0 1 fwd conv2d_host_validation_f16_fwd_CHECK_ISSUE_40_4_f16 (52 of 107)
6881280    (6880747 532 1 0) 2.0 (1025.0000000000 1024.0000000000) 1.000000 0.000067 9.8e-04 9.8e-04 (1025.0000000000 1024.0000000000) 6.2e-08 5.9e-06 0 1 0 0 0 0 1 fwd conv2d_host_validation_f16_fwd_CHECK_ISSUE_40_5_f16 (53 of 107)
1048576    (1048423 153 0 0) 1.0 (1819.0000000000 1818.0000000000) 1.000000 0.000146 6.3e-04 6.3e-04 (1595.0000000000 1596.0000000000) 8.1e-08 5.7e-06 0 1 1 0 1 0 1 fwd conv2d_host_validation_f16_fwd_CHECK_ISSUE_41_10_f16 (54 of 107)
12845056   (12844263 793 0 0) 1.0 (695.5000000000 696.0000000000) 0.500000 0.000031 9.4e-04 9.4e-04 (530.0000000000 530.5000000000) 4.8e-08 4.4e-06 0 1 1 0 1 0 1 fwd conv2d_host_validation_f16_fwd_CHECK_ISSUE_41_11_f16 (55 of 107)
9437184    (9435871 1313 0 0) 1.0 (1712.0000000000 1713.0000000000) 1.000000 0.000139 6.3e-04 6.3e-04 (1587.0000000000 1586.0000000000) 7.8e-08 5.5e-06 0 1 1 0 1 0 1 fwd conv2d_host_validation_f16_fwd_CHECK_ISSUE_41_12_f16 (56 of 107)
921600     (921527 73 0 0) 1.0 (677.0000000000 677.5000000000) 0.500000 0.000040 8.8e-04 8.8e-04 (565.5000000000 565.0000000000) 6.1e-08 5.3e-06 0 1 1 0 1 0 1 fwd conv2d_host_validation_f16_fwd_CHECK_ISSUE_41_2_f16 (57 of 107)
1605632    (1605506 126 0 0) 1.0 (659.0000000000 658.5000000000) 0.500000 0.000039 9.1e-04 9.1e-04 (550.5000000000 551.0000000000) 6.0e-08 5.2e-06 0 1 1 0 1 0 1 fwd conv2d_host_validation_f16_fwd_CHECK_ISSUE_41_3_f16 (58 of 107)
200704     (200683 21 0 0) 1.0 (659.0000000000 658.5000000000) 0.500000 0.000052 9.1e-04 9.1e-04 (550.5000000000 551.0000000000) 8.2e-08 6.1e-06 0 1 1 0 1 0 1 fwd conv2d_host_validation_f16_fwd_CHECK_ISSUE_41_4_f16 (59 of 107)
1605632    (1605465 167 0 0) 1.0 (1283.0000000000 1284.0000000000) 1.000000 0.000104 8.6e-04 8.6e-04 (1162.0000000000 1163.0000000000) 8.1e-08 6.4e-06 0 1 1 0 1 0 1 fwd conv2d_host_validation_f16_fwd_CHECK_ISSUE_41_5_f16 (60 of 107)
802816     (802745 71 0 0) 1.0 (659.0000000000 658.5000000000) 0.500000 0.000044 9.1e-04 9.1e-04 (550.5000000000 551.0000000000) 6.8e-08 5.5e-06 0 1 1 0 1 0 1 fwd conv2d_host_validation_f16_fwd_CHECK_ISSUE_41_6_f16 (61 of 107)
4194304    (4194013 291 0 0) 1.0 (623.5000000000 623.0000000000) 0.500000 0.000030 9.5e-04 9.5e-04 (526.5000000000 526.0000000000) 5.0e-08 4.4e-06 0 1 1 0 1 0 1 fwd conv2d_host_validation_f16_fwd_CHECK_ISSUE_41_7_f16 (62 of 107)
3211264    (3210880 384 0 0) 1.0 (1701.0000000000 1700.0000000000) 1.000000 0.000120 9.5e-04 9.5e-04 (1052.0000000000 1053.0000000000) 7.0e-08 5.1e-06 0 1 1 0 1 0 1 fwd conv2d_host_validation_f16_fwd_CHECK_ISSUE_41_8_f16 (63 of 107)
2359296    (2359129 167 0 0) 1.0 (599.0000000000 598.5000000000) 0.500000 0.000035 9.1e-04 9.1e-04 (546.5000000000 546.0000000000) 5.4e-08 5.0e-06 0 1 1 0 1 0 1 fwd conv2d_host_validation_f16_fwd_CHECK_ISSUE_41_9_f16 (64 of 107)
25690112   (25684373 5739 0 0) 1.0 (9088.0000000000 9096.0000000000) 8.000000 0.001787 9.3e-04 9.3e-04 (8648.0000000000 8656.0000000000) 1.9e-07 1.2e-05 0 1 1 0 1 0 1 fwd conv2d_host_validation_f16_fwd_CHECK_KCYX_NCHW_NKHW1_f16 (65 of 107)
3686400    (3686225 175 0 0) 1.0 (330.7500000000 330.5000000000) 0.250000 0.000012 9.3e-04 9.3e-04 (268.2500000000 268.5000000000) 3.6e-08 3.4e-06 0 1 1 0 1 0 1 fwd conv2d_host_validation_f16_fwd_CHECK_KCYX_NCHW_NKHW2_f16 (66 of 107)
409600     (409583 17 0 0) 1.0 (351.5000000000 351.2500000000) 0.250000 0.000010 8.5e-04 8.5e-04 (294.0000000000 294.2500000000) 3.2e-08 3.3e-06 0 1 1 0 1 0 1 fwd conv2d_host_validation_f16_fwd_CHECK_KCYX_NCHW_NKHW3_f16 (67 of 107)
147456     (147444 12 0 0) 1.0 (352.7500000000 353.0000000000) 0.250000 0.000020 8.6e-04 8.6e-04 (292.2500000000 292.0000000000) 6.4e-08 4.7e-06 0 1 1 0 1 0 1 fwd conv2d_host_validation_f16_fwd_CHECK_KCYX_NCHW_NKHW4_f16 (68 of 107)
102400     (102393 7 0 0) 1.0 (351.5000000000 351.2500000000) 0.250000 0.000017 8.4e-04 8.4e-04 (298.2500000000 298.0000000000) 5.4e-08 4.4e-06 0 1 1 0 1 0 1 fwd conv2d_host_validation_f16_fwd_CHECK_KCYX_NCHW_NKHW5_f16 (69 of 107)
15745024   (15744380 643 1 0) 2.0 (256.0000000000 256.2500000000) 0.250000 0.000009 9.8e-04 9.8e-04 (256.0000000000 256.2500000000) 3.2e-08 3.2e-06 0 1 1 0 1 0 1 fwd conv2d_host_validation_f16_fwd_CHECK_KCYX_NCHW_NKHW6_f16 (70 of 107)
13778944   (13777924 1020 0 0) 1.0 (1166.0000000000 1165.0000000000) 1.000000 0.000073 9.8e-04 9.8e-04 (1025.0000000000 1026.0000000000) 6.4e-08 5.9e-06 0 1 1 0 1 0 1 fwd conv2d_host_validation_f16_fwd_CHECK_KCYX_NCHW_NKHW7_f16 (71 of 107)
25690112   (25684487 5625 0 0) 1.0 (9224.0000000000 9216.0000000000) 8.000000 0.001752 9.3e-04 9.3e-04 (8640.0000000000 8648.0000000000) 1.9e-07 1.1e-05 0 1 1 0 1 0 1 fwd conv2d_host_validation_f16_fwd_CHECK_KYXC_NHWC_NHWK1_f16 (72 of 107)
3686400    (3686237 163 0 0) 1.0 (302.0000000000 302.2500000000) 0.250000 0.000011 9.5e-04 9.5e-04 (262.0000000000 262.2500000000) 3.4e-08 3.3e-06 0 1 1 0 1 0 1 fwd conv2d_host_validation_f16_fwd_CHECK_KYXC_NHWC_NHWK2_f16 (73 of 107)
409600     (409582 18 0 0) 1.0 (297.5000000000 297.2500000000) 0.250000 0.000011 9.3e-04 9.3e-04 (269.2500000000 269.0000000000) 3.2e-08 3.3e-06 0 1 1 0 1 0 1 fwd conv2d_host_validation_f16_fwd_CHECK_KYXC_NHWC_NHWK3_f16 (74 of 107)
147456     (147452 4 0 0) 1.0 (320.7500000000 320.5000000000) 0.250000 0.000007 8.9e-04 8.9e-04 (280.5000000000 280.7500000000) 2.2e-08 2.7e-06 0 1 1 0 1 0 1 fwd conv2d_host_validation_f16_fwd_CHECK_KYXC_NHWC_NHWK4_f16 (75 of 107)
102400     (102397 3 0 0) 1.0 (339.0000000000 339.2500000000) 0.250000 0.000007 7.4e-04 7.4e-04 (339.0000000000 339.2500000000) 2.0e-08 2.8e-06 0 1 1 0 1 0 1 fwd conv2d_host_validation_f16_fwd_CHECK_KYXC_NHWC_NHWK5_f16 (76 of 107)
15745024   (15744445 579 0 0) 1.0 (295.2500000000 295.0000000000) 0.250000 0.000008 9.8e-04 9.8e-04 (256.2500000000 256.5000000000) 2.9e-08 3.1e-06 0 1 1 0 1 0 1 fwd conv2d_host_validation_f16_fwd_CHECK_KYXC_NHWC_NHWK6_f16 (77 of 107)
13778944   (13777895 1049 0 0) 1.0 (1061.0000000000 1062.0000000000) 1.000000 0.000076 9.8e-04 9.8e-04 (1025.0000000000 1026.0000000000) 6.6e-08 6.0e-06 0 1 1 0 1 0 1 fwd conv2d_host_validation_f16_fwd_CHECK_KYXC_NHWC_NHWK7_f16 (78 of 107)
802816     (802776 40 0 0) 1.0 (352.7500000000 353.0000000000) 0.250000 0.000011 9.1e-04 9.1e-04 (274.7500000000 275.0000000000) 3.6e-08 3.3e-06 0 1 1 0 1 0 1 fwd conv2d_host_validation_f16_fwd_CHECK_PADDING1_f16 (79 of 107)
802816     (802790 26 0 0) 1.0 (320.7500000000 320.5000000000) 0.250000 0.000007 8.9e-04 8.9e-04 (280.5000000000 280.7500000000) 2.4e-08 2.6e-06 0 1 1 0 1 0 1 fwd conv2d_host_validation_f16_fwd_CHECK_PADDING2_f16 (80 of 107)
2048       (2047 1 0 0) 1.0 (227.6250000000 227.5000000000) 0.125000 0.000061 5.5e-04 5.5e-04 (227.6250000000 227.5000000000) 2.7e-07 6.2e-06 0 1 1 0 1 0 1 fwd conv2d_host_validation_f16_fwd_CHECK_PADDING3_f16 (81 of 107)
205520896  (205509727 11157 12 0) 2.0 (512.5000000000 512.0000000000) 0.500000 0.000026 9.8e-04 9.8e-04 (512.0000000000 512.5000000000) 4.5e-08 4.4e-06 0 1 0 0 1 0 1 fwd conv2d_host_validation_f32_fwd_GROUP_NCHW_f16 (82 of 107)
51380224   (51377373 2847 4 0) 2.0 (512.5000000000 512.0000000000) 0.500000 0.000027 9.8e-04 9.8e-04 (512.0000000000 512.5000000000) 4.6e-08 4.5e-06 1 0 0 0 0 1 0 fwd conv2d_host_validation_random_CHECK_KCYX_NCHW_NKHW_5_f16 (83 of 107)
51380224   (51377373 2847 4 0) 2.0 (512.5000000000 512.0000000000) 0.500000 0.000027 9.8e-04 9.8e-04 (512.0000000000 512.5000000000) 4.6e-08 4.5e-06 1 0 0 0 0 1 0 fwd conv2d_host_validation_random_CHECK_KCYX_NCHW_NKHW_6_f16 (84 of 107)
47775744   (47766767 8977 0 0) 1.0 (5020.0000000000 5024.0000000000) 4.000000 0.000752 8.5e-04 8.5e-04 (4692.0000000000 4696.0000000000) 1.5e-07 9.3e-06 1 0 0 0 0 1 0 fwd conv2d_host_validation_random_CHECK_KCYX_NCHW_NKHW_7_f16 (85 of 107)
51380224   (51370420 9804 0 0) 1.0 (5020.0000000000 5024.0000000000) 4.000000 0.000731 9.1e-04 9.1e-04 (2204.0000000000 2206.0000000000) 1.4e-07 9.1e-06 1 0 0 0 0 1 0 fwd conv2d_host_validation_random_CHECK_KCYX_NCHW_NKHW_8_f16 (86 of 107)
16777216   (16777062 154 0 0) 1.0 (86.5625000000 86.6250000000) 0.062500 0.000000 9.7e-04 9.7e-04 (64.3125000000 64.3750000000) 6.5e-09 1.1e-06 1 0 0 0 0 1 0 fwd conv2d_host_validation_random_CHECK_KYXC_NHWC_NHWK_4_f16 (87 of 107)
16777216   (16777062 154 0 0) 1.0 (86.5625000000 86.6250000000) 0.062500 0.000000 9.7e-04 9.7e-04 (64.3125000000 64.3750000000) 6.5e-09 1.1e-06 1 0 0 0 0 1 0 fwd conv2d_host_validation_random_CHECK_KYXC_NHWC_NHWK_5_f16 (88 of 107)
25690112   (25684373 5739 0 0) 1.0 (9088.0000000000 9096.0000000000) 8.000000 0.001787 9.3e-04 9.3e-04 (8648.0000000000 8656.0000000000) 1.9e-07 1.2e-05 1 0 1 0 0 1 0 fwd conv2d_host_validation_random_CHECK_RAND_FLOAT_2_f16 (89 of 107)
205520896  (205509637 11236 23 0) 2.0 (512.0000000000 512.5000000000) 0.500000 0.000026 9.8e-04 9.8e-04 (512.0000000000 512.5000000000) 4.5e-08 4.2e-06 1 0 0 0 0 1 0 fwd conv2d_host_validation_random_GROUP_NHWC_f16 (90 of 107)
30720      (30717 3 0 0) 1.0 (1314.0000000000 1313.0000000000) 1.000000 0.000098 7.6e-04 7.6e-04 (1309.0000000000 1310.0000000000) 7.3e-08 6.3e-06 0 1 0 0 1 0 1 fwd padding_kernel_all_fwd_CHECK_RESNET50_CONFIG2_f16 (91 of 107)
30720      (30717 3 0 0) 1.0 (847.0000000000 847.5000000000) 1.000000 0.000081 8.4e-04 8.4e-04 (1193.0000000000 1192.0000000000) 7.2e-08 5.6e-06 0 1 0 0 1 0 1 fwd padding_kernel_all_fwd_CHECK_RESNET50_CONFIG4_f16 (92 of 107)
882        (882 0 0 0) 0.0 (0.0000000000 0.0000000000) 0.000000 0.000000 0.0e+00 0.0e+00 (0.0000000000 0.0000000000) 0.0e+00 0.0e+00 0 1 0 0 1 0 1 bwd_weight padding_kernel_all_wrw_CHECK_RESNET50_CONFIG2_f16 (93 of 107)
882        (881 1 0 0) 1.0 (40288.0000000000 40320.0000000000) 32.000000 0.036281 7.9e-04 7.9e-04 (40288.0000000000 40320.0000000000) 9.0e-07 2.3e-05 0 1 0 0 1 0 1 bwd_weight padding_kernel_all_wrw_CHECK_RESNET50_CONFIG4_f16 (94 of 107)
205520896  (205500612 20282 2 0) 2.0 (1025.0000000000 1024.0000000000) 1.000000 0.000097 9.8e-04 9.8e-04 (1025.0000000000 1024.0000000000) 7.4e-08 6.0e-06 0 1 1 0 1 0 1 fwd padding_kernel_gemmK_CHECK_RESNET50_F16_CONFIG1 (95 of 107)
205520896  (205500492 20404 0 0) 1.0 (1308.0000000000 1309.0000000000) 1.000000 0.000099 9.2e-04 9.2e-04 (1084.0000000000 1085.0000000000) 7.5e-08 6.0e-06 0 1 1 0 1 0 1 fwd padding_kernel_gemmK_CHECK_RESNET50_F16_CONFIG2 (96 of 107)
205520896  (205500846 20050 0 0) 1.0 (1376.0000000000 1377.0000000000) 1.000000 0.000098 9.2e-04 9.2e-04 (1087.0000000000 1088.0000000000) 7.4e-08 6.0e-06 0 1 1 0 1 0 1 fwd padding_kernel_gemmK_CHECK_RESNET50_F16_CONFIG4 (97 of 107)
9408       (9408 0 0 0) 0.0 (0.0000000000 0.0000000000) 0.000000 0.000000 0.0e+00 0.0e+00 (0.0000000000 0.0000000000) 0.0e+00 0.0e+00 0 1 1 0 1 0 1 bwd_weight padding_kernel_gemmN_CHECK_RESNET50_CONFIG2 (98 of 107)
9408       (9408 0 0 0) 0.0 (0.0000000000 0.0000000000) 0.000000 0.000000 0.0e+00 0.0e+00 (0.0000000000 0.0000000000) 0.0e+00 0.0e+00 0 1 1 0 1 0 1 bwd_weight padding_kernel_gemmN_CHECK_RESNET50_CONFIG4 (99 of 107)
6422528    (6420730 1798 0 0) 1.0 (10472.0000000000 10464.0000000000) 8.000000 0.002037 9.1e-04 9.1e-04 (4412.0000000000 4416.0000000000) 2.1e-07 1.1e-05 0 0 0 0 1 0 1 fwd Resnet50_validation_nchw_CHECK_NCHW_1_f16 (100 of 107)
25690112   (25688194 1917 1 0) 2.0 (1024.0000000000 1025.0000000000) 1.000000 0.000074 9.8e-04 9.8e-04 (1024.0000000000 1025.0000000000) 6.4e-08 5.9e-06 0 0 0 0 1 0 1 fwd Resnet50_validation_nchw_CHECK_NCHW_2_f16 (101 of 107)
147456     (147456 0 0 0) 0.0 (0.0000000000 0.0000000000) 0.000000 0.000000 0.0e+00 0.0e+00 (0.0000000000 0.0000000000) 0.0e+00 0.0e+00 0 0 0 0 1 0 1 bwd_weight Resnet50_validation_nchw_CHECK_NCHW_3_f16 (102 of 107)
65536      (65536 0 0 0) 0.0 (0.0000000000 0.0000000000) 0.000000 0.000000 0.0e+00 0.0e+00 (0.0000000000 0.0000000000) 0.0e+00 0.0e+00 0 0 0 0 1 0 1 bwd_weight Resnet50_validation_nchw_CHECK_NCHW_4_f16 (103 of 107)
6422528    (6420854 1674 0 0) 1.0 (6836.0000000000 6840.0000000000) 8.000000 0.001941 8.8e-04 8.8e-04 (4560.0000000000 4564.0000000000) 1.9e-07 1.1e-05 0 0 0 0 1 0 1 fwd Resnet50_validation_nhwc_CHECK_NHWC_1_f16 (104 of 107)
25690112   (25688131 1980 1 0) 2.0 (1025.0000000000 1024.0000000000) 1.000000 0.000076 9.8e-04 9.8e-04 (1025.0000000000 1024.0000000000) 6.6e-08 5.7e-06 0 0 0 0 1 0 1 fwd Resnet50_validation_nhwc_CHECK_NHWC_2_f16 (105 of 107)
147456     (147456 0 0 0) 0.0 (0.0000000000 0.0000000000) 0.000000 0.000000 0.0e+00 0.0e+00 (0.0000000000 0.0000000000) 0.0e+00 0.0e+00 0 0 0 0 1 0 1 bwd_weight Resnet50_validation_nhwc_CHECK_NHWC_3_f16 (106 of 107)
65536      (65536 0 0 0) 0.0 (0.0000000000 0.0000000000) 0.000000 0.000000 0.0e+00 0.0e+00 (0.0000000000 0.0000000000) 0.0e+00 0.0e+00 0 0 0 0 1 0 1 bwd_weight Resnet50_validation_nhwc_CHECK_NHWC_4_f16 (107 of 107)
