25690112   (25621205 62923 5984 0) 896.0 (-0.0000211000 -0.0000745058) 0.031250 0.000004 1.2e+01 7.7e-02 (0.0010471344 0.0011281967) 4.2e-06 4.3e-07 1 0 0 0 0 1 0 fwd conv2d_harness_cpu_verifier_kyxc_nhwc_nhwk_f16_E2E_f16 (1 of 107)
802816     (801811 914 91 0) 128.0 (0.0004749298 0.0004444122) 0.003906 0.000001 6.4e-02 1.2e-02 (-0.0025329590 -0.0025634766) 1.2e-06 2.3e-06 0 1 1 0 1 0 1 bwd_data conv2d_host_validation_f16_bwd_CHECK_BWD_DATA1 (2 of 107)
4096       (4064 26 6 0) 3.0 (0.0105361938 0.0105133057) 0.031250 0.000020 2.2e-03 2.2e-03 (0.0105361938 0.0105133057) 6.4e-06 6.5e-07 0 1 1 0 1 0 1 bwd_weight conv2d_host_validation_f16_bwd_CHECK_BWD_WEIGHT1 (3 of 107)
147456     (146672 721 63 0) 51.0 (-0.0002228022 -0.0002288818) 0.125000 0.000044 2.9e-02 2.9e-02 (0.0016479492 0.0016956329) 5.0e-06 3.9e-06 0 1 1 0 1 0 1 bwd_weight conv2d_host_validation_f16_bwd_CHECK_ISSUE_127_10 (4 of 107)
294912     (293531 1274 107 0) 100.0 (-0.0008058548 -0.0008535385) 0.062500 0.000027 5.9e-02 4.6e-02 (0.0012722015 0.0012130737) 4.6e-06 3.8e-06 0 1 1 0 1 0 1 bwd_weight conv2d_host_validation_f16_bwd_CHECK_ISSUE_127_15 (5 of 107)
589824     (587113 2451 260 0) 383.0 (-0.0001393557 -0.0001850128) 0.062500 0.000018 3.3e-01 3.9e-02 (0.0012865067 0.0012369156) 6.0e-06 1.4e-07 0 1 1 0 1 0 1 bwd_weight conv2d_host_validation_f16_bwd_CHECK_ISSUE_127_16 (6 of 107)
1179648    (1174792 4420 436 0) 794.0 (0.0001355410 0.0000882149) 0.062500 0.000011 3.5e-01 4.2e-02 (0.0011386871 0.0011863708) 5.0e-06 3.1e-06 0 1 1 0 1 0 1 bwd_weight conv2d_host_validation_f16_bwd_CHECK_ISSUE_127_17 (7 of 107)
147456     (145900 1408 148 0) 2478.0 (0.0001351833 -0.0001602173) 0.250000 0.000200 2.2e+00 9.7e-02 (-0.0029029846 -0.0026206970) 2.6e-05 6.0e-06 0 1 1 0 1 0 1 bwd_weight conv2d_host_validation_f16_bwd_CHECK_ISSUE_127_18 (8 of 107)
2097152    (2088922 7528 702 0) 492.0 (-0.0000482798 -0.0000189543) 0.031250 0.000009 6.9e-01 4.6e-02 (0.0013542175 0.0014171600) 4.9e-06 3.4e-06 0 1 1 0 1 0 1 bwd_weight conv2d_host_validation_f16_bwd_CHECK_ISSUE_127_6 (9 of 107)
262144     (260875 1152 117 0) 314.0 (0.0004510880 0.0005259514) 0.062500 0.000020 1.7e-01 3.1e-02 (-0.0010318756 -0.0010643005) 6.3e-06 3.7e-06 0 1 1 0 1 0 1 bwd_weight conv2d_host_validation_f16_bwd_CHECK_ISSUE_127_7 (10 of 107)
147456     (146662 711 83 0) 21.0 (-0.0062637329 -0.0063438416) 0.125000 0.000042 1.8e-02 1.8e-02 (0.0040435791 0.0041160583) 4.9e-06 3.7e-06 0 1 1 0 1 0 1 bwd_weight conv2d_host_validation_f16_bwd_CHECK_ISSUE_127_8 (11 of 107)
147456     (146758 645 53 0) 85.0 (-0.0013208389 -0.0014019012) 0.125000 0.000038 6.1e-02 6.1e-02 (-0.0013208389 -0.0014019012) 5.0e-06 7.0e-08 0 1 1 0 1 0 1 bwd_weight conv2d_host_validation_f16_bwd_CHECK_ISSUE_127_9 (12 of 107)
1024       (1018 6 0 0) 1.0 (5.3554687500 5.3515625000) 0.015625 0.000031 7.3e-04 7.3e-04 (5.3554687500 5.3515625000) 3.6e-06 8.9e-06 0 1 1 0 1 0 1 bwd_weight conv2d_host_validation_f16_bwd_CHECK_ISSUE_70_1 (13 of 107)
65536      (65160 337 39 0) 42.0 (-0.0030364990 -0.0029563904) 0.125000 0.000059 2.6e-02 2.6e-02 (-0.0030364990 -0.0029563904) 5.6e-06 1.0e-07 0 1 1 0 1 0 1 bwd_weight conv2d_host_validation_f16_bwd_CHECK_ISSUE_70_2 (14 of 107)
4096       (4086 9 1 0) 5.0 (0.0007662773 0.0007638931) 0.003906 0.000002 3.1e-03 9.0e-04 (-0.0340576172 -0.0340270996) 2.3e-06 1.0e-06 0 1 1 0 1 0 1 bwd_weight conv2d_host_validation_f16_bwd_CHECK_ISSUE_70_3 (15 of 107)
1024       (1024 0 0 0) 0.0 (0.0000000000 0.0000000000) 0.000000 0.000000 0.0e+00 0.0e+00 (0.0000000000 0.0000000000) 0.0e+00 0.0e+00 0 1 1 0 1 0 1 bwd_weight conv2d_host_validation_f16_bwd_CHECK_ISSUE_71_1 (16 of 107)
1024       (1020 4 0 0) 1.0 (1.0810546875 1.0800781250) 0.003906 0.000010 9.0e-04 9.0e-04 (1.0810546875 1.0800781250) 2.9e-06 1.7e-07 0 1 1 0 1 0 1 bwd_weight conv2d_host_validation_f16_bwd_CHECK_ISSUE_71_2 (17 of 107)
1024       (1017 7 0 0) 1.0 (-0.0309295654 -0.0309143066) 0.003906 0.000010 9.0e-04 9.0e-04 (1.0849609375 1.0839843750) 4.4e-06 3.7e-08 0 1 1 0 1 0 1 bwd_weight conv2d_host_validation_f16_bwd_CHECK_ISSUE_71_3 (18 of 107)
1024       (1021 3 0 0) 1.0 (4.7343750000 4.7382812500) 0.003906 0.000007 8.3e-04 8.3e-04 (4.7343750000 4.7382812500) 2.3e-06 2.0e-06 0 1 1 0 1 0 1 bwd_weight conv2d_host_validation_f16_bwd_CHECK_ISSUE_71_4 (19 of 107)
12845056   (12826159 17287 1610 0) 544.0 (-0.0000097752 0.0000226498) 0.015625 0.000001 3.3e+00 4.3e-02 (0.0010604858 0.0011062622) 2.2e-06 2.0e-06 0 0 0 0 0 1 0 fwd conv2d_host_validation_f16_CHECK_RESNET101_NCHW_CONFIG1_FWD_f16 (20 of 107)
12845056   (12826820 16649 1587 0) 973.0 (-0.0001112819 -0.0001692772) 0.015625 0.000001 1.9e+01 4.5e-02 (0.0012645721 0.0012073517) 3.5e-06 1.9e-06 0 0 0 0 0 1 0 fwd conv2d_host_validation_f16_CHECK_RESNET101_NCHW_CONFIG2_FWD_f16 (21 of 107)
25690112   (25650609 35941 3562 0) 915.0 (0.0000075102 0.0000620484) 0.015625 0.000001 7.3e+00 3.4e-02 (-0.0010242462 -0.0010595322) 2.2e-06 2.0e-06 0 0 0 0 0 1 0 bwd_data conv2d_host_validation_f16_CHECK_RESNET101_NCHW_CONFIG8_BWD_f16 (22 of 107)
102760448  (102677062 76385 7001 0) 700.0 (-0.0000717640 -0.0000300407) 0.007812 0.000000 2.1e+00 4.2e-02 (-0.0010585785 -0.0010137558) 1.1e-06 1.5e-06 0 0 0 0 0 1 0 fwd conv2d_host_validation_f16_CHECK_RESNET101_NCHW_CONFIG8_FWD_f16 (23 of 107)
16384      (16269 106 9 0) 28.0 (-0.0078887939 -0.0077819824) 0.250000 0.000084 1.4e-02 1.4e-02 (-0.0078887939 -0.0077819824) 6.8e-06 2.2e-06 0 0 0 0 0 1 0 bwd_weight conv2d_host_validation_f16_CHECK_RESNET101_NCHW_CONFIG8_WRW_f16 (24 of 107)
12845056   (12826459 17022 1575 0) 885.0 (-0.0000141859 0.0000385642) 0.015625 0.000001 4.1e+00 3.8e-02 (0.0011548996 0.0011987686) 2.4e-06 2.0e-06 0 0 0 0 0 1 0 fwd conv2d_host_validation_f16_CHECK_RESNET101_NHWC_CONFIG1_FWD_f16 (25 of 107)
12845056   (12827213 16262 1581 0) 897.0 (-0.0000632405 -0.0001167059) 0.015625 0.000001 2.0e+00 4.1e-02 (0.0010509491 0.0010938644) 2.0e-06 2.0e-06 0 0 0 0 0 1 0 fwd conv2d_host_validation_f16_CHECK_RESNET101_NHWC_CONFIG2_FWD_f16 (26 of 107)
25690112   (25650780 35741 3591 0) 564.0 (0.0000259876 0.0000596046) 0.015625 0.000001 1.3e+00 4.0e-02 (-0.0010366440 -0.0010786057) 2.0e-06 2.2e-06 0 0 0 0 0 1 0 bwd_data conv2d_host_validation_f16_CHECK_RESNET101_NHWC_CONFIG8_BWD_f16 (27 of 107)
102760448  (102676321 77054 7073 0) 715.0 (-0.0000926852 -0.0001353025) 0.007812 0.000000 4.2e+00 3.9e-02 (0.0010004044 0.0010395050) 1.2e-06 7.8e-07 0 0 0 0 0 1 0 fwd conv2d_host_validation_f16_CHECK_RESNET101_NHWC_CONFIG8_FWD_f16 (28 of 107)
16384      (16286 91 7 0) 51.0 (0.0004303455 0.0004425049) 0.125000 0.000070 2.8e-02 5.9e-03 (-0.0155258179 -0.0154342651) 6.4e-06 4.6e-06 0 0 0 0 0 1 0 bwd_weight conv2d_host_validation_f16_CHECK_RESNET101_NHWC_CONFIG8_WRW_f16 (29 of 107)
4194304    (4193946 341 17 0) 52.0 (-0.0006170273 -0.0005922318) 0.000977 0.000000 4.0e-02 1.3e-02 (0.0016260147 0.0016040802) 8.3e-08 5.1e-07 0 1 1 0 1 0 1 fwd conv2d_host_validation_f16_fwd_CHECK_FILTER1_f16 (30 of 107)
4194304    (4193912 372 20 0) 25.0 (-0.0010795593 -0.0010557175) 0.000977 0.000000 7.7e-02 2.2e-02 (-0.0010795593 -0.0010557175) 1.1e-07 5.3e-07 0 1 1 0 1 0 1 fwd conv2d_host_validation_f16_fwd_CHECK_FILTER2_f16 (31 of 107)
16777216   (16773745 3365 106 0) 412.0 (0.0000095367 -0.0000150204) 0.001953 0.000000 2.6e+00 1.3e-02 (0.0032424927 0.0032005310) 3.4e-07 7.0e-07 0 1 1 0 1 0 1 fwd conv2d_host_validation_f16_fwd_CHECK_ISSUE_114_1_f16 (32 of 107)
16777216   (16773745 3365 106 0) 412.0 (0.0000095367 -0.0000150204) 0.001953 0.000000 2.6e+00 1.3e-02 (0.0032424927 0.0032005310) 3.4e-07 7.0e-07 0 1 1 0 1 0 1 fwd conv2d_host_validation_f16_fwd_CHECK_ISSUE_114_2_f16 (33 of 107)
4194304    (4193408 870 26 0) 9.0 (-0.0053787231 -0.0054130554) 0.001953 0.000000 1.0e-01 6.4e-03 (-0.0053787231 -0.0054130554) 1.9e-07 8.5e-07 0 1 1 0 1 0 1 fwd conv2d_host_validation_f16_fwd_CHECK_ISSUE_114_3_f16 (34 of 107)
4194304    (4193408 870 26 0) 9.0 (-0.0053787231 -0.0054130554) 0.001953 0.000000 1.0e-01 6.4e-03 (-0.0053787231 -0.0054130554) 1.9e-07 8.5e-07 0 1 1 0 1 0 1 fwd conv2d_host_validation_f16_fwd_CHECK_ISSUE_114_4_f16 (35 of 107)
16777216   (16773756 3360 100 0) 74.0 (-0.0006651878 -0.0007004738) 0.001953 0.000000 1.0e+00 1.6e-02 (0.0030460358 0.0029964447) 2.8e-07 7.7e-07 0 1 1 0 1 0 1 fwd conv2d_host_validation_f16_fwd_CHECK_ISSUE_114_5_f16 (36 of 107)
16777216   (16773756 3360 100 0) 74.0 (-0.0006651878 -0.0007004738) 0.001953 0.000000 1.0e+00 1.6e-02 (0.0030460358 0.0029964447) 2.8e-07 7.7e-07 0 1 1 0 1 0 1 fwd conv2d_host_validation_f16_fwd_CHECK_ISSUE_114_6_f16 (37 of 107)
4194304    (4193393 884 27 0) 74.0 (-0.0006651878 -0.0007004738) 0.001953 0.000000 1.0e+00 6.6e-03 (-0.0052185059 -0.0052528381) 4.3e-07 7.6e-07 0 1 1 0 1 0 1 fwd conv2d_host_validation_f16_fwd_CHECK_ISSUE_114_7_f16 (38 of 107)
4194304    (4193393 884 27 0) 74.0 (-0.0006651878 -0.0007004738) 0.001953 0.000000 1.0e+00 6.6e-03 (-0.0052185059 -0.0052528381) 4.3e-07 7.6e-07 0 1 1 0 1 0 1 fwd conv2d_host_validation_f16_fwd_CHECK_ISSUE_114_8_f16 (39 of 107)
12845056   (12797791 43054 4211 0) 882.0 (0.0001544952 0.0001019239) 0.031250 0.000008 2.3e+02 5.1e-02 (-0.0011634827 -0.0012226105) 2.4e-05 9.2e-07 0 1 1 0 1 0 1 fwd conv2d_host_validation_f16_fwd_CHECK_ISSUE_127_11_f16 (40 of 107)
12845056   (12798417 42585 4054 0) 943.0 (-0.0000895858 -0.0001457930) 0.031250 0.000007 2.5e+00 4.7e-02 (-0.0010499954 -0.0010004044) 5.0e-06 8.8e-07 0 1 1 0 1 0 1 fwd conv2d_host_validation_f16_fwd_CHECK_ISSUE_127_12_f16 (41 of 107)
12845056   (12802454 38868 3734 0) 768.0 (0.0001181364 0.0001639128) 0.250000 0.000006 3.2e+00 4.2e-02 (-0.0013113022 -0.0012559891) 4.7e-06 8.8e-07 0 1 1 0 1 0 1 fwd conv2d_host_validation_f16_fwd_CHECK_ISSUE_127_13_f16 (42 of 107)
12845056   (12794633 46062 4361 0) 816.0 (0.0000445843 -0.0000040531) 0.031250 0.000008 2.3e+00 5.7e-02 (0.0010986328 0.0011615753) 5.6e-06 9.8e-07 0 1 1 0 1 0 1 fwd conv2d_host_validation_f16_fwd_CHECK_ISSUE_127_14_f16 (43 of 107)
12845056   (12795900 44739 4417 0) 1144.0 (0.0001232624 0.0000550747) 0.125000 0.000008 9.9e+00 4.2e-02 (-0.0013675690 -0.0014247894) 5.8e-06 1.0e-06 0 1 1 0 1 0 1 fwd conv2d_host_validation_f16_fwd_CHECK_ISSUE_127_1_f16 (44 of 107)
6422528    (6391882 27947 2699 0) 1664.0 (-0.0000861883 -0.0001853704) 0.062500 0.000014 2.9e+00 6.6e-02 (0.0010271072 0.0010948181) 6.5e-06 8.3e-07 0 1 1 0 1 0 1 fwd conv2d_host_validation_f16_fwd_CHECK_ISSUE_127_2_f16 (45 of 107)
25690112   (25611528 71714 6870 0) 1308.0 (0.0000131130 0.0000910759) 0.031250 0.000005 1.0e+01 5.3e-02 (0.0010251999 0.0010795593) 5.3e-06 2.9e-06 0 1 1 0 1 0 1 fwd conv2d_host_validation_f16_fwd_CHECK_ISSUE_127_3_f16 (46 of 107)
12845056   (12796320 44483 4253 0) 997.0 (0.0000255704 -0.0000338554) 0.031250 0.000008 5.6e+00 3.9e-02 (-0.0018186569 -0.0017471313) 5.6e-06 3.3e-06 0 1 1 0 1 0 1 fwd conv2d_host_validation_f16_fwd_CHECK_ISSUE_127_4_f16 (47 of 107)
12845056   (12797104 43703 4249 0) 709.0 (-0.0000750422 -0.0001173019) 0.031250 0.000007 3.4e+00 3.9e-02 (-0.0010595322 -0.0010185242) 5.1e-06 3.3e-06 0 1 1 0 1 0 1 fwd conv2d_host_validation_f16_fwd_CHECK_ISSUE_127_5_f16 (48 of 107)
7372800    (7363343 8515 942 0) 609.0 (0.0000317693 0.0000680685) 0.007812 0.000001 1.1e+00 2.9e-02 (-0.0010099411 -0.0010395050) 1.8e-06 2.0e-06 0 1 1 0 1 0 1 fwd conv2d_host_validation_f16_fwd_CHECK_ISSUE_40_1_f16 (49 of 107)
3440640    (3436903 3409 328 0) 239.0 (-0.0001374483 -0.0001659393) 0.007812 0.000001 2.1e-01 2.6e-02 (-0.0012884140 -0.0012550354) 1.3e-06 1.8e-06 0 1 1 0 1 0 1 fwd conv2d_host_validation_f16_fwd_CHECK_ISSUE_40_2_f16 (50 of 107)
6422528    (6410662 10857 1009 0) 365.0 (-0.0000750422 -0.0000967979) 0.015625 0.000002 2.9e-01 3.4e-02 (-0.0011472702 -0.0011863708) 2.0e-06 2.3e-06 0 1 1 0 1 0 1 fwd conv2d_host_validation_f16_fwd_CHECK_ISSUE_40_3_f16 (51 of 107)
14745600   (14727830 16297 1473 0) 761.0 (0.0000255108 -0.0000198483) 0.015625 0.000001 2.7e+00 3.3e-02 (-0.0011653900 -0.0012035370) 1.8e-06 1.9e-06 0 1 1 0 1 0 1 fwd conv2d_host_validation_f16_fwd_CHECK_ISSUE_40_4_f16 (52 of 107)
6881280    (6873960 6666 654 0) 268.0 (0.0000992417 0.0000832677) 0.007812 0.000001 2.6e-01 2.6e-02 (0.0011291504 0.0010995865) 1.3e-06 1.7e-06 0 1 0 0 0 0 1 fwd conv2d_host_validation_f16_fwd_CHECK_ISSUE_40_5_f16 (53 of 107)
1048576    (1047279 1189 108 0) 53.0 (0.0006189346 0.0005936623) 0.007812 0.000001 4.1e-02 2.4e-02 (0.0014953613 0.0015316010) 1.2e-06 2.3e-06 0 1 1 0 1 0 1 fwd conv2d_host_validation_f16_fwd_CHECK_ISSUE_41_10_f16 (54 of 107)
12845056   (12832502 11418 1136 0) 599.0 (0.0000112653 0.0000469685) 0.007812 0.000000 3.2e+00 3.6e-02 (-0.0010137558 -0.0010499954) 1.5e-06 1.6e-06 0 1 1 0 1 0 1 fwd conv2d_host_validation_f16_fwd_CHECK_ISSUE_41_11_f16 (55 of 107)
9437184    (9425721 10521 942 0) 441.0 (-0.0000272989 -0.0000535846) 0.007812 0.000001 5.0e+00 4.8e-02 (-0.0011444092 -0.0011987686) 2.2e-06 1.8e-06 0 1 1 0 1 0 1 fwd conv2d_host_validation_f16_fwd_CHECK_ISSUE_41_12_f16 (56 of 107)
921600     (920393 1083 124 0) 418.0 (-0.0000636578 -0.0000885725) 0.007812 0.000000 3.9e-01 2.9e-02 (-0.0010099411 -0.0010395050) 2.1e-06 2.1e-06 0 1 1 0 1 0 1 fwd conv2d_host_validation_f16_fwd_CHECK_ISSUE_41_2_f16 (57 of 107)
1605632    (1603618 1825 189 0) 520.0 (0.0000280142 -0.0000029802) 0.003906 0.000001 1.1e+00 3.3e-02 (0.0010328293 0.0009984970) 2.1e-06 2.2e-06 0 1 1 0 1 0 1 fwd conv2d_host_validation_f16_fwd_CHECK_ISSUE_41_3_f16 (58 of 107)
200704     (200445 233 26 0) 37.0 (-0.0013980865 -0.0014333725) 0.003906 0.000001 2.5e-02 2.5e-02 (-0.0013980865 -0.0014333725) 1.3e-06 2.3e-06 0 1 1 0 1 0 1 fwd conv2d_host_validation_f16_fwd_CHECK_ISSUE_41_4_f16 (59 of 107)
1605632    (1603926 1563 143 0) 126.0 (-0.0000771284 -0.0000846386) 0.007812 0.000001 2.0e-01 1.5e-02 (0.0019168854 0.0019464493) 1.2e-06 1.9e-06 0 1 1 0 1 0 1 fwd conv2d_host_validation_f16_fwd_CHECK_ISSUE_41_5_f16 (60 of 107)
802816     (801801 926 89 0) 76.0 (-0.0007047653 -0.0007410049) 0.003906 0.000001 5.1e-02 3.3e-02 (0.0010328293 0.0009984970) 1.3e-06 2.3e-06 0 1 1 0 1 0 1 fwd conv2d_host_validation_f16_fwd_CHECK_ISSUE_41_6_f16 (61 of 107)
4194304    (4190374 3559 371 0) 205.0 (0.0001019835 0.0001142025) 0.007812 0.000000 3.0e+00 1.7e-02 (-0.0019702911 -0.0020046234) 1.7e-06 1.7e-06 0 1 1 0 1 0 1 fwd conv2d_host_validation_f16_fwd_CHECK_ISSUE_41_7_f16 (62 of 107)
3211264    (3207629 3338 297 0) 145.0 (0.0003249645 0.0003595352) 0.007812 0.000001 1.1e-01 2.6e-02 (0.0011940002 0.0011634827) 1.2e-06 1.9e-06 0 1 1 0 1 0 1 fwd conv2d_host_validation_f16_fwd_CHECK_ISSUE_41_8_f16 (63 of 107)
2359296    (2357009 2096 191 0) 77.0 (-0.0004916191 -0.0005283356) 0.007812 0.000000 7.5e-02 2.5e-02 (0.0015525818 0.0015907288) 1.0e-06 1.8e-06 0 1 1 0 1 0 1 fwd conv2d_host_validation_f16_fwd_CHECK_ISSUE_41_9_f16 (64 of 107)
25690112   (25621965 62191 5956 0) 858.0 (0.0000752211 0.0000240803) 0.031250 0.000004 3.2e+00 4.5e-02 (-0.0010719299 -0.0011205673) 3.7e-06 2.8e-06 0 1 1 0 1 0 1 fwd conv2d_host_validation_f16_fwd_CHECK_KCYX_NCHW_NKHW1_f16 (65 of 107)
3686400    (3681332 4516 552 0) 411.0 (0.0001252890 0.0001007915) 0.003906 0.000000 5.9e-01 3.1e-02 (-0.0011529922 -0.0011882782) 1.8e-06 2.2e-06 0 1 1 0 1 0 1 fwd conv2d_host_validation_f16_fwd_CHECK_KCYX_NCHW_NKHW2_f16 (66 of 107)
409600     (408967 561 72 0) 193.0 (-0.0002446175 -0.0002906322) 0.003906 0.000000 1.9e-01 1.6e-02 (-0.0010623932 -0.0010452271) 2.7e-06 2.4e-06 0 1 1 0 1 0 1 fwd conv2d_host_validation_f16_fwd_CHECK_KCYX_NCHW_NKHW3_f16 (67 of 107)
147456     (147236 185 35 0) 61.0 (0.0004119873 0.0004265308) 0.001953 0.000000 6.5e-02 2.0e-02 (-0.0011034012 -0.0011253357) 2.7e-06 2.2e-06 0 1 1 0 1 0 1 fwd conv2d_host_validation_f16_fwd_CHECK_KCYX_NCHW_NKHW4_f16 (68 of 107)
102400     (102199 176 25 0) 193.0 (-0.0002446175 -0.0002906322) 0.001953 0.000001 1.9e-01 1.6e-02 (-0.0010623932 -0.0010452271) 3.8e-06 2.8e-06 0 1 1 0 1 0 1 fwd conv2d_host_validation_f16_fwd_CHECK_KCYX_NCHW_NKHW5_f16 (69 of 107)
15745024   (15729896 13643 1485 0) 570.0 (-0.0001019239 -0.0000679493) 0.003906 0.000000 7.2e+00 4.5e-02 (0.0012626648 0.0012054443) 1.8e-06 1.6e-06 0 1 1 0 1 0 1 fwd conv2d_host_validation_f16_fwd_CHECK_KCYX_NCHW_NKHW6_f16 (70 of 107)
13778944   (13764611 13086 1247 0) 503.0 (-0.0000789762 -0.0000489950) 0.007812 0.000001 1.1e+01 4.9e-02 (0.0010557175 0.0010042191) 2.0e-06 1.7e-06 0 1 1 0 1 0 1 fwd conv2d_host_validation_f16_fwd_CHECK_KCYX_NCHW_NKHW7_f16 (71 of 107)
25690112   (25621205 62923 5984 0) 896.0 (-0.0000211000 -0.0000745058) 0.031250 0.000004 1.2e+01 7.7e-02 (0.0010471344 0.0011281967) 4.2e-06 4.3e-07 0 1 1 0 1 0 1 fwd conv2d_host_validation_f16_fwd_CHECK_KYXC_NHWC_NHWK1_f16 (72 of 107)
3686400    (3681397 4456 547 0) 622.0 (-0.0000944138 -0.0001314878) 0.003906 0.000000 3.9e-01 2.7e-02 (0.0010585785 0.0010299683) 2.0e-06 2.2e-06 0 1 1 0 1 0 1 fwd conv2d_host_validation_f16_fwd_CHECK_KYXC_NHWC_NHWK2_f16 (73 of 107)
409600     (409066 475 59 0) 76.0 (0.0004825592 0.0005006790) 0.003906 0.000000 3.8e-02 1.3e-02 (0.0025844574 0.0025501251) 1.3e-06 2.1e-06 0 1 1 0 1 0 1 fwd conv2d_host_validation_f16_fwd_CHECK_KYXC_NHWC_NHWK3_f16 (74 of 107)
147456     (147268 171 17 0) 42.0 (-0.0006184578 -0.0006384850) 0.000977 0.000000 3.2e-02 8.0e-03 (0.0033321381 0.0033054352) 1.5e-06 1.5e-06 0 1 1 0 1 0 1 fwd conv2d_host_validation_f16_fwd_CHECK_KYXC_NHWC_NHWK4_f16 (75 of 107)
102400     (102282 100 18 0) 9.0 (0.0060768127 0.0060424805) 0.003906 0.000000 7.2e-03 5.6e-03 (0.0060768127 0.0060424805) 1.2e-06 2.3e-06 0 1 1 0 1 0 1 fwd conv2d_host_validation_f16_fwd_CHECK_KYXC_NHWC_NHWK5_f16 (76 of 107)
15745024   (15730001 13518 1505 0) 435.0 (-0.0000551343 -0.0000292063) 0.003906 0.000000 2.2e+00 3.4e-02 (-0.0010805130 -0.0010442734) 1.5e-06 1.6e-06 0 1 1 0 1 0 1 fwd conv2d_host_validation_f16_fwd_CHECK_KYXC_NHWC_NHWK6_f16 (77 of 107)
13778944   (13763942 13702 1300 0) 327.0 (-0.0002230406 -0.0001840591) 0.007812 0.000001 1.1e+00 3.3e-02 (-0.0010452271 -0.0010108948) 1.4e-06 1.6e-06 0 1 1 0 1 0 1 fwd conv2d_host_validation_f16_fwd_CHECK_KYXC_NHWC_NHWK7_f16 (78 of 107)
802816     (801827 873 116 0) 301.0 (-0.0001455545 -0.0001814365) 0.003906 0.000000 2.5e-01 2.2e-02 (-0.0012149811 -0.0012416840) 1.9e-06 1.9e-06 0 1 1 0 1 0 1 fwd conv2d_host_validation_f16_fwd_CHECK_PADDING1_f16 (79 of 107)
802816     (801705 981 130 0) 252.0 (0.0001461506 0.0001761913) 0.003906 0.000000 2.1e-01 1.2e-02 (-0.0027256012 -0.0027580261) 1.9e-06 2.0e-06 0 1 1 0 1 0 1 fwd conv2d_host_validation_f16_fwd_CHECK_PADDING2_f16 (80 of 107)
2048       (2046 2 0 0) 1.0 (0.0282135010 0.0282287598) 0.000015 0.000000 5.6e-04 5.4e-04 (0.0282135010 0.0282287598) 5.4e-07 5.7e-08 0 1 1 0 1 0 1 fwd conv2d_host_validation_f16_fwd_CHECK_PADDING3_f16 (81 of 107)
205520896  (205354263 152719 13914 0) 700.0 (-0.0000717640 -0.0000300407) 0.007812 0.000000 9.6e+00 4.1e-02 (-0.0012683868 -0.0012168884) 1.2e-06 1.4e-06 0 1 0 0 1 0 1 fwd conv2d_host_validation_f32_fwd_GROUP_NCHW_f16 (82 of 107)
51380224   (51310363 62621 7240 0) 615.0 (0.0000413060 0.0000046492) 0.007812 0.000000 9.6e+00 4.2e-02 (-0.0010585785 -0.0010137558) 2.1e-06 1.9e-06 1 0 0 0 0 1 0 fwd conv2d_host_validation_random_CHECK_KCYX_NCHW_NKHW_5_f16 (83 of 107)
51380224   (51310363 62621 7240 0) 615.0 (0.0000413060 0.0000046492) 0.007812 0.000000 9.6e+00 4.2e-02 (-0.0010585785 -0.0010137558) 2.1e-06 1.9e-06 1 0 0 0 0 1 0 fwd conv2d_host_validation_random_CHECK_KCYX_NCHW_NKHW_6_f16 (84 of 107)
47775744   (47667527 98668 9549 0) 812.0 (-0.0000873804 -0.0000389814) 0.015625 0.000002 2.0e+01 4.6e-02 (-0.0011730194 -0.0012264252) 3.5e-06 2.6e-06 1 0 0 0 0 1 0 fwd conv2d_host_validation_random_CHECK_KCYX_NCHW_NKHW_7_f16 (85 of 107)
51380224   (51265003 105025 10196 0) 812.0 (-0.0000873804 -0.0000389814) 0.015625 0.000002 2.0e+01 4.6e-02 (-0.0011730194 -0.0012264252) 3.4e-06 2.6e-06 1 0 0 0 0 1 0 fwd conv2d_host_validation_random_CHECK_KCYX_NCHW_NKHW_8_f16 (86 of 107)
16777216   (16773745 3365 106 0) 412.0 (0.0000095367 -0.0000150204) 0.001953 0.000000 2.6e+00 1.3e-02 (0.0032424927 0.0032005310) 3.4e-07 7.0e-07 1 0 0 0 0 1 0 fwd conv2d_host_validation_random_CHECK_KYXC_NHWC_NHWK_4_f16 (87 of 107)
16777216   (16773745 3365 106 0) 412.0 (0.0000095367 -0.0000150204) 0.001953 0.000000 2.6e+00 1.3e-02 (0.0032424927 0.0032005310) 3.4e-07 7.0e-07 1 0 0 0 0 1 0 fwd conv2d_host_validation_random_CHECK_KYXC_NHWC_NHWK_5_f16 (88 of 107)
25690112   (25621965 62191 5956 0) 858.0 (0.0000752211 0.0000240803) 0.031250 0.000004 3.2e+00 4.5e-02 (-0.0010719299 -0.0011205673) 3.7e-06 2.8e-06 1 0 1 0 0 1 0 fwd conv2d_host_validation_random_CHECK_RAND_FLOAT_2_f16 (89 of 107)
205520896  (205354135 152937 13824 0) 713.0 (-0.0000295639 0.0000129342) 0.007812 0.000000 5.2e+01 4.2e-02 (-0.0011301041 -0.0010824203) 1.4e-06 7.7e-07 1 0 0 0 0 1 0 fwd conv2d_host_validation_random_GROUP_NHWC_f16 (90 of 107)
30720      (30698 22 0 0) 1.0 (0.0072898865 0.0072937012) 0.003906 0.000000 8.0e-04 8.0e-04 (4.8984375000 4.9023437500) 4.4e-07 1.5e-06 0 1 0 0 1 0 1 fwd padding_kernel_all_fwd_CHECK_RESNET50_CONFIG2_f16 (91 of 107)
30720      (30694 19 7 0) 432.0 (0.0001363754 0.0001106262) 0.001953 0.000000 1.9e-01 9.0e-04 (0.5419921875 0.5424804688) 1.1e-05 1.1e-06 0 1 0 0 1 0 1 fwd padding_kernel_all_fwd_CHECK_RESNET50_CONFIG4_f16 (92 of 107)
882        (880 2 0 0) 1.0 (-19.7031250000 -19.6875000000) 0.015625 0.000019 9.6e-04 9.6e-04 (-1.0195312500 -1.0185546875) 2.0e-06 6.4e-06 0 1 0 0 1 0 1 bwd_weight padding_kernel_all_wrw_CHECK_RESNET50_CONFIG2_f16 (93 of 107)
882        (880 1 1 0) 3.0 (0.0180358887 0.0180816650) 0.001953 0.000002 2.5e-03 2.5e-03 (0.0180358887 0.0180816650) 3.5e-06 8.4e-07 0 1 0 0 1 0 1 bwd_weight padding_kernel_all_wrw_CHECK_RESNET50_CONFIG4_f16 (94 of 107)
205520896  (205235692 258866 26338 0) 850.0 (0.0000350475 0.0000857115) 0.007812 0.000001 8.4e+01 5.5e-02 (0.0010147095 0.0010700226) 2.9e-06 1.9e-06 0 1 1 0 1 0 1 fwd padding_kernel_gemmK_CHECK_RESNET50_F16_CONFIG1 (95 of 107)
205520896  (205234465 259913 26518 0) 965.0 (0.0001042485 0.0001617670) 0.015625 0.000001 3.3e+01 4.5e-02 (0.0010013580 0.0010461807) 2.3e-06 1.9e-06 0 1 1 0 1 0 1 fwd padding_kernel_gemmK_CHECK_RESNET50_F16_CONFIG2 (96 of 107)
205520896  (205234228 260060 26608 0) 790.0 (-0.0000591874 -0.0000120997) 0.007812 0.000001 6.5e+00 5.0e-02 (-0.0011157990 -0.0010595322) 2.0e-06 1.8e-06 0 1 1 0 1 0 1 fwd padding_kernel_gemmK_CHECK_RESNET50_F16_CONFIG4 (97 of 107)
9408       (9141 236 31 0) 63.0 (0.0249176025 0.0258789062) 0.500000 0.001737 3.9e-02 3.9e-02 (0.0249176025 0.0258789062) 3.1e-05 1.4e-05 0 1 1 0 1 0 1 bwd_weight padding_kernel_gemmN_CHECK_RESNET50_CONFIG2 (98 of 107)
9408       (9145 231 32 0) 84.0 (-0.0434570312 -0.0408935547) 0.500000 0.001644 5.9e-02 5.9e-02 (-0.0434570312 -0.0408935547) 4.2e-05 1.4e-05 0 1 1 0 1 0 1 bwd_weight padding_kernel_gemmN_CHECK_RESNET50_CONFIG4 (99 of 107)
6422528    (6403602 17224 1702 0) 466.0 (-0.0000280738 -0.0000002980) 0.031250 0.000004 1.3e+00 4.1e-02 (-0.0012216568 -0.0011711121) 3.7e-06 2.9e-06 0 0 0 0 1 0 1 fwd Resnet50_validation_nchw_CHECK_NCHW_1_f16 (100 of 107)
25690112   (25663316 24565 2231 0) 906.0 (-0.0000075698 0.0000464320) 0.007812 0.000001 1.6e+01 2.9e-02 (-0.0018329620 -0.0018863678) 2.4e-06 1.6e-06 0 0 0 0 1 0 1 fwd Resnet50_validation_nchw_CHECK_NCHW_2_f16 (101 of 107)
147456     (146757 643 56 0) 77.0 (-0.0013208389 -0.0013942719) 0.125000 0.000037 5.6e-02 5.6e-02 (-0.0013208389 -0.0013942719) 5.0e-06 6.7e-08 0 0 0 0 1 0 1 bwd_weight Resnet50_validation_nchw_CHECK_NCHW_3_f16 (102 of 107)
65536      (65195 300 41 0) 19.0 (-0.0076484680 -0.0077209473) 0.125000 0.000045 1.3e-02 1.3e-02 (-0.0044403076 -0.0043830872) 4.9e-06 3.5e-06 0 0 0 0 1 0 1 bwd_weight Resnet50_validation_nchw_CHECK_NCHW_4_f16 (103 of 107)
6422528    (6404290 16661 1577 0) 571.0 (-0.0000249743 0.0000090599) 0.031250 0.000004 3.3e+00 5.6e-02 (-0.0013294220 -0.0014038086) 4.4e-06 1.1e-06 0 0 0 0 1 0 1 fwd Resnet50_validation_nhwc_CHECK_NHWC_1_f16 (104 of 107)
25690112   (25663400 24423 2289 0) 846.0 (-0.0001412630 -0.0000908375) 0.007812 0.000001 9.0e+00 5.4e-02 (-0.0010528564 -0.0009956360) 1.9e-06 6.7e-07 0 0 0 0 1 0 1 fwd Resnet50_validation_nhwc_CHECK_NHWC_2_f16 (105 of 107)
147456     (146703 686 67 0) 46.0 (-0.0001633167 -0.0001578331) 0.125000 0.000043 3.4e-02 1.9e-02 (0.0019664764 0.0019283295) 4.8e-06 7.4e-08 0 0 0 0 1 0 1 bwd_weight Resnet50_validation_nhwc_CHECK_NHWC_3_f16 (106 of 107)
65536      (65205 296 35 0) 54.0 (0.0016994476 0.0017509460) 0.125000 0.000047 3.0e-02 3.0e-02 (0.0016994476 0.0017509460) 5.4e-06 4.4e-06 0 0 0 0 1 0 1 bwd_weight Resnet50_validation_nhwc_CHECK_NHWC_4_f16 (107 of 107)
